// Export filename: 'C:/Program Files/Activision/Call of Duty 4 - Modern Warfare/model_export/base_character/base_character.XMODEL_EXPORT'
// Source filename: 'C:/Program Files/Activision/Call of Duty 4 - Modern Warfare/bin/maya/rigs/character/COD_DefMesh.mb'
// Export time: Mon Jan 07 15:55:16 2008
MODEL
VERSION 6

NUMBONES 126
BONE 0 -1 "TAG_ORIGIN"
BONE 1 0 "J_MainRoot"
BONE 2 0 "TAG_SYNC"
BONE 3 1 "J_CoatFront_LE"
BONE 4 1 "J_CoatFront_RI"
BONE 5 1 "J_CoatRear_LE"
BONE 6 1 "J_CoatRear_RI"
BONE 7 1 "J_Hip_LE"
BONE 8 1 "J_Hip_RI"
BONE 9 1 "J_SpineLower"
BONE 10 1 "TAG_STOWED_HIP_REAR"
BONE 11 7 "J_HipTwist_LE"
BONE 12 8 "J_HipTwist_RI"
BONE 13 7 "J_Knee_LE"
BONE 14 8 "J_Knee_RI"
BONE 15 7 "J_Shorts_LE"
BONE 16 7 "J_Shorts_Lift_LE"
BONE 17 8 "J_Shorts_Lift_RI"
BONE 18 8 "J_Shorts_RI"
BONE 19 9 "J_SpineUpper"
BONE 20 13 "J_Ankle_LE"
BONE 21 14 "J_Ankle_RI"
BONE 22 13 "J_Knee_Bulge_LE"
BONE 23 14 "J_Knee_Bulge_RI"
BONE 24 13 "J_KneeBuldgeLow_LE"
BONE 25 14 "J_KneeBuldgeLow_RI"
BONE 26 13 "J_KneeBuldgeUp_LE"
BONE 27 14 "J_KneeBuldgeUp_RI"
BONE 28 19 "J_Spine4"
BONE 29 11 "TAG_STOWED_HIP_LE"
BONE 30 20 "J_Ball_LE"
BONE 31 21 "J_Ball_RI"
BONE 32 28 "J_Clavicle_LE"
BONE 33 28 "J_Clavicle_RI"
BONE 34 28 "J_Collar"
BONE 35 28 "J_Collar_Front"
BONE 36 28 "J_Collar_LE"
BONE 37 28 "J_Collar_Rear"
BONE 38 28 "J_Collar_RI"
BONE 39 28 "J_Neck"
BONE 40 28 "J_ShoulderRaise_LE"
BONE 41 28 "J_ShoulderRaise_RI"
BONE 42 28 "joint1"
BONE 43 28 "joint2"
BONE 44 28 "TAG_BIPOD"
BONE 45 28 "TAG_INHAND"
BONE 46 28 "TAG_STOWED_BACK"
BONE 47 28 "TAG_WEAPON_CHEST"
BONE 48 39 "J_Head"
BONE 49 32 "J_Shoulder_LE"
BONE 50 33 "J_Shoulder_RI"
BONE 51 30 "J_ToeEND_LE"
BONE 52 31 "J_ToeEND_RI"
BONE 53 48 "J_Brow_LE"
BONE 54 48 "J_Brow_RI"
BONE 55 48 "J_Cheek_LE"
BONE 56 48 "J_Cheek_RI"
BONE 57 49 "J_Elbow_Bulge_LE"
BONE 58 50 "J_Elbow_Bulge_RI"
BONE 59 49 "J_Elbow_LE"
BONE 60 50 "J_Elbow_RI"
BONE 61 48 "J_Eye_Lid_Bot_LE"
BONE 62 48 "J_Eye_Lid_Bot_RI"
BONE 63 48 "J_Eye_Lid_Top_LE"
BONE 64 48 "J_Eye_Lid_Top_RI"
BONE 65 48 "J_EyeBall_LE"
BONE 66 48 "J_EyeBall_RI"
BONE 67 48 "J_GasMask_Front"
BONE 68 48 "J_GasMask_LE"
BONE 69 48 "J_GasMask_RI"
BONE 70 48 "J_Head_END"
BONE 71 48 "J_Jaw"
BONE 72 48 "J_Levator_LE"
BONE 73 48 "J_Levator_RI"
BONE 74 48 "J_Lip_Top_LE"
BONE 75 48 "J_Lip_Top_RI"
BONE 76 48 "J_Mouth_LE"
BONE 77 48 "J_Mouth_RI"
BONE 78 48 "J_NVG"
BONE 79 49 "J_ShoulderTwist_LE"
BONE 80 50 "J_ShoulderTwist_RI"
BONE 81 48 "TAG_EYE"
BONE 82 71 "J_Chin_SkinRoll"
BONE 83 70 "J_Helmet"
BONE 84 71 "J_Lip_Bot_LE"
BONE 85 71 "J_Lip_Bot_RI"
BONE 86 78 "J_NVG_END"
BONE 87 59 "J_Wrist_LE"
BONE 88 60 "J_Wrist_RI"
BONE 89 59 "J_WristTwist_LE"
BONE 90 60 "J_WristTwist_RI"
BONE 91 79 "TAG_REFLECTOR_ARM_LE"
BONE 92 80 "TAG_REFLECTOR_ARM_RI"
BONE 93 88 "J_Gun"
BONE 94 87 "J_Index_LE_1"
BONE 95 88 "J_Index_RI_1"
BONE 96 87 "J_Mid_LE_1"
BONE 97 88 "J_Mid_RI_1"
BONE 98 87 "J_Pinky_LE_1"
BONE 99 88 "J_Pinky_RI_1"
BONE 100 87 "J_Ring_LE_1"
BONE 101 88 "J_Ring_RI_1"
BONE 102 87 "J_Thumb_LE_1"
BONE 103 88 "J_Thumb_RI_1"
BONE 104 87 "TAG_WEAPON_LEFT"
BONE 105 88 "TAG_WEAPON_RIGHT"
BONE 106 94 "J_Index_LE_2"
BONE 107 95 "J_Index_RI_2"
BONE 108 96 "J_Mid_LE_2"
BONE 109 97 "J_Mid_RI_2"
BONE 110 98 "J_Pinky_LE_2"
BONE 111 99 "J_Pinky_RI_2"
BONE 112 100 "J_Ring_LE_2"
BONE 113 101 "J_Ring_RI_2"
BONE 114 102 "J_Thumb_LE_2"
BONE 115 103 "J_Thumb_RI_2"
BONE 116 106 "J_Index_LE_3"
BONE 117 107 "J_Index_RI_3"
BONE 118 108 "J_Mid_LE_3"
BONE 119 109 "J_Mid_RI_3"
BONE 120 110 "J_Pinky_LE_3"
BONE 121 111 "J_Pinky_RI_3"
BONE 122 112 "J_Ring_LE_3"
BONE 123 113 "J_Ring_RI_3"
BONE 124 114 "J_Thumb_LE_3"
BONE 125 115 "J_Thumb_RI_3"

BONE 0
OFFSET 0.000002, -2.222280, 0.000042
SCALE 1.000000, 1.000000, 1.000000
X -0.000000, -1.000000, -0.000001
Y 1.000000, -0.000000, 0.000000
Z -0.000000, -0.000001, 1.000000

BONE 1
OFFSET 0.000000, 1.218488, 37.227966
SCALE 1.000000, 1.000000, 1.000000
X 0.000001, 0.024844, 0.999691
Y -0.000000, -0.999691, 0.024844
Z 1.000000, -0.000000, -0.000001

BONE 2
OFFSET 0.000002, -2.220000, 0.000042
SCALE 1.000000, 1.000000, 1.000000
X 0.000000, 1.000000, -0.000001
Y -1.000000, 0.000000, 0.000000
Z 0.000000, 0.000001, 1.000000

BONE 3
OFFSET 4.800301, -3.857339, 39.525108
SCALE 1.000000, 1.000000, 1.000000
X -0.000000, 0.072542, -0.997365
Y 0.002652, -0.997362, -0.072541
Z -0.999996, -0.002645, -0.000192

BONE 4
OFFSET -4.180998, -3.857339, 39.525066
SCALE 1.000000, 1.000000, 1.000000
X 0.000000, -0.072542, 0.997365
Y 0.002652, 0.997362, 0.072541
Z -0.999996, 0.002645, 0.000192

BONE 5
OFFSET 4.800301, 4.943824, 40.769588
SCALE 1.000000, 1.000000, 1.000000
X -0.000000, 0.072542, -0.997365
Y 0.002652, -0.997362, -0.072541
Z -0.999996, -0.002645, -0.000192

BONE 6
OFFSET -4.180998, 4.943824, 40.769547
SCALE 1.000000, 1.000000, 1.000000
X 0.000000, -0.072542, 0.997365
Y 0.002652, 0.997362, 0.072541
Z -0.999996, 0.002645, 0.000192

BONE 7
OFFSET 4.866636, 1.218493, 37.227966
SCALE 1.000000, 1.000000, 1.000000
X -0.008941, 0.033732, -0.999391
Y -0.004868, -0.999421, -0.033689
Z -0.999948, 0.004564, 0.009100

BONE 8
OFFSET -4.866653, 1.218492, 37.227951
SCALE 1.000000, 1.000000, 1.000000
X -0.008941, -0.033732, 0.999391
Y -0.004868, 0.999421, 0.033689
Z -0.999948, -0.004564, -0.009100

BONE 9
OFFSET 0.000002, 1.148655, 42.431473
SCALE 1.000000, 1.000000, 1.000000
X 0.000000, 0.029885, 0.999553
Y -0.000000, -0.999553, 0.029885
Z 1.000000, -0.000000, -0.000000

BONE 10
OFFSET -4.400561, 6.159410, 39.124432
SCALE 1.000000, 1.000000, 1.000000
X -0.414693, 0.902532, 0.116040
Y -0.907156, -0.420045, 0.025100
Z 0.071395, -0.094858, 0.992927

BONE 11
OFFSET 4.838475, 1.324736, 34.080276
SCALE 1.000000, 1.000000, 1.000000
X -0.008941, 0.033732, -0.999391
Y -0.004868, -0.999421, -0.033689
Z -0.999948, 0.004564, 0.009100

BONE 12
OFFSET -4.838493, 1.324735, 34.080265
SCALE 1.000000, 1.000000, 1.000000
X -0.008941, -0.033732, 0.999391
Y -0.004868, 0.999421, 0.033689
Z -0.999948, -0.004564, -0.009100

BONE 13
OFFSET 4.710052, 1.809233, 19.725899
SCALE 1.000000, 1.000000, 1.000000
X -0.008210, 0.167075, -0.985910
Y -0.006020, -0.985934, -0.167029
Z -0.999948, 0.004564, 0.009100

BONE 14
OFFSET -4.710039, 1.809232, 19.725906
SCALE 1.000000, 1.000000, 1.000000
X -0.008210, -0.167075, 0.985910
Y -0.006020, 0.985934, 0.167029
Z -0.999948, -0.004564, -0.009100

BONE 15
OFFSET 4.775918, 1.555129, 27.011858
SCALE 1.000000, 1.000000, 1.000000
X -0.008935, -0.033732, 0.999391
Y -0.004868, 0.999421, 0.033689
Z -0.999948, -0.004564, -0.009094

BONE 16
OFFSET 4.757929, 5.669790, 22.592222
SCALE 1.000000, 1.000000, 1.000000
X -0.008941, -0.033732, 0.999391
Y -0.004868, 0.999421, 0.033689
Z -0.999948, -0.004564, -0.009100

BONE 17
OFFSET -4.792710, 5.669729, 22.592289
SCALE 1.000000, 1.000000, 1.000000
X -0.008941, -0.033732, 0.999391
Y -0.004868, 0.999421, 0.033689
Z -0.999948, -0.004564, -0.009100

BONE 18
OFFSET -4.774720, 1.555129, 27.011858
SCALE 1.000000, 1.000000, 1.000000
X -0.008941, -0.033732, 0.999391
Y -0.004868, 0.999421, 0.033689
Z -0.999948, -0.004564, -0.009100

BONE 19
OFFSET 0.000003, 1.131230, 47.651257
SCALE 1.000000, 1.000000, 1.000000
X -0.000000, -0.020400, 0.999792
Y -0.000000, -0.999792, -0.020400
Z 1.000000, -0.000000, -0.000000

BONE 20
OFFSET 4.585545, 4.343039, 4.773947
SCALE 1.000000, 1.000000, 1.000000
X -0.000000, -0.008727, -0.999962
Y 0.016568, -0.999825, 0.008726
Z -0.999863, -0.016567, 0.000145

BONE 21
OFFSET -4.585551, 4.343031, 4.773937
SCALE 1.000000, 1.000000, 1.000000
X -0.000000, 0.008727, 0.999962
Y 0.016568, 0.999825, -0.008726
Z -0.999863, 0.016567, -0.000145

BONE 22
OFFSET 4.701852, -0.069551, 19.767147
SCALE 1.000000, 1.000000, 1.000000
X 0.000000, 0.029885, 0.999553
Y -0.000000, -0.999553, 0.029885
Z 1.000000, -0.000000, -0.000000

BONE 23
OFFSET -4.690283, -0.069032, 19.763584
SCALE 1.000000, 1.000000, 1.000000
X 0.000000, -0.029885, -0.999553
Y -0.000000, 0.999553, -0.029885
Z 1.000000, 0.000000, 0.000000

BONE 24
OFFSET 4.674915, -0.468515, 17.007326
SCALE 1.000000, 1.000000, 1.000000
X -0.008210, 0.167075, -0.985910
Y -0.006020, -0.985934, -0.167029
Z -0.999948, 0.004564, 0.009100

BONE 25
OFFSET -4.674902, -0.468516, 17.007334
SCALE 1.000000, 1.000000, 1.000000
X -0.008210, 0.167075, -0.985910
Y -0.006020, -0.985934, -0.167029
Z -0.999948, 0.004564, 0.009100

BONE 26
OFFSET 4.719030, -1.255419, 22.249353
SCALE 1.000000, 1.000000, 1.000000
X -0.008210, 0.167075, -0.985910
Y -0.006020, -0.985934, -0.167029
Z -0.999948, 0.004564, 0.009100

BONE 27
OFFSET -4.719018, -1.255420, 22.249361
SCALE 1.000000, 1.000000, 1.000000
X -0.008210, 0.167075, -0.985910
Y -0.006020, -0.985934, -0.167029
Z -0.999948, 0.004564, 0.009100

BONE 28
OFFSET 0.000003, 1.067723, 51.757832
SCALE 1.000000, 1.000000, 1.000000
X -0.000000, -0.047081, 0.998891
Y -0.000000, -0.998891, -0.047081
Z 1.000000, -0.000000, 0.000000

BONE 29
OFFSET 9.141304, 2.022537, 20.479689
SCALE 1.000000, 1.000000, 1.000000
X -0.001333, -0.025242, -0.999680
Y -0.997358, 0.072636, -0.000504
Z 0.072626, 0.997039, -0.025272

BONE 30
OFFSET 4.747778, -1.236665, 0.327431
SCALE 1.000000, 1.000000, 1.000000
X 0.016317, -0.983120, 0.182235
Y -0.002877, 0.182212, 0.983255
Z -0.999863, -0.016568, 0.000145

BONE 31
OFFSET -4.747795, -1.236665, 0.327431
SCALE 1.000000, 1.000000, 1.000000
X 0.016317, 0.983120, -0.182235
Y -0.002879, -0.182212, -0.983255
Z -0.999863, 0.016568, -0.000143

BONE 32
OFFSET 1.355830, 1.015794, 56.399803
SCALE 1.000000, 1.000000, 1.000000
X 0.997183, -0.019402, 0.072459
Y 0.018076, 0.999658, 0.018911
Z -0.072801, -0.017548, 0.997192

BONE 33
OFFSET -1.355903, 1.015648, 56.399899
SCALE 1.000000, 1.000000, 1.000000
X 0.997186, 0.019401, -0.072407
Y 0.018075, -0.999658, -0.018920
Z -0.072749, 0.017558, -0.997196

BONE 34
OFFSET 0.000001, 3.805717, 62.023476
SCALE 1.000000, 1.000000, 1.000000
X 1.000000, 0.000000, 0.000000
Y 0.000000, 1.000000, 0.000000
Z 0.000000, 0.000000, 1.000000

BONE 35
OFFSET 0.000000, -3.307276, 60.551605
SCALE 1.000000, 1.000000, 1.000000
X -1.000000, 0.000000, -0.000000
Y -0.000000, -0.998891, -0.047081
Z -0.000000, -0.047081, 0.998891

BONE 36
OFFSET 2.671282, -0.273506, 61.407982
SCALE 1.000000, 1.000000, 1.000000
X -1.000000, 0.000000, -0.000000
Y -0.000000, -0.998891, -0.047081
Z -0.000000, -0.047081, 0.998891

BONE 37
OFFSET 0.000001, 2.848234, 62.179817
SCALE 1.000000, 1.000000, 1.000000
X -1.000000, 0.000000, -0.000000
Y -0.000000, -0.998891, -0.047081
Z -0.000000, -0.047081, 0.998891

BONE 38
OFFSET -2.671280, -0.273507, 61.407940
SCALE 1.000000, 1.000000, 1.000000
X -1.000000, 0.000000, -0.000000
Y 0.000000, 0.998891, 0.047081
Z 0.000000, 0.047081, -0.998891

BONE 39
OFFSET 0.000000, 0.504256, 60.542095
SCALE 1.000000, 1.000000, 1.000000
X 0.000000, -0.309774, 0.950810
Y -0.000001, -0.950810, -0.309774
Z 1.000000, -0.000001, -0.000000

BONE 40
OFFSET 4.025236, 0.920854, 58.859055
SCALE 1.000000, 1.000000, 1.000000
X -0.997186, 0.019402, -0.072416
Y -0.018077, -0.999658, -0.018911
Z -0.072758, -0.017548, 0.997195

BONE 41
OFFSET -4.025214, 0.920854, 58.859196
SCALE 1.000000, 1.000000, 1.000000
X -0.997186, -0.019402, 0.072416
Y -0.018077, 0.999658, 0.018911
Z -0.072758, 0.017548, -0.997195

BONE 42
OFFSET 3.937008, 0.490082, 51.968502
SCALE 1.000000, 1.000000, 1.000000
X 1.000000, 0.000000, 0.000000
Y 0.000000, 1.000000, 0.000000
Z 0.000000, 0.000000, 1.000000

BONE 43
OFFSET -3.937000, 0.490085, 51.968456
SCALE 1.000000, 1.000000, 1.000000
X 1.000000, 0.000000, 0.000000
Y 0.000000, -1.000000, 0.000000
Z 0.000000, -0.000000, -1.000000

BONE 44
OFFSET -28.519995, -18.424177, 31.373526
SCALE 1.000000, 1.000000, 1.000000
X 0.000000, -1.000000, 0.000000
Y 1.000000, 0.000000, 0.000000
Z 0.000000, 0.000000, 1.000000

BONE 45
OFFSET -28.520136, -12.712922, 38.934380
SCALE 1.000000, 1.000000, 1.000000
X 1.000000, 0.000000, 0.000000
Y 0.000000, -0.764280, -0.644884
Z 0.000000, 0.644884, -0.764280

BONE 46
OFFSET -3.775172, 8.839887, 50.031521
SCALE 1.000000, 1.000000, 1.000000
X 0.083350, 0.104318, -0.991045
Y -0.176866, 0.980265, 0.088308
Z 0.980699, 0.167921, 0.100156

BONE 47
OFFSET -28.520136, -12.712922, 38.934380
SCALE 1.000000, 1.000000, 1.000000
X -0.000000, -1.000000, 0.000000
Y 1.000000, -0.000000, 0.000000
Z 0.000000, 0.000000, 1.000000

BONE 48
OFFSET 0.000000, -0.306596, 63.520977
SCALE 1.000000, 1.000000, 1.000000
X 0.000000, -0.216437, 0.976297
Y -0.000001, -0.976297, -0.216437
Z 1.000000, -0.000001, -0.000000

BONE 49
OFFSET 7.725938, 0.891849, 56.862682
SCALE 1.000000, 1.000000, 1.000000
X 0.663005, -0.260588, -0.701797
Y 0.273791, 0.956920, -0.096662
Z 0.696752, -0.128058, 0.705789

BONE 50
OFFSET -7.726029, 0.891714, 56.862442
SCALE 1.000000, 1.000000, 1.000000
X 0.662999, 0.260580, 0.701805
Y 0.273788, -0.956921, 0.096655
Z 0.696758, 0.128063, -0.705782

BONE 51
OFFSET 4.814845, -5.277542, 1.076464
SCALE 1.000000, 1.000000, 1.000000
X 0.016317, -0.983120, 0.182235
Y -0.002877, 0.182212, 0.983255
Z -0.999863, -0.016568, 0.000145

BONE 52
OFFSET -4.814843, -5.277559, 1.076465
SCALE 1.000000, 1.000000, 1.000000
X 0.016317, 0.983120, -0.182235
Y -0.002880, -0.182212, -0.983255
Z -0.999863, 0.016569, -0.000141

BONE 53
OFFSET 1.378117, -5.368997, 66.861259
SCALE 1.000000, 1.000000, 1.000000
X 1.000000, 0.000000, 0.000000
Y 0.000000, 1.000000, 0.000000
Z 0.000000, 0.000000, 1.000000

BONE 54
OFFSET -1.378118, -5.368982, 66.861328
SCALE 1.000000, 1.000000, 1.000000
X 1.000000, 0.000000, 0.000000
Y 0.000000, -1.000000, 0.000000
Z 0.000000, -0.000000, -1.000000

BONE 55
OFFSET 1.499637, -4.798416, 65.159256
SCALE 1.000000, 1.000000, 1.000000
X 1.000000, 0.000000, 0.000000
Y 0.000000, 1.000000, 0.000000
Z 0.000000, 0.000000, 1.000000

BONE 56
OFFSET -1.499716, -4.798422, 65.159164
SCALE 1.000000, 1.000000, 1.000000
X 1.000000, 0.000000, 0.000000
Y 0.000000, -1.000000, 0.000000
Z 0.000000, -0.000000, -1.000000

BONE 57
OFFSET 15.847000, -1.630825, 48.641865
SCALE 1.000000, 1.000000, 1.000000
X 0.294637, -0.846008, -0.444364
Y 0.654007, 0.517563, -0.551727
Z 0.696752, -0.128058, 0.705789

BONE 58
OFFSET -15.847037, -1.630937, 48.641567
SCALE 1.000000, 1.000000, 1.000000
X 0.294635, 0.846004, 0.444374
Y 0.654002, -0.517569, 0.551728
Z 0.696758, 0.128063, -0.705782

BONE 59
OFFSET 15.744248, -1.804257, 48.711834
SCALE 1.000000, 1.000000, 1.000000
X 0.294637, -0.846008, -0.444364
Y 0.654007, 0.517563, -0.551727
Z 0.696752, -0.128058, 0.705789

BONE 60
OFFSET -15.744274, -1.804298, 48.711559
SCALE 1.000000, 1.000000, 1.000000
X 0.294635, 0.846004, 0.444374
Y 0.654002, -0.517569, 0.551728
Z 0.696758, 0.128063, -0.705782

BONE 61
OFFSET 1.323606, -3.952568, 66.223656
SCALE 1.000000, 1.000000, 1.000000
X 0.997040, 0.064689, 0.041560
Y -0.064874, 0.997889, 0.003132
Z -0.041269, -0.005819, 0.999131

BONE 62
OFFSET -1.323606, -3.952569, 66.223770
SCALE 1.000000, 1.000000, 1.000000
X 0.997040, -0.064689, -0.041560
Y -0.064874, -0.997889, -0.003132
Z -0.041269, 0.005819, -0.999131

BONE 63
OFFSET 1.322469, -3.956970, 66.306702
SCALE 1.000000, 1.000000, 1.000000
X 0.997040, 0.064689, 0.041560
Y -0.064874, 0.997889, 0.003132
Z -0.041269, -0.005819, 0.999131

BONE 64
OFFSET -1.322468, -3.956969, 66.306847
SCALE 1.000000, 1.000000, 1.000000
X 0.997040, -0.064689, -0.041560
Y -0.064874, -0.997889, -0.003132
Z -0.041269, 0.005819, -0.999131

BONE 65
OFFSET 1.220684, -3.966851, 66.251007
SCALE 1.000000, 1.000000, 1.000000
X 0.978148, 0.207912, 0.000000
Y -0.207912, 0.978148, 0.000000
Z 0.000000, 0.000000, 1.000000

BONE 66
OFFSET -1.220677, -3.966762, 66.250481
SCALE 1.000000, 1.000000, 1.000000
X 0.978148, -0.207912, 0.000000
Y -0.207912, -0.978148, 0.000000
Z -0.000000, -0.000000, -1.000000

BONE 67
OFFSET 0.000000, -4.684714, 66.470299
SCALE 1.000000, 1.000000, 1.000000
X 1.000000, 0.000000, 0.000000
Y 0.000000, 1.000000, 0.000000
Z 0.000000, 0.000000, 1.000000

BONE 68
OFFSET 2.602350, -1.045049, 63.169590
SCALE 1.000000, 1.000000, 1.000000
X 1.000000, 0.000000, 0.000000
Y 0.000000, -1.000000, 0.000000
Z 0.000000, -0.000000, -1.000000

BONE 69
OFFSET -2.602352, -1.045037, 63.169559
SCALE 1.000000, 1.000000, 1.000000
X 1.000000, 0.000000, 0.000000
Y 0.000000, 1.000000, 0.000000
Z 0.000000, 0.000000, 1.000000

BONE 70
OFFSET -0.000537, -1.399439, 69.807854
SCALE 1.000000, 1.000000, 1.000000
X 0.000000, -0.216437, 0.976297
Y -0.000001, -0.976297, -0.216437
Z 1.000000, -0.000001, -0.000000

BONE 71
OFFSET -0.000004, -1.436554, 63.812054
SCALE 1.000000, 1.000000, 1.000000
X 1.000000, 0.000000, 0.000000
Y 0.000000, 1.000000, 0.000000
Z 0.000000, 0.000000, 1.000000

BONE 72
OFFSET 0.522652, -5.390450, 65.031487
SCALE 1.000000, 1.000000, 1.000000
X 1.000000, 0.000000, 0.000000
Y 0.000000, 1.000000, 0.000000
Z 0.000000, 0.000000, 1.000000

BONE 73
OFFSET -0.443934, -5.390494, 65.031624
SCALE 1.000000, 1.000000, 1.000000
X 1.000000, 0.000000, 0.000000
Y 0.000000, -1.000000, -0.000000
Z 0.000000, 0.000000, -1.000000

BONE 74
OFFSET 0.457120, -5.549748, 63.463142
SCALE 1.000000, 1.000000, 1.000000
X 1.000000, 0.000000, 0.000000
Y 0.000000, 1.000000, 0.000000
Z 0.000000, 0.000000, 1.000000

BONE 75
OFFSET -0.457122, -5.549753, 63.462948
SCALE 1.000000, 1.000000, 1.000000
X 1.000000, 0.000000, 0.000000
Y 0.000000, -1.000000, 0.000000
Z 0.000000, -0.000000, -1.000000

BONE 76
OFFSET 1.034324, -5.047363, 63.263584
SCALE 1.000000, 1.000000, 1.000000
X 1.000000, 0.000000, 0.000000
Y 0.000000, 1.000000, 0.000000
Z 0.000000, 0.000000, 1.000000

BONE 77
OFFSET -1.034321, -5.047375, 63.263409
SCALE 1.000000, 1.000000, 1.000000
X 1.000000, 0.000000, 0.000000
Y 0.000000, -1.000000, 0.000000
Z 0.000000, -0.000000, -1.000000

BONE 78
OFFSET -0.000537, -6.627549, 68.597816
SCALE 1.000000, 1.000000, 1.000000
X -0.000000, -0.976297, -0.216437
Y -0.000000, 0.216437, -0.976297
Z 1.000000, -0.000000, -0.000000

BONE 79
OFFSET 8.032680, 0.771287, 56.537991
SCALE 1.000000, 1.000000, 1.000000
X 0.663005, -0.260588, -0.701797
Y 0.273791, 0.956920, -0.096662
Z 0.696752, -0.128058, 0.705789

BONE 80
OFFSET -8.002131, 0.783197, 56.570179
SCALE 1.000000, 1.000000, 1.000000
X 0.662999, 0.260580, 0.701805
Y 0.273788, -0.956921, 0.096655
Z 0.696758, 0.128063, -0.705782

BONE 81
OFFSET -0.000003, -4.333891, 66.322533
SCALE 1.000000, 1.000000, 1.000000
X 0.000000, -0.939692, 0.342023
Y 1.000000, -0.000000, -0.000001
Z 0.000001, 0.342023, 0.939692

BONE 82
OFFSET -0.000004, -4.706913, 61.662975
SCALE 1.000000, 1.000000, 1.000000
X 1.000000, 0.000000, 0.000000
Y 0.000000, 1.000000, 0.000000
Z 0.000000, 0.000000, 1.000000

BONE 83
OFFSET -0.000533, -0.362045, 71.243202
SCALE 1.000000, 1.000000, 1.000000
X 0.000001, -0.999048, 0.043622
Y 1.000000, 0.000001, -0.000003
Z 0.000003, 0.043622, 0.999048

BONE 84
OFFSET 0.468697, -5.448452, 63.227463
SCALE 1.000000, 1.000000, 1.000000
X 1.000000, 0.000000, 0.000000
Y 0.000000, 1.000000, 0.000000
Z 0.000000, 0.000000, 1.000000

BONE 85
OFFSET -0.468697, -5.448448, 63.227360
SCALE 1.000000, 1.000000, 1.000000
X 1.000000, 0.000000, 0.000000
Y 0.000000, -1.000000, 0.000000
Z 0.000000, -0.000000, -1.000000

BONE 86
OFFSET -0.000537, -5.808305, 70.617027
SCALE 1.000000, 1.000000, 1.000000
X -0.000000, 0.216437, -0.976297
Y 0.000000, 0.976297, 0.216437
Z 1.000000, -0.000000, -0.000000

BONE 87
OFFSET 18.586216, -10.419991, 44.089035
SCALE 1.000000, 1.000000, 1.000000
X 0.298827, -0.782224, -0.546651
Y -0.792532, 0.115673, -0.598759
Z 0.531597, 0.612164, -0.585371

BONE 88
OFFSET -18.586235, -10.420011, 44.088718
SCALE 1.000000, 1.000000, 1.000000
X 0.298824, 0.782219, 0.546661
Y -0.792537, -0.115677, 0.598752
Z 0.531591, -0.612171, 0.585370

BONE 89
OFFSET 17.753963, -7.897583, 45.442307
SCALE 1.000000, 1.000000, 1.000000
X 0.294637, -0.846008, -0.444364
Y 0.654007, 0.517563, -0.551727
Z 0.696752, -0.128058, 0.705789

BONE 90
OFFSET -17.754221, -7.897605, 45.442154
SCALE 1.000000, 1.000000, 1.000000
X 0.294635, 0.846004, 0.444374
Y 0.654002, -0.517569, 0.551728
Z 0.696758, 0.128063, -0.705782

BONE 91
OFFSET 9.958120, -0.051499, 57.536938
SCALE 1.000000, 1.000000, 1.000000
X 0.424493, -0.154145, 0.892214
Y 0.050088, 0.987891, 0.146844
Z -0.904045, -0.017645, 0.427073

BONE 92
OFFSET -9.927447, -0.039688, 57.568970
SCALE 1.000000, 1.000000, 1.000000
X -0.493228, -0.091382, 0.865087
Y -0.012683, -0.993606, -0.112188
Z 0.869808, -0.066306, 0.488915

BONE 93
OFFSET -28.520023, -12.712697, 38.934025
SCALE 1.000000, 1.000000, 1.000000
X -0.000002, -1.000000, -0.000009
Y 1.000000, -0.000002, 0.000008
Z -0.000008, -0.000009, 1.000000

BONE 94
OFFSET 18.943419, -14.119981, 43.296013
SCALE 1.000000, 1.000000, 1.000000
X 0.252372, -0.921980, -0.293703
Y -0.670111, 0.052433, -0.740407
Z 0.698040, 0.383671, -0.604596

BONE 95
OFFSET -18.943441, -14.120003, 43.295769
SCALE 1.000000, 1.000000, 1.000000
X 0.252372, 0.921977, 0.293714
Y -0.670117, -0.052439, 0.740401
Z 0.698034, -0.383679, 0.604598

BONE 96
OFFSET 19.641991, -13.609539, 42.701622
SCALE 1.000000, 1.000000, 1.000000
X 0.066676, -0.793898, -0.604384
Y -0.837131, 0.285089, -0.466836
Z 0.542924, 0.537075, -0.645588

BONE 97
OFFSET -19.641979, -13.609523, 42.701279
SCALE 1.000000, 1.000000, 1.000000
X 0.066673, 0.793892, 0.604392
Y -0.837135, -0.285092, 0.466827
Z 0.542917, -0.537082, 0.645587

BONE 98
OFFSET 20.410465, -12.161435, 41.479580
SCALE 1.000000, 1.000000, 1.000000
X -0.099502, -0.722206, -0.684483
Y -0.847956, 0.421480, -0.321443
Z 0.520644, 0.548427, -0.654337

BONE 99
OFFSET -20.410469, -12.161439, 41.479237
SCALE 1.000000, 1.000000, 1.000000
X -0.099506, 0.722200, 0.684489
Y -0.847960, -0.421481, 0.321432
Z 0.520637, -0.548435, 0.654336

BONE 100
OFFSET 20.114435, -12.877874, 42.061359
SCALE 1.000000, 1.000000, 1.000000
X -0.006153, -0.739036, -0.673638
Y -0.878925, 0.325280, -0.348831
Z 0.476920, 0.589931, -0.651559

BONE 101
OFFSET -20.114412, -12.877863, 42.061123
SCALE 1.000000, 1.000000, 1.000000
X -0.006157, 0.739030, 0.673645
Y -0.878929, -0.325281, 0.348821
Z 0.476913, -0.589938, 0.651557

BONE 102
OFFSET 18.473320, -11.542684, 44.177166
SCALE 1.000000, 1.000000, 1.000000
X -0.766464, -0.594188, -0.243871
Y 0.525112, -0.361068, -0.770641
Z 0.369852, -0.718728, 0.588761

BONE 103
OFFSET -18.473326, -11.542689, 44.176899
SCALE 1.000000, 1.000000, 1.000000
X -0.766465, 0.594188, 0.243870
Y 0.525106, 0.361059, 0.770649
Z 0.369859, 0.718733, -0.588751

BONE 104
OFFSET -28.520056, -12.712775, 38.934483
SCALE 1.000000, 1.000000, 1.000000
X 0.000000, -1.000000, 0.000000
Y 1.000000, 0.000000, 0.000000
Z 0.000000, 0.000000, 1.000000

BONE 105
OFFSET -28.520023, -12.712697, 38.934025
SCALE 1.000000, 1.000000, 1.000000
X -0.000002, -1.000000, -0.000009
Y 0.998880, -0.000002, -0.047321
Z 0.047321, -0.000009, 0.998880

BONE 106
OFFSET 19.334724, -15.549521, 42.840626
SCALE 1.000000, 1.000000, 1.000000
X -0.305669, -0.603884, -0.736132
Y -0.647539, 0.698656, -0.304258
Z 0.698040, 0.383672, -0.604596

BONE 107
OFFSET -19.334740, -15.549525, 42.840240
SCALE 1.000000, 1.000000, 1.000000
X -0.305674, 0.603878, 0.736135
Y -0.647543, -0.698657, 0.304247
Z 0.698034, -0.383679, 0.604598

BONE 108
OFFSET 19.765711, -15.082642, 41.580170
SCALE 1.000000, 1.000000, 1.000000
X -0.742615, -0.051907, -0.667704
Y -0.392118, 0.841936, 0.370658
Z 0.542924, 0.537075, -0.645588

BONE 109
OFFSET -19.765713, -15.082623, 41.579609
SCALE 1.000000, 1.000000, 1.000000
X -0.742620, 0.051903, 0.667698
Y -0.392117, -0.841932, -0.370669
Z 0.542918, -0.537082, 0.645588

BONE 110
OFFSET 20.291185, -13.027181, 40.659054
SCALE 1.000000, 1.000000, 1.000000
X -0.734281, -0.103406, -0.670923
Y -0.435615, 0.829780, 0.348862
Z 0.520644, 0.548427, -0.654337

BONE 111
OFFSET -20.291172, -13.027180, 40.658760
SCALE 1.000000, 1.000000, 1.000000
X -0.734287, 0.103402, 0.670918
Y -0.435614, -0.829776, -0.348873
Z 0.520638, -0.548434, 0.654337

BONE 112
OFFSET 20.104084, -14.121078, 40.928165
SCALE 1.000000, 1.000000, 1.000000
X -0.750659, -0.112245, -0.651086
Y -0.457230, 0.799613, 0.389306
Z 0.476919, 0.589932, -0.651558

BONE 113
OFFSET -20.104092, -14.121080, 40.927647
SCALE 1.000000, 1.000000, 1.000000
X -0.750664, 0.112241, 0.651080
Y -0.457229, -0.799609, -0.389317
Z 0.476912, -0.589939, 0.651557

BONE 114
OFFSET 16.629267, -12.972254, 43.590431
SCALE 1.000000, 1.000000, 1.000000
X -0.513943, -0.686180, -0.514801
Y 0.773998, -0.112190, -0.623170
Z 0.369851, -0.718728, 0.588761

BONE 115
OFFSET -16.629269, -12.972255, 43.589893
SCALE 1.000000, 1.000000, 1.000000
X -0.513946, 0.686176, 0.514803
Y 0.773993, 0.112182, 0.623177
Z 0.369858, 0.718733, -0.588751

BONE 116
OFFSET 19.037630, -16.136465, 42.125145
SCALE 1.000000, 1.000000, 1.000000
X -0.554197, -0.245199, -0.795452
Y -0.453439, 0.890322, 0.041472
Z 0.698039, 0.383672, -0.604596

BONE 117
OFFSET -19.037649, -16.136448, 42.124882
SCALE 1.000000, 1.000000, 1.000000
X -0.554203, 0.245193, 0.795449
Y -0.453441, -0.890320, -0.041484
Z 0.698033, -0.383680, 0.604599

BONE 118
OFFSET 18.947681, -15.139820, 40.844662
SCALE 1.000000, 1.000000, 1.000000
X -0.836716, 0.280325, -0.470451
Y -0.071693, 0.795593, 0.601574
Z 0.542924, 0.537075, -0.645588

BONE 119
OFFSET -18.947676, -15.139823, 40.844185
SCALE 1.000000, 1.000000, 1.000000
X -0.836721, -0.280327, 0.470441
Y -0.071690, -0.795587, -0.601582
Z 0.542917, -0.537082, 0.645588

BONE 120
OFFSET 19.784126, -13.098587, 40.195744
SCALE 1.000000, 1.000000, 1.000000
X -0.853757, 0.339265, -0.394967
Y 0.005383, 0.764282, 0.644859
Z 0.520644, 0.548427, -0.654337

BONE 121
OFFSET -19.784122, -13.098555, 40.195335
SCALE 1.000000, 1.000000, 1.000000
X -0.853761, -0.339267, 0.394957
Y 0.005387, -0.764276, -0.644866
Z 0.520638, -0.548434, 0.654337

BONE 122
OFFSET 19.396257, -14.226916, 40.314236
SCALE 1.000000, 1.000000, 1.000000
X -0.861547, 0.166994, -0.479426
Y -0.174022, 0.789996, 0.587897
Z 0.476920, 0.589931, -0.651558

BONE 123
OFFSET -19.396252, -14.226903, 40.313873
SCALE 1.000000, 1.000000, 1.000000
X -0.861552, -0.166996, 0.479417
Y -0.174019, -0.789990, -0.587905
Z 0.476913, -0.589939, 0.651557

BONE 124
OFFSET 16.015341, -13.791925, 42.975479
SCALE 1.000000, 1.000000, 1.000000
X -0.178370, -0.676836, -0.714197
Y 0.911808, 0.159130, -0.378528
Z 0.369851, -0.718729, 0.588761

BONE 125
OFFSET -16.015327, -13.791936, 42.974930
SCALE 1.000000, 1.000000, 1.000000
X -0.178374, 0.676830, 0.714202
Y 0.911805, -0.159134, 0.378534
Z 0.369857, 0.718733, -0.588751

NUMVERTS 3389
VERT 0
OFFSET -18.925039, -7.016575, 44.545670
BONES 1
BONE 90 1.000000

VERT 1
OFFSET -17.794016, -7.328740, 44.259056
BONES 1
BONE 90 1.000000

VERT 2
OFFSET -16.969408, -7.996929, 44.675591
BONES 1
BONE 90 1.000000

VERT 3
OFFSET -17.583071, -9.403189, 44.056297
BONES 2
BONE 90 0.808909
BONE 88 0.191091

VERT 4
OFFSET -19.456259, -8.830472, 44.013386
BONES 2
BONE 90 0.746933
BONE 88 0.253067

VERT 5
OFFSET -18.306732, -8.969015, 43.675983
BONES 2
BONE 90 0.712957
BONE 88 0.287043

VERT 6
OFFSET -16.557638, -13.541968, 42.838974
BONES 2
BONE 115 0.531594
BONE 125 0.468406

VERT 7
OFFSET -16.945000, -13.105355, 43.244095
BONES 2
BONE 103 0.581729
BONE 115 0.418271

VERT 8
OFFSET -16.860708, -13.329213, 43.966145
BONES 2
BONE 103 0.593705
BONE 115 0.406295

VERT 9
OFFSET -16.369371, -13.937205, 43.352360
BONES 2
BONE 115 0.657749
BONE 125 0.342251

VERT 10
OFFSET -16.427715, -13.771182, 42.633465
BONES 1
BONE 125 1.000000

VERT 11
OFFSET -16.484331, -13.610630, 42.775196
BONES 2
BONE 115 0.278202
BONE 125 0.721798

VERT 12
OFFSET -16.384134, -14.140197, 43.157482
BONES 2
BONE 115 0.201597
BONE 125 0.798403

VERT 13
OFFSET -17.623661, -13.480669, 44.007481
BONES 2
BONE 88 0.484324
BONE 103 0.515676

VERT 14
OFFSET -17.545591, -13.288268, 43.446850
BONES 2
BONE 88 0.564164
BONE 103 0.435836

VERT 15
OFFSET -18.333937, -13.976968, 43.858269
BONES 1
BONE 88 1.000000

VERT 16
OFFSET -18.312166, -13.337481, 43.266930
BONES 2
BONE 88 0.584587
BONE 103 0.415413

VERT 17
OFFSET -17.764723, -12.684488, 43.265354
BONES 2
BONE 88 0.020674
BONE 103 0.979326

VERT 18
OFFSET -17.273228, -12.413740, 43.184647
BONES 2
BONE 88 0.020674
BONE 103 0.979326

VERT 19
OFFSET -16.432205, -12.622912, 43.149212
BONES 3
BONE 103 0.657893
BONE 115 0.232664
BONE 125 0.109443

VERT 20
OFFSET -16.693701, -12.187638, 43.322441
BONES 1
BONE 103 1.000000

VERT 21
OFFSET -18.560314, -14.076811, 43.059055
BONES 3
BONE 88 0.743120
BONE 95 0.192556
BONE 107 0.064324

VERT 22
OFFSET -18.843111, -13.809527, 42.754330
BONES 1
BONE 88 1.000000

VERT 23
OFFSET -18.833818, -12.933188, 42.868896
BONES 1
BONE 88 1.000000

VERT 24
OFFSET -19.089016, -13.613504, 42.558662
BONES 3
BONE 88 0.743120
BONE 97 0.211359
BONE 109 0.045521

VERT 25
OFFSET -19.521496, -13.254764, 42.340942
BONES 1
BONE 88 1.000000

VERT 26
OFFSET -19.573740, -12.865984, 41.918503
BONES 2
BONE 88 0.947478
BONE 113 0.052522

VERT 27
OFFSET -19.240511, -12.249528, 42.169292
BONES 1
BONE 88 1.000000

VERT 28
OFFSET -19.726023, -12.445945, 41.700394
BONES 1
BONE 88 1.000000

VERT 29
OFFSET -19.789410, -11.749843, 41.518505
BONES 1
BONE 88 1.000000

VERT 30
OFFSET -20.465904, -11.684173, 41.468506
BONES 1
BONE 88 1.000000

VERT 31
OFFSET -20.065315, -12.363268, 41.444881
BONES 1
BONE 99 1.000000

VERT 32
OFFSET -18.772676, -9.615827, 43.053936
BONES 2
BONE 90 0.367180
BONE 88 0.632820

VERT 33
OFFSET -18.323818, -9.825708, 43.242519
BONES 2
BONE 90 0.397688
BONE 88 0.602312

VERT 34
OFFSET -19.339094, -10.658347, 42.029526
BONES 1
BONE 88 1.000000

VERT 35
OFFSET -18.644960, -11.051575, 42.407478
BONES 1
BONE 88 1.000000

VERT 36
OFFSET -18.212914, -11.353308, 43.296062
BONES 2
BONE 88 0.904332
BONE 103 0.095668

VERT 37
OFFSET -19.777086, -10.141024, 42.642124
BONES 1
BONE 88 1.000000

VERT 38
OFFSET -19.306536, -9.623032, 43.320473
BONES 2
BONE 90 0.371128
BONE 88 0.628872

VERT 39
OFFSET -17.785275, -10.528662, 43.566929
BONES 3
BONE 90 0.290201
BONE 88 0.653799
BONE 103 0.056000

VERT 40
OFFSET -17.716457, -10.180472, 43.714962
BONES 2
BONE 90 0.561644
BONE 88 0.438356

VERT 41
OFFSET -17.882874, -11.465630, 43.243698
BONES 2
BONE 88 0.248649
BONE 103 0.751351

VERT 42
OFFSET -20.197598, -10.805866, 42.015747
BONES 1
BONE 88 1.000000

VERT 43
OFFSET -17.350235, -10.462008, 44.241734
BONES 2
BONE 90 0.762233
BONE 88 0.237767

VERT 44
OFFSET -15.864017, -13.420197, 42.454723
BONES 2
BONE 115 0.191088
BONE 125 0.808912

VERT 45
OFFSET -15.869883, -13.258386, 42.732677
BONES 2
BONE 115 0.583627
BONE 125 0.416373

VERT 46
OFFSET -20.549448, -12.107008, 41.338188
BONES 1
BONE 99 1.000000

VERT 47
OFFSET -20.603346, -12.663504, 40.662205
BONES 2
BONE 99 0.377052
BONE 111 0.622948

VERT 48
OFFSET -20.112875, -12.670117, 41.003544
BONES 2
BONE 99 0.404660
BONE 111 0.595340

VERT 49
OFFSET -19.691025, -12.837835, 40.474014
BONES 2
BONE 111 0.271820
BONE 121 0.728180

VERT 50
OFFSET -20.133976, -12.817717, 40.201576
BONES 2
BONE 111 0.385765
BONE 121 0.614235

VERT 51
OFFSET -19.361692, -13.108701, 39.607479
BONES 1
BONE 121 1.000000

VERT 52
OFFSET -19.264843, -13.005393, 40.053150
BONES 1
BONE 121 1.000000

VERT 53
OFFSET -19.192795, -13.333858, 39.618900
BONES 1
BONE 121 1.000000

VERT 54
OFFSET -19.145866, -13.105118, 39.880314
BONES 1
BONE 121 1.000000

VERT 55
OFFSET -19.793032, -13.374961, 40.644882
BONES 2
BONE 111 0.342902
BONE 121 0.657098

VERT 56
OFFSET -20.236456, -13.272362, 41.163776
BONES 2
BONE 99 0.223746
BONE 111 0.776254

VERT 57
OFFSET -20.060825, -12.738070, 40.915356
BONES 2
BONE 99 0.204660
BONE 111 0.795340

VERT 58
OFFSET -19.793663, -12.815434, 40.587402
BONES 2
BONE 111 0.471820
BONE 121 0.528180

VERT 59
OFFSET -19.128033, -13.437125, 39.990948
BONES 1
BONE 121 1.000000

VERT 60
OFFSET -20.271418, -12.858858, 41.723228
BONES 1
BONE 88 1.000000

VERT 61
OFFSET -19.858976, -13.766615, 41.199608
BONES 2
BONE 101 0.474809
BONE 113 0.525191

VERT 62
OFFSET -20.534172, -13.822284, 40.926773
BONES 2
BONE 101 0.192812
BONE 113 0.807187

VERT 63
OFFSET -19.785315, -13.835944, 41.057480
BONES 2
BONE 101 0.274809
BONE 113 0.725191

VERT 64
OFFSET -19.403425, -13.942402, 40.538582
BONES 2
BONE 113 0.267129
BONE 123 0.732871

VERT 65
OFFSET -19.875866, -14.040276, 40.079136
BONES 2
BONE 113 0.411944
BONE 123 0.588056

VERT 66
OFFSET -19.042244, -13.692362, 39.611809
BONES 1
BONE 123 1.000000

VERT 67
OFFSET -18.955236, -13.732638, 40.261024
BONES 1
BONE 123 1.000000

VERT 68
OFFSET -18.755039, -13.752835, 39.988976
BONES 1
BONE 123 1.000000

VERT 69
OFFSET -19.352245, -14.571417, 40.554333
BONES 2
BONE 113 0.375906
BONE 123 0.624094

VERT 70
OFFSET -19.991772, -14.438898, 41.406693
BONES 2
BONE 101 0.545143
BONE 113 0.454857

VERT 71
OFFSET -19.495983, -13.933268, 40.653152
BONES 2
BONE 113 0.467129
BONE 123 0.532871

VERT 72
OFFSET -18.552992, -14.198288, 40.026379
BONES 1
BONE 123 1.000000

VERT 73
OFFSET -20.013897, -13.679881, 42.306301
BONES 1
BONE 88 1.000000

VERT 74
OFFSET -18.652678, -13.924803, 39.673622
BONES 1
BONE 123 1.000000

VERT 75
OFFSET -20.081339, -14.853070, 41.364960
BONES 2
BONE 97 0.440050
BONE 109 0.559950

VERT 76
OFFSET -19.451418, -14.757992, 41.724014
BONES 2
BONE 97 0.400000
BONE 109 0.600000

VERT 77
OFFSET -19.228424, -14.013504, 42.376377
BONES 1
BONE 97 1.000000

VERT 78
OFFSET -19.027559, -15.035787, 40.869686
BONES 2
BONE 109 0.153700
BONE 119 0.846300

VERT 79
OFFSET -19.522993, -15.247873, 40.459843
BONES 2
BONE 109 0.308216
BONE 119 0.691784

VERT 80
OFFSET -18.641928, -15.028740, 39.833858
BONES 1
BONE 119 1.000000

VERT 81
OFFSET -18.518938, -14.857205, 40.373623
BONES 1
BONE 119 1.000000

VERT 82
OFFSET -18.314842, -14.942205, 40.118111
BONES 1
BONE 119 1.000000

VERT 83
OFFSET -18.861732, -15.655000, 41.051178
BONES 2
BONE 109 0.372653
BONE 119 0.627347

VERT 84
OFFSET -19.327520, -15.352165, 41.960236
BONES 1
BONE 109 1.000000

VERT 85
OFFSET -19.410393, -14.880472, 41.551575
BONES 2
BONE 97 0.329260
BONE 109 0.670740

VERT 86
OFFSET -19.123268, -15.026378, 40.995670
BONES 2
BONE 109 0.353700
BONE 119 0.646300

VERT 87
OFFSET -18.153229, -15.271064, 40.360630
BONES 1
BONE 119 1.000000

VERT 88
OFFSET -19.366261, -14.251417, 42.976772
BONES 1
BONE 88 1.000000

VERT 89
OFFSET -18.246655, -15.120512, 39.956692
BONES 1
BONE 119 1.000000

VERT 90
OFFSET -19.465670, -15.386417, 42.435432
BONES 2
BONE 95 0.232300
BONE 107 0.767700

VERT 91
OFFSET -18.783386, -15.205629, 42.620472
BONES 2
BONE 95 0.488421
BONE 107 0.511579

VERT 92
OFFSET -18.653189, -14.309369, 43.002754
BONES 1
BONE 95 1.000000

VERT 93
OFFSET -18.659962, -14.676575, 43.641338
BONES 1
BONE 95 1.000000

VERT 94
OFFSET -18.530039, -14.392913, 43.809448
BONES 1
BONE 88 1.000000

VERT 95
OFFSET -17.765039, -15.993897, 41.491734
BONES 1
BONE 117 1.000000

VERT 96
OFFSET -18.379133, -16.248621, 42.333073
BONES 2
BONE 107 0.464490
BONE 117 0.535510

VERT 97
OFFSET -18.460865, -15.712953, 41.990551
BONES 2
BONE 107 0.600000
BONE 117 0.400000

VERT 98
OFFSET -17.986969, -15.645354, 41.478741
BONES 1
BONE 117 1.000000

VERT 99
OFFSET -18.743229, -15.316929, 42.480316
BONES 1
BONE 107 1.000000

VERT 100
OFFSET -19.107481, -15.948818, 41.753937
BONES 2
BONE 107 0.491504
BONE 117 0.508496

VERT 101
OFFSET -18.542088, -15.666102, 42.148426
BONES 1
BONE 107 1.000000

VERT 102
OFFSET -18.725197, -15.762441, 43.018108
BONES 2
BONE 95 0.616000
BONE 107 0.384000

VERT 103
OFFSET -18.217676, -15.684292, 41.092915
BONES 1
BONE 117 1.000000

VERT 104
OFFSET -17.882914, -15.900787, 41.135433
BONES 1
BONE 117 1.000000

VERT 105
OFFSET -19.881811, -13.365314, 41.703152
BONES 1
BONE 101 1.000000

VERT 106
OFFSET -17.248976, -11.206772, 43.866142
BONES 2
BONE 88 0.377174
BONE 103 0.622826

VERT 107
OFFSET -16.031969, -14.377521, 42.188580
BONES 1
BONE 125 1.000000

VERT 108
OFFSET -15.638741, -14.129252, 42.029133
BONES 1
BONE 125 1.000000

VERT 109
OFFSET -15.735276, -14.537481, 42.162994
BONES 1
BONE 125 1.000000

VERT 110
OFFSET -15.974607, -14.565275, 42.568504
BONES 1
BONE 125 1.000000

VERT 111
OFFSET -18.382008, -10.050394, 45.625591
BONES 2
BONE 90 0.926888
BONE 88 0.073112

VERT 112
OFFSET -18.315001, -8.311259, 46.688976
BONES 1
BONE 90 1.000000

VERT 113
OFFSET -16.713387, -8.742599, 45.953545
BONES 1
BONE 90 1.000000

VERT 114
OFFSET -17.286772, -10.157795, 45.154724
BONES 2
BONE 90 0.935535
BONE 88 0.064465

VERT 115
OFFSET -19.178465, -7.376575, 45.762203
BONES 1
BONE 90 1.000000

VERT 116
OFFSET -19.363228, -9.336221, 45.048031
BONES 1
BONE 90 1.000000

VERT 117
OFFSET -15.794370, -14.517440, 42.666931
BONES 1
BONE 125 1.000000

VERT 118
OFFSET -15.533622, -14.554449, 42.281891
BONES 1
BONE 125 1.000000

VERT 119
OFFSET -15.920669, -14.067796, 43.147636
BONES 2
BONE 115 0.185520
BONE 125 0.814480

VERT 120
OFFSET -15.505315, -14.142165, 42.202755
BONES 1
BONE 125 1.000000

VERT 121
OFFSET -15.653386, -13.615709, 42.776379
BONES 2
BONE 115 0.145249
BONE 125 0.854751

VERT 122
OFFSET -17.765236, -10.882756, 45.210236
BONES 3
BONE 90 0.332202
BONE 88 0.169489
BONE 103 0.498309

VERT 123
OFFSET -17.475630, -12.282284, 44.879528
BONES 2
BONE 88 0.060911
BONE 103 0.939089

VERT 124
OFFSET -18.313465, -12.132795, 44.829918
BONES 2
BONE 88 0.523033
BONE 103 0.476967

VERT 125
OFFSET -18.388977, -10.739763, 45.298031
BONES 3
BONE 90 0.111192
BONE 88 0.392527
BONE 103 0.496281

VERT 126
OFFSET -17.053976, -11.943110, 44.715748
BONES 2
BONE 88 0.023042
BONE 103 0.976958

VERT 127
OFFSET -17.374016, -10.835039, 44.874016
BONES 2
BONE 90 0.873752
BONE 88 0.126248

VERT 128
OFFSET -16.112125, -12.530512, 44.149605
BONES 2
BONE 103 0.891827
BONE 115 0.108173

VERT 129
OFFSET -16.860117, -11.627560, 44.462990
BONES 2
BONE 88 0.078697
BONE 103 0.921303

VERT 130
OFFSET -16.854174, -11.401457, 44.157482
BONES 2
BONE 88 0.078697
BONE 103 0.921303

VERT 131
OFFSET -16.241140, -12.148936, 43.722443
BONES 2
BONE 103 0.962626
BONE 115 0.037374

VERT 132
OFFSET -16.373583, -12.760867, 44.383858
BONES 2
BONE 103 0.883073
BONE 115 0.116927

VERT 133
OFFSET -16.969883, -13.047598, 44.384647
BONES 3
BONE 88 0.028661
BONE 103 0.803962
BONE 115 0.167377

VERT 134
OFFSET -17.769175, -13.201693, 44.300789
BONES 2
BONE 88 0.484324
BONE 103 0.515676

VERT 135
OFFSET -18.745787, -13.955984, 44.125984
BONES 1
BONE 88 1.000000

VERT 136
OFFSET -16.275158, -13.036221, 44.159054
BONES 2
BONE 103 0.561133
BONE 115 0.438867

VERT 137
OFFSET -16.083975, -12.605709, 43.567719
BONES 1
