// Export filename: 'C:/trees/cod2/model_export/xmodel_multiplayer/multiPlayer_HitBoxModelChar.XMODEL_EXPORT'
// Source filename: 'C:/trees/cod2_model_source/xmodel_multiplayer/multiPlayer_HitBoxModelChar.mb'
// Export time: Thu Jul 21 19:22:17 2005
MODEL
VERSION 6

NUMBONES 58
BONE 0 -1 "TAG_ORIGIN"
BONE 1 0 "J_MainRoot"
BONE 2 1 "J_Hip_LE"
BONE 3 1 "J_Hip_RI"
BONE 4 1 "J_Spine1"
BONE 5 2 "J_Knee_LE"
BONE 6 3 "J_Knee_RI"
BONE 7 4 "J_Spine2"
BONE 8 5 "J_Ankle_LE"
BONE 9 6 "J_Ankle_RI"
BONE 10 7 "J_Spine3"
BONE 11 8 "J_Ball_LE"
BONE 12 9 "J_Ball_RI"
BONE 13 10 "J_Spine4"
BONE 14 13 "J_Clavicle_LE"
BONE 15 13 "J_Clavicle_RI"
BONE 16 13 "J_Neck"
BONE 17 16 "J_Head"
BONE 18 14 "J_Shoulder_LE"
BONE 19 15 "J_Shoulder_RI"
BONE 20 18 "J_Elbow_LE"
BONE 21 19 "J_Elbow_RI"
BONE 22 17 "J_Head_END"
BONE 23 22 "J_Helmet"
BONE 24 20 "J_Wrist_LE"
BONE 25 21 "J_Wrist_RI"
BONE 26 20 "J_WristTwist_LE"
BONE 27 21 "J_WristTwist_RI"
BONE 28 24 "J_Index_LE_1"
BONE 29 25 "J_Index_RI_1"
BONE 30 24 "J_Mid_LE_1"
BONE 31 25 "J_Mid_RI_1"
BONE 32 24 "J_Pinky_LE_1"
BONE 33 25 "J_Pinky_RI_1"
BONE 34 24 "J_Ring_LE_1"
BONE 35 25 "J_Ring_RI_1"
BONE 36 24 "J_Thumb_LE_1"
BONE 37 25 "J_Thumb_RI_1"
BONE 38 28 "J_Index_LE_2"
BONE 39 29 "J_Index_RI_2"
BONE 40 30 "J_Mid_LE_2"
BONE 41 31 "J_Mid_RI_2"
BONE 42 32 "J_Pinky_LE_2"
BONE 43 33 "J_Pinky_RI_2"
BONE 44 34 "J_Ring_LE_2"
BONE 45 35 "J_Ring_RI_2"
BONE 46 36 "J_Thumb_LE_2"
BONE 47 37 "J_Thumb_RI_2"
BONE 48 38 "J_Index_LE_3"
BONE 49 39 "J_Index_RI_3"
BONE 50 40 "J_Mid_LE_3"
BONE 51 41 "J_Mid_RI_3"
BONE 52 42 "J_Pinky_LE_3"
BONE 53 43 "J_Pinky_RI_3"
BONE 54 44 "J_Ring_LE_3"
BONE 55 45 "J_Ring_RI_3"
BONE 56 46 "J_Thumb_LE_3"
BONE 57 47 "J_Thumb_RI_3"

BONE 0
OFFSET 0.000000, -2.222280, 0.000042
SCALE 1.000000, 1.000000, 1.000000
X -0.000000, -1.000000, -0.000001
Y 1.000000, -0.000000, 0.000000
Z -0.000000, -0.000001, 1.000000

BONE 1
OFFSET -0.000002, 1.218488, 37.227966
SCALE 1.000000, 1.000000, 1.000000
X 0.000001, 0.024844, 0.999691
Y -0.000000, -0.999691, 0.024844
Z 1.000000, -0.000000, -0.000001

BONE 2
OFFSET 4.866634, 1.218493, 37.227966
SCALE 1.000000, 1.000000, 1.000000
X -0.008941, 0.033732, -0.999391
Y -0.004868, -0.999421, -0.033689
Z -0.999948, 0.004564, 0.009100

BONE 3
OFFSET -4.866655, 1.218492, 37.227951
SCALE 1.000000, 1.000000, 1.000000
X -0.008941, -0.033732, 0.999391
Y -0.004868, 0.999421, 0.033689
Z -0.999948, -0.004564, -0.009100

BONE 4
OFFSET 0.000000, 1.288393, 40.040852
SCALE 1.000000, 1.000000, 1.000000
X 0.000000, 0.029885, 0.999553
Y -0.000000, -0.999553, 0.029885
Z 1.000000, -0.000000, -0.000000

BONE 5
OFFSET 4.710050, 1.809233, 19.725899
SCALE 1.000000, 1.000000, 1.000000
X -0.008210, 0.167075, -0.985910
Y -0.006020, -0.985934, -0.167029
Z -0.999948, 0.004564, 0.009100

BONE 6
OFFSET -4.710042, 1.809232, 19.725906
SCALE 1.000000, 1.000000, 1.000000
X -0.008210, -0.167075, 0.985910
Y -0.006020, 0.985934, 0.167029
Z -0.999948, -0.004564, -0.009100

BONE 7
OFFSET 0.000001, 1.372030, 42.838257
SCALE 1.000000, 1.000000, 1.000000
X -0.000000, -0.020400, 0.999792
Y -0.000000, -0.999792, -0.020400
Z 1.000000, -0.000000, -0.000000

BONE 8
OFFSET 4.585543, 4.343039, 4.773947
SCALE 1.000000, 1.000000, 1.000000
X -0.000000, -0.008727, -0.999962
Y 0.016568, -0.999825, 0.008726
Z -0.999863, -0.016567, 0.000145

BONE 9
OFFSET -4.585553, 4.343031, 4.773937
SCALE 1.000000, 1.000000, 1.000000
X -0.000000, 0.008727, 0.999962
Y 0.016568, 0.999825, -0.008726
Z -0.999863, 0.016567, -0.000145

BONE 10
OFFSET 0.000001, 1.305673, 46.090298
SCALE 1.000000, 1.000000, 1.000000
X -0.000000, -0.041948, 0.999120
Y -0.000000, -0.999120, -0.041948
Z 1.000000, -0.000000, -0.000000

BONE 11
OFFSET 4.747776, -1.236665, 0.327431
SCALE 1.000000, 1.000000, 1.000000
X 0.016317, -0.983120, 0.182235
Y -0.002877, 0.182212, 0.983255
Z -0.999863, -0.016568, 0.000145

BONE 12
OFFSET -4.747797, -1.236665, 0.327431
SCALE 1.000000, 1.000000, 1.000000
X 0.016317, 0.983120, -0.182235
Y -0.002879, -0.182212, -0.983255
Z -0.999863, 0.016568, -0.000143

BONE 13
OFFSET 0.000001, 1.067723, 51.757832
SCALE 1.000000, 1.000000, 1.000000
X -0.000000, -0.047081, 0.998891
Y -0.000000, -0.998891, -0.047081
Z 1.000000, -0.000000, 0.000000

BONE 14
OFFSET 1.355828, 1.015794, 56.399803
SCALE 1.000000, 1.000000, 1.000000
X 0.997183, -0.019402, 0.072459
Y 0.018076, 0.999658, 0.018911
Z -0.072801, -0.017548, 0.997192

BONE 15
OFFSET -1.355825, 1.015795, 56.400002
SCALE 1.000000, 1.000000, 1.000000
X -0.997186, -0.019402, 0.072416
Y -0.018077, 0.999658, 0.018911
Z -0.072758, 0.017548, -0.997195

BONE 16
OFFSET 0.000000, 0.661110, 60.384705
SCALE 1.000000, 1.000000, 1.000000
X 0.000000, -0.309774, 0.950810
Y -0.000001, -0.950810, -0.309774
Z 1.000000, -0.000001, -0.000000

BONE 17
OFFSET 0.000002, 0.241485, 62.681763
SCALE 1.000000, 1.000000, 1.000000
X 0.000000, -0.216437, 0.976297
Y -0.000001, -0.976297, -0.216437
Z 1.000000, -0.000001, -0.000000

BONE 18
OFFSET 7.725936, 0.891849, 56.862682
SCALE 1.000000, 1.000000, 1.000000
X 0.663005, -0.260588, -0.701797
Y 0.273791, 0.956920, -0.096662
Z 0.696752, -0.128058, 0.705789

BONE 19
OFFSET -7.725947, 0.891850, 56.862598
SCALE 1.000000, 1.000000, 1.000000
X 0.663005, 0.260588, 0.701797
Y 0.273791, -0.956920, 0.096662
Z 0.696752, 0.128058, -0.705789

BONE 20
OFFSET 15.744246, -2.259675, 48.375221
SCALE 1.000000, 1.000000, 1.000000
X 0.294637, -0.846008, -0.444364
Y 0.654007, 0.517563, -0.551727
Z 0.696752, -0.128058, 0.705789

BONE 21
OFFSET -15.744254, -2.259673, 48.375198
SCALE 1.000000, 1.000000, 1.000000
X 0.294637, 0.846008, 0.444364
Y 0.654007, -0.517563, 0.551727
Z 0.696752, 0.128058, -0.705789

BONE 22
OFFSET -0.000535, -0.851358, 69.807854
SCALE 1.000000, 1.000000, 1.000000
X 0.000000, -0.216437, 0.976297
Y -0.000001, -0.976297, -0.216437
Z 1.000000, -0.000001, -0.000000

BONE 23
OFFSET -0.000532, 0.186036, 71.243202
SCALE 1.407648, 1.000000, 0.653669
X 0.000001, -0.999048, 0.043622
Y 1.000000, 0.000001, -0.000003
Z 0.000003, 0.043622, 0.999048

BONE 24
OFFSET 18.586214, -10.419991, 44.089035
SCALE 1.000000, 1.000000, 1.000000
X 0.298827, -0.782224, -0.546651
Y -0.792532, 0.115673, -0.598759
Z 0.531597, 0.612164, -0.585371

BONE 25
OFFSET -18.586233, -10.420017, 44.089069
SCALE 1.000000, 1.000000, 1.000000
X 0.298827, 0.782224, 0.546651
Y -0.792532, -0.115673, 0.598759
Z 0.531597, -0.612164, 0.585371

BONE 26
OFFSET 17.894878, -8.434908, 45.131691
SCALE 1.000000, 1.000000, 1.000000
X 0.294637, -0.846008, -0.444364
Y 0.654007, 0.517563, -0.551727
Z 0.696752, -0.128058, 0.705789

BONE 27
OFFSET -17.894884, -8.434921, 45.131496
SCALE 1.000000, 1.000000, 1.000000
X 0.294637, 0.846008, 0.444364
Y 0.654008, -0.517563, 0.551727
Z 0.696752, 0.128058, -0.705789

BONE 28
OFFSET 18.943417, -14.119981, 43.296013
SCALE 1.000000, 1.000000, 1.000000
X 0.252372, -0.921980, -0.293703
Y -0.670111, 0.052433, -0.740407
Z 0.698040, 0.383671, -0.604596

BONE 29
OFFSET -18.943438, -14.120017, 43.296158
SCALE 1.000000, 1.000000, 1.000000
X 0.252372, 0.921980, 0.293703
Y -0.670111, -0.052433, 0.740407
Z 0.698040, -0.383671, 0.604596

BONE 30
OFFSET 19.641989, -13.609539, 42.701622
SCALE 1.000000, 1.000000, 1.000000
X 0.066676, -0.793898, -0.604384
Y -0.837131, 0.285089, -0.466836
Z 0.542924, 0.537075, -0.645588

BONE 31
OFFSET -19.641981, -13.609545, 42.701668
SCALE 1.000000, 1.000000, 1.000000
X 0.066676, 0.793898, 0.604384
Y -0.837131, -0.285089, 0.466836
Z 0.542924, -0.537075, 0.645588

BONE 32
OFFSET 20.410463, -12.161435, 41.479580
SCALE 1.000000, 1.000000, 1.000000
X -0.099502, -0.722206, -0.684483
Y -0.847956, 0.421480, -0.321443
Z 0.520644, 0.548427, -0.654337

BONE 33
OFFSET -20.410484, -12.161474, 41.479622
SCALE 1.000000, 1.000000, 1.000000
X -0.099502, 0.722206, 0.684483
Y -0.847956, -0.421480, 0.321443
Z 0.520644, -0.548427, 0.654337

BONE 34
OFFSET 20.114433, -12.877874, 42.061359
SCALE 1.000000, 1.000000, 1.000000
X -0.006153, -0.739036, -0.673638
Y -0.878925, 0.325280, -0.348831
Z 0.476920, 0.589931, -0.651559

BONE 35
OFFSET -20.114422, -12.877892, 42.061512
SCALE 1.000000, 1.000000, 1.000000
X -0.006153, 0.739036, 0.673638
Y -0.878925, -0.325280, 0.348831
Z 0.476920, -0.589931, 0.651559

BONE 36
OFFSET 18.473318, -11.542684, 44.177166
SCALE 1.000000, 1.000000, 1.000000
X -0.766464, -0.594188, -0.243871
Y 0.525112, -0.361068, -0.770641
Z 0.369852, -0.718728, 0.588761

BONE 37
OFFSET -18.473320, -11.542695, 44.177261
SCALE 1.000000, 1.000000, 1.000000
X -0.766464, 0.594188, 0.243871
Y 0.525112, 0.361068, 0.770641
Z 0.369852, 0.718728, -0.588761

BONE 38
OFFSET 19.334723, -15.549521, 42.840626
SCALE 1.000000, 1.000000, 1.000000
X -0.305669, -0.603884, -0.736132
Y -0.647539, 0.698656, -0.304258
Z 0.698040, 0.383672, -0.604596

BONE 39
OFFSET -19.334738, -15.549545, 42.840645
SCALE 1.000000, 1.000000, 1.000000
X -0.305669, 0.603884, 0.736132
Y -0.647539, -0.698656, 0.304259
Z 0.698040, -0.383671, 0.604596

BONE 40
OFFSET 19.765709, -15.082642, 41.580170
SCALE 1.000000, 1.000000, 1.000000
X -0.742615, -0.051907, -0.667704
Y -0.392118, 0.841936, 0.370658
Z 0.542924, 0.537075, -0.645588

BONE 41
OFFSET -19.765720, -15.082655, 41.580017
SCALE 1.000000, 1.000000, 1.000000
X -0.742615, 0.051907, 0.667704
Y -0.392118, -0.841936, -0.370658
Z 0.542924, -0.537075, 0.645588

BONE 42
OFFSET 20.291183, -13.027181, 40.659054
SCALE 1.000000, 1.000000, 1.000000
X -0.734281, -0.103406, -0.670923
Y -0.435615, 0.829780, 0.348862
Z 0.520644, 0.548427, -0.654337

BONE 43
OFFSET -20.291193, -13.027223, 40.659149
SCALE 1.000000, 1.000000, 1.000000
X -0.734281, 0.103406, 0.670923
Y -0.435615, -0.829780, -0.348862
Z 0.520644, -0.548427, 0.654337

BONE 44
OFFSET 20.104082, -14.121078, 40.928165
SCALE 1.000000, 1.000000, 1.000000
X -0.750659, -0.112245, -0.651086
Y -0.457230, 0.799613, 0.389306
Z 0.476919, 0.589932, -0.651558

BONE 45
OFFSET -20.104107, -14.121119, 40.928047
SCALE 1.000000, 1.000000, 1.000000
X -0.750659, 0.112245, 0.651086
Y -0.457230, -0.799613, -0.389306
Z 0.476919, -0.589932, 0.651558

BONE 46
OFFSET 16.629265, -12.972254, 43.590431
SCALE 1.000000, 1.000000, 1.000000
X -0.513943, -0.686180, -0.514801
Y 0.773998, -0.112190, -0.623170
Z 0.369851, -0.718728, 0.588761

BONE 47
OFFSET -16.629265, -12.972261, 43.590252
SCALE 1.000000, 1.000000, 1.000000
X -0.513943, 0.686180, 0.514801
Y 0.773998, 0.112190, 0.623170
Z 0.369851, 0.718728, -0.588761

BONE 48
OFFSET 19.037628, -16.136465, 42.125145
SCALE 1.000000, 1.000000, 1.000000
X -0.554197, -0.245199, -0.795452
Y -0.453439, 0.890322, 0.041472
Z 0.698039, 0.383672, -0.604596

BONE 49
OFFSET -19.037651, -16.136475, 42.125290
SCALE 1.000000, 1.000000, 1.000000
X -0.554197, 0.245199, 0.795452
Y -0.453439, -0.890322, -0.041472
Z 0.698039, -0.383672, 0.604596

BONE 50
OFFSET 18.947680, -15.139820, 40.844662
SCALE 1.000000, 1.000000, 1.000000
X -0.836716, 0.280325, -0.470451
Y -0.071693, 0.795593, 0.601574
Z 0.542924, 0.537075, -0.645588

BONE 51
OFFSET -18.947689, -15.139860, 40.844582
SCALE 1.000000, 1.000000, 1.000000
X -0.836716, -0.280325, 0.470451
Y -0.071693, -0.795593, -0.601574
Z 0.542924, -0.537075, 0.645588

BONE 52
OFFSET 19.784124, -13.098587, 40.195744
SCALE 1.000000, 1.000000, 1.000000
X -0.853757, 0.339265, -0.394967
Y 0.005383, 0.764282, 0.644859
Z 0.520644, 0.548427, -0.654337

BONE 53
OFFSET -19.784147, -13.098600, 40.195724
SCALE 1.000000, 1.000000, 1.000000
X -0.853757, -0.339265, 0.394967
Y 0.005383, -0.764282, -0.644859
Z 0.520644, -0.548427, 0.654337

BONE 54
OFFSET 19.396255, -14.226916, 40.314236
SCALE 1.000000, 1.000000, 1.000000
X -0.861547, 0.166994, -0.479426
Y -0.174022, 0.789996, 0.587897
Z 0.476920, 0.589931, -0.651558

BONE 55
OFFSET -19.396273, -14.226947, 40.314266
SCALE 1.000000, 1.000000, 1.000000
X -0.861547, -0.166994, 0.479426
Y -0.174022, -0.789996, -0.587897
Z 0.476920, -0.589931, 0.651558

BONE 56
OFFSET 16.015339, -13.791925, 42.975479
SCALE 1.000000, 1.000000, 1.000000
X -0.178370, -0.676836, -0.714197
Y 0.911808, 0.159130, -0.378528
Z 0.369851, -0.718729, 0.588761

BONE 57
OFFSET -16.015327, -13.791946, 42.975292
SCALE 1.000000, 1.000000, 1.000000
X -0.178370, 0.676836, 0.714197
Y 0.911808, -0.159129, 0.378528
Z 0.369851, 0.718729, -0.588761

NUMVERTS 662
VERT 0
OFFSET 3.509619, 4.537709, 63.571724
BONES 1
BONE 17 1.000000

VERT 1
OFFSET 3.509619, 2.638686, 72.137779
BONES 1
BONE 17 1.000000

VERT 2
OFFSET 3.509610, -4.028343, 61.672703
BONES 1
BONE 17 1.000000

VERT 3
OFFSET 3.509610, -5.927366, 70.238762
BONES 1
BONE 17 1.000000

VERT 4
OFFSET -3.509611, -4.028336, 61.672710
BONES 1
BONE 17 1.000000

VERT 5
OFFSET -3.509610, -5.927359, 70.238762
BONES 1
BONE 17 1.000000

VERT 6
OFFSET -3.509602, 4.537715, 63.571732
BONES 1
BONE 17 1.000000

VERT 7
OFFSET -3.509602, 2.638692, 72.137779
BONES 1
BONE 17 1.000000

VERT 8
OFFSET 2.651711, 4.400024, 59.610050
BONES 1
BONE 16 1.000000

VERT 9
OFFSET 2.651711, 3.075685, 63.674938
BONES 1
BONE 16 1.000000

VERT 10
OFFSET 2.651705, -1.369737, 57.730263
BONES 1
BONE 16 1.000000

VERT 11
OFFSET 2.651705, -2.694076, 61.795147
BONES 1
BONE 16 1.000000

VERT 12
OFFSET -2.651706, -1.369732, 57.730263
BONES 1
BONE 16 1.000000

VERT 13
OFFSET -2.651706, -2.694072, 61.795151
BONES 1
BONE 16 1.000000

VERT 14
OFFSET -2.651700, 4.400029, 59.610058
BONES 1
BONE 16 1.000000

VERT 15
OFFSET -2.651700, 3.075690, 63.674938
BONES 1
BONE 16 1.000000

VERT 16
OFFSET 0.005779, -2.807540, 51.108616
BONES 1
BONE 15 1.000000

VERT 17
OFFSET -8.436414, -2.971802, 51.721691
BONES 1
BONE 15 1.000000

VERT 18
OFFSET -0.136912, 5.083169, 51.257889
BONES 1
BONE 15 1.000000

VERT 19
OFFSET -8.579104, 4.918907, 51.870960
BONES 1
BONE 15 1.000000

VERT 20
OFFSET 0.427124, 4.947128, 58.988400
BONES 1
BONE 15 1.000000

VERT 21
OFFSET -8.015068, 4.782867, 59.601471
BONES 1
BONE 15 1.000000

VERT 22
OFFSET 0.569816, -2.943581, 58.839127
BONES 1
BONE 15 1.000000

VERT 23
OFFSET -7.872376, -3.107842, 59.452202
BONES 1
BONE 15 1.000000

VERT 24
OFFSET 1.109626, 5.587776, 35.705261
BONES 1
BONE 2 1.000000

VERT 25
OFFSET 0.954254, 6.173956, 18.338293
BONES 1
BONE 2 1.000000

VERT 26
OFFSET 1.067789, -3.001569, 35.415722
BONES 1
BONE 2 1.000000

VERT 27
OFFSET 0.912416, -2.415390, 18.048754
BONES 1
BONE 2 1.000000

VERT 28
OFFSET 8.593198, -3.035915, 35.347237
BONES 1
BONE 2 1.000000

VERT 29
OFFSET 8.437824, -2.449736, 17.980268
BONES 1
BONE 2 1.000000

VERT 30
OFFSET 8.635035, 5.553430, 35.636772
BONES 1
BONE 2 1.000000

VERT 31
OFFSET 8.479661, 6.139609, 18.269808
BONES 1
BONE 2 1.000000

VERT 32
OFFSET 8.237573, 7.599246, 33.168793
BONES 1
BONE 1 1.000000

VERT 33
OFFSET 8.237576, 7.755923, 39.473278
BONES 1
BONE 1 1.000000

VERT 34
OFFSET 8.237572, -5.356023, 33.490753
BONES 1
BONE 1 1.000000

VERT 35
OFFSET 8.237576, -5.199347, 39.795238
BONES 1
BONE 1 1.000000

VERT 36
OFFSET -8.237578, -5.356023, 33.490765
BONES 1
BONE 1 1.000000

VERT 37
OFFSET -8.237574, -5.199346, 39.795250
BONES 1
BONE 1 1.000000

VERT 38
OFFSET -8.237577, 7.599247, 33.168804
BONES 1
BONE 1 1.000000

VERT 39
OFFSET -8.237573, 7.755924, 39.473293
BONES 1
BONE 1 1.000000

VERT 40
OFFSET 8.576884, -1.714203, 59.052986
BONES 1
BONE 18 1.000000

VERT 41
OFFSET 16.426178, -4.799296, 50.744431
BONES 1
BONE 18 1.000000

VERT 42
OFFSET 9.930791, 3.017802, 58.574989
BONES 1
BONE 18 1.000000

VERT 43
OFFSET 17.780085, -0.067292, 50.266434
BONES 1
BONE 18 1.000000

VERT 44
OFFSET 6.485325, 3.651055, 55.084843
BONES 1
BONE 18 1.000000

VERT 45
OFFSET 14.334619, 0.565961, 46.776283
BONES 1
BONE 18 1.000000

VERT 46
OFFSET 5.131419, -1.080949, 55.562840
BONES 1
BONE 18 1.000000

VERT 47
OFFSET 12.980712, -4.166043, 47.254280
BONES 1
BONE 18 1.000000

VERT 48
OFFSET 16.001230, -4.208106, 51.048195
BONES 1
BONE 20 1.000000

VERT 49
OFFSET 18.707300, -11.978211, 46.966969
BONES 1
BONE 20 1.000000

VERT 50
OFFSET 19.029444, -1.811666, 48.493565
BONES 1
BONE 20 1.000000

VERT 51
OFFSET 21.735514, -9.581772, 44.412338
BONES 1
BONE 20 1.000000

VERT 52
OFFSET 15.803311, -1.218726, 45.225590
BONES 1
BONE 20 1.000000

VERT 53
OFFSET 18.509380, -8.988831, 41.144363
BONES 1
BONE 20 1.000000

VERT 54
OFFSET 12.775098, -3.615166, 47.780220
BONES 1
BONE 20 1.000000

VERT 55
OFFSET 15.481168, -11.385271, 43.698994
BONES 1
BONE 20 1.000000

VERT 56
OFFSET -14.762698, 0.397712, 46.323082
BONES 1
BONE 19 1.000000

VERT 57
OFFSET -6.282140, 3.730919, 55.299839
BONES 1
BONE 19 1.000000

VERT 58
OFFSET -13.408792, -4.334291, 46.801079
BONES 1
BONE 19 1.000000

VERT 59
OFFSET -4.928234, -1.001085, 55.777836
BONES 1
BONE 19 1.000000

VERT 60
OFFSET -16.854258, -4.967545, 50.291233
BONES 1
BONE 19 1.000000

VERT 61
OFFSET -8.373700, -1.634338, 59.267982
BONES 1
BONE 19 1.000000

VERT 62
OFFSET -18.208164, -0.235541, 49.813232
BONES 1
BONE 19 1.000000

VERT 63
OFFSET -9.727607, 3.097666, 58.789989
BONES 1
BONE 19 1.000000

VERT 64
OFFSET -18.549217, -9.103201, 41.084267
BONES 1
BONE 21 1.000000

VERT 65
OFFSET -15.843148, -1.333095, 45.165497
BONES 1
BONE 21 1.000000

VERT 66
OFFSET -15.521005, -11.499640, 43.638901
BONES 1
BONE 21 1.000000

VERT 67
OFFSET -12.814935, -3.729536, 47.720127
BONES 1
BONE 21 1.000000

VERT 68
OFFSET -18.747135, -12.092582, 46.906868
BONES 1
BONE 21 1.000000

VERT 69
OFFSET -16.041065, -4.322476, 50.988098
BONES 1
BONE 21 1.000000

VERT 70
OFFSET -21.775349, -9.696141, 44.352238
BONES 1
BONE 21 1.000000

VERT 71
OFFSET -19.069279, -1.926036, 48.433468
BONES 1
BONE 21 1.000000

VERT 72
OFFSET -8.437961, -2.450186, 17.993549
BONES 1
BONE 3 1.000000

VERT 73
OFFSET -8.593333, -3.036365, 35.360512
BONES 1
BONE 3 1.000000

VERT 74
OFFSET -8.479798, 6.139160, 18.283087
BONES 1
BONE 3 1.000000

VERT 75
OFFSET -8.635171, 5.552980, 35.650051
BONES 1
BONE 3 1.000000

VERT 76
OFFSET -0.954390, 6.173506, 18.351572
BONES 1
BONE 3 1.000000

VERT 77
OFFSET -1.109763, 5.587327, 35.718540
BONES 1
BONE 3 1.000000

VERT 78
OFFSET -0.912553, -2.415839, 18.062035
BONES 1
BONE 3 1.000000

VERT 79
OFFSET -1.067926, -3.002019, 35.429001
BONES 1
BONE 3 1.000000

VERT 80
OFFSET 1.751869, 5.153307, 22.124235
BONES 1
BONE 5 1.000000

VERT 81
OFFSET 1.604754, 8.147129, 4.457685
BONES 1
BONE 5 1.000000

VERT 82
OFFSET 1.707564, -2.102806, 20.894962
BONES 1
BONE 5 1.000000

VERT 83
OFFSET 1.560446, 0.891015, 3.228413
BONES 1
BONE 5 1.000000

VERT 84
OFFSET 7.697488, -2.130145, 20.840450
BONES 1
BONE 5 1.000000

VERT 85
OFFSET 7.550373, 0.863677, 3.173900
BONES 1
BONE 5 1.000000

VERT 86
OFFSET 7.741793, 5.125969, 22.069721
BONES 1
BONE 5 1.000000

VERT 87
OFFSET 7.594678, 8.119790, 4.403172
BONES 1
BONE 5 1.000000

VERT 88
OFFSET -7.550523, 0.859974, 3.195755
BONES 1
BONE 6 1.000000

VERT 89
OFFSET -7.697635, -2.133848, 20.862305
BONES 1
BONE 6 1.000000

VERT 90
OFFSET -7.594824, 8.116088, 4.425026
BONES 1
BONE 6 1.000000

VERT 91
OFFSET -7.741940, 5.122266, 22.091576
BONES 1
BONE 6 1.000000

VERT 92
OFFSET -1.604946, 8.143427, 4.479539
BONES 1
BONE 6 1.000000

VERT 93
OFFSET -1.752061, 5.149604, 22.146088
BONES 1
BONE 6 1.000000

VERT 94
OFFSET -1.560641, 0.887312, 3.250267
BONES 1
BONE 6 1.000000

VERT 95
OFFSET -1.707756, -2.106510, 20.916817
BONES 1
BONE 6 1.000000

VERT 96
OFFSET 2.332474, 7.557849, 4.951315
BONES 1
BONE 8 1.000000

VERT 97
OFFSET 2.332474, 7.515054, 0.047681
BONES 1
BONE 8 1.000000

VERT 98
OFFSET 2.544631, -5.245126, 5.063051
BONES 1
BONE 8 1.000000

VERT 99
OFFSET 2.544631, -5.287922, 0.159417
BONES 1
BONE 8 1.000000

VERT 100
OFFSET 6.943080, -5.172246, 5.062415
BONES 1
BONE 8 1.000000

VERT 101
OFFSET 6.943080, -5.215041, 0.158781
BONES 1
BONE 8 1.000000

VERT 102
OFFSET 6.730923, 7.630730, 4.950679
BONES 1
BONE 8 1.000000

VERT 103
OFFSET 6.730923, 7.587934, 0.047045
BONES 1
BONE 8 1.000000

VERT 104
OFFSET -6.926135, -5.195810, 0.160067
BONES 1
BONE 9 1.000000

VERT 105
OFFSET -6.926135, -5.153014, 5.063702
BONES 1
BONE 9 1.000000

VERT 106
OFFSET -6.715168, 7.535291, 0.048959
BONES 1
BONE 9 1.000000

VERT 107
OFFSET -6.715168, 7.578087, 4.952593
BONES 1
BONE 9 1.000000

VERT 108
OFFSET -2.316720, 7.462410, 0.049595
BONES 1
BONE 9 1.000000

VERT 109
OFFSET -2.316720, 7.505206, 4.953229
BONES 1
BONE 9 1.000000

VERT 110
OFFSET -2.527685, -5.268691, 0.160704
BONES 1
BONE 9 1.000000

VERT 111
OFFSET -2.527685, -5.225895, 5.064338
BONES 1
BONE 9 1.000000

VERT 112
OFFSET -0.786896, -2.940815, 58.900093
BONES 1
BONE 14 1.000000

VERT 113
OFFSET 7.655270, -3.105076, 59.513531
BONES 1
BONE 14 1.000000

VERT 114
OFFSET -0.644211, 4.949894, 59.049358
BONES 1
BONE 14 1.000000

VERT 115
OFFSET 7.797955, 4.785633, 59.662796
BONES 1
BONE 14 1.000000

VERT 116
OFFSET -0.079838, 5.085928, 51.318874
BONES 1
BONE 14 1.000000

VERT 117
OFFSET 8.362328, 4.921667, 51.932316
BONES 1
BONE 14 1.000000

VERT 118
OFFSET -0.222523, -2.804782, 51.169605
BONES 1
BONE 14 1.000000

VERT 119
OFFSET 8.219643, -2.969043, 51.783043
BONES 1
BONE 14 1.000000

VERT 120
OFFSET 6.893798, 6.529271, 46.479309
BONES 1
BONE 10 1.000000

VERT 121
OFFSET 6.893798, 6.265868, 52.753086
BONES 1
BONE 10 1.000000

VERT 122
OFFSET 6.893798, -3.694055, 46.050087
BONES 1
BONE 10 1.000000

VERT 123
OFFSET 6.893798, -3.957458, 52.323864
BONES 1
BONE 10 1.000000

VERT 124
OFFSET -6.893793, -3.694055, 46.050087
BONES 1
BONE 10 1.000000

VERT 125
OFFSET -6.893793, -3.957458, 52.323864
BONES 1
BONE 10 1.000000

VERT 126
OFFSET -6.893792, 6.529271, 46.479309
BONES 1
BONE 10 1.000000

VERT 127
OFFSET -6.893792, 6.265869, 52.753086
BONES 1
BONE 10 1.000000

VERT 128
OFFSET 7.744183, 6.467330, 36.777252
BONES 1
BONE 7 1.000000

VERT 129
OFFSET 7.744183, 6.254916, 47.187340
BONES 1
BONE 7 1.000000

VERT 130
OFFSET 7.744183, -4.240996, 36.558750
BONES 1
BONE 7 1.000000

VERT 131
OFFSET 7.744183, -4.453410, 46.968842
BONES 1
BONE 7 1.000000

VERT 132
OFFSET -7.744177, -4.240996, 36.558750
BONES 1
BONE 7 1.000000

VERT 133
OFFSET -7.744177, -4.453410, 46.968842
BONES 1
BONE 7 1.000000

VERT 134
OFFSET -7.744176, 6.467330, 36.777252
BONES 1
BONE 7 1.000000

VERT 135
OFFSET -7.744176, 6.254917, 47.187340
BONES 1
BONE 7 1.000000

VERT 136
OFFSET -19.184565, -14.359194, 42.455818
BONES 1
BONE 25 1.000000

VERT 137
OFFSET -18.915310, -13.754827, 42.581020
BONES 1
BONE 25 1.000000

VERT 138
OFFSET -19.035725, -13.683071, 42.299744
BONES 1
BONE 25 1.000000

VERT 139
OFFSET -19.248100, -14.077149, 42.234833
BONES 1
BONE 25 1.000000

VERT 140
OFFSET -20.858545, -11.773534, 41.354694
BONES 1
BONE 25 1.000000

VERT 141
OFFSET -20.475609, -10.901164, 42.117176
BONES 1
BONE 25 1.000000

VERT 142
OFFSET -20.561123, -11.382392, 42.436714
BONES 1
BONE 25 1.000000

VERT 143
OFFSET -20.820763, -12.383738, 41.787544
BONES 1
BONE 25 1.000000

VERT 144
OFFSET -20.886797, -12.850105, 42.228069
BONES 1
BONE 25 1.000000

VERT 145
OFFSET -20.575535, -12.055481, 42.776234
BONES 1
BONE 25 1.000000

VERT 146
OFFSET -20.287302, -12.403783, 43.256527
BONES 1
BONE 25 1.000000

VERT 147
OFFSET -20.687750, -13.675407, 42.485622
BONES 1
BONE 25 1.000000

VERT 148
OFFSET -20.471756, -13.883130, 42.690781
BONES 1
BONE 25 1.000000

VERT 149
OFFSET -20.131815, -12.520108, 43.507816
BONES 1
BONE 25 1.000000

VERT 150
OFFSET -19.768972, -12.728744, 43.790955
BONES 1
BONE 25 1.000000

VERT 151
OFFSET -19.968599, -13.934619, 43.077393
BONES 1
BONE 25 1.000000

VERT 152
OFFSET -19.137657, -12.831555, 44.142277
BONES 2
BONE 25 0.925069
BONE 37 0.074931

VERT 153
OFFSET -19.621832, -14.156707, 43.266132
BONES 1
BONE 25 1.000000

VERT 154
OFFSET -19.022100, -14.288678, 43.680805
BONES 1
BONE 25 1.000000

VERT 155
OFFSET -18.555937, -12.861843, 44.151836
BONES 2
BONE 25 0.759121
BONE 37 0.240879

VERT 156
OFFSET -20.033875, -10.032720, 42.665833
BONES 1
BONE 25 1.000000

VERT 157
OFFSET -20.168386, -10.278708, 43.125362
BONES 1
BONE 25 1.000000

VERT 158
OFFSET -20.273075, -10.577249, 43.633804
BONES 1
BONE 25 1.000000

VERT 159
OFFSET -19.965654, -10.775444, 44.075111
BONES 1
BONE 25 1.000000

VERT 160
OFFSET -19.823696, -10.866955, 44.278877
BONES 1
BONE 25 1.000000

VERT 161
OFFSET -19.274742, -11.119053, 44.662270
BONES 1
BONE 25 1.000000

VERT 162
OFFSET -18.486818, -11.453931, 44.637539
BONES 2
BONE 25 0.859141
BONE 37 0.140859

VERT 163
OFFSET -18.065050, -11.671194, 44.485397
BONES 2
BONE 25 0.567795
BONE 37 0.432205

VERT 164
OFFSET -17.403759, -11.899374, 44.417168
BONES 1
BONE 37 1.000000

VERT 165
OFFSET -17.776499, -13.030219, 43.888542
BONES 3
BONE 25 0.161065
BONE 37 0.677869
BONE 47 0.161065

VERT 166
OFFSET -19.632944, -9.492102, 43.467403
BONES 5
BONE 25 0.793615
BONE 37 0.051596
BONE 47 0.051596
BONE 57 0.051596
BONE 27 0.051596

VERT 167
OFFSET -19.889898, -9.628519, 44.299118
BONES 5
BONE 25 0.836261
BONE 37 0.040935
BONE 47 0.040935
BONE 57 0.040935
BONE 27 0.040935

VERT 168
OFFSET -19.522799, -10.025443, 44.813076
BONES 5
BONE 25 0.833010
BONE 37 0.041748
BONE 47 0.041748
BONE 57 0.041748
BONE 27 0.041748

VERT 169
OFFSET -19.010969, -10.187365, 45.070000
BONES 5
BONE 25 0.761348
BONE 37 0.059663
BONE 47 0.059663
BONE 57 0.059663
BONE 27 0.059663

VERT 170
OFFSET -18.378057, -10.402169, 45.288296
BONES 5
BONE 25 0.684793
BONE 37 0.078802
BONE 47 0.078802
BONE 57 0.078802
BONE 27 0.078802

VERT 171
OFFSET -17.680429, -10.853005, 44.638531
BONES 2
BONE 25 0.506083
BONE 37 0.493917

VERT 172
OFFSET -19.039167, -10.551289, 42.409767
BONES 1
BONE 25 1.000000

VERT 173
OFFSET -18.175640, -9.987817, 43.484001
BONES 5
BONE 25 0.792010
BONE 37 0.051997
BONE 47 0.051997
BONE 57 0.051997
BONE 27 0.051997

VERT 174
OFFSET -19.088778, -9.555906, 43.107841
BONES 5
BONE 25 0.833079
BONE 37 0.041730
BONE 47 0.041730
BONE 57 0.041730
BONE 27 0.041730

VERT 175
OFFSET -19.708082, -9.981545, 42.095348
BONES 1
BONE 25 1.000000

VERT 176
OFFSET -18.805330, -10.707011, 42.495712
BONES 1
BONE 25 1.000000

VERT 177
OFFSET -18.276279, -10.960806, 42.916584
BONES 2
BONE 25 0.944000
BONE 37 0.056000

VERT 178
OFFSET -17.505718, -11.154066, 43.046940
BONES 2
BONE 25 0.720000
BONE 37 0.280000

VERT 179
OFFSET -16.853878, -11.122963, 43.756294
BONES 3
BONE 25 0.155928
BONE 37 0.688144
BONE 47 0.155928

VERT 180
OFFSET -17.374125, -10.267744, 43.978111
BONES 3
BONE 25 0.504993
BONE 37 0.282641
BONE 27 0.212366

VERT 181
OFFSET -19.840416, -11.942434, 41.808727
BONES 1
BONE 25 1.000000

VERT 182
OFFSET -20.025963, -10.862189, 41.387264
BONES 1
BONE 25 1.000000

VERT 183
OFFSET -19.685635, -12.376203, 42.295887
BONES 1
BONE 25 1.000000

VERT 184
OFFSET -19.095112, -12.622902, 42.611004
BONES 1
BONE 25 1.000000

VERT 185
OFFSET -18.412819, -12.726943, 42.927975
BONES 2
BONE 25 0.818286
BONE 37 0.181714

VERT 186
OFFSET -17.291939, -12.204934, 43.016685
BONES 3
BONE 25 0.256461
BONE 37 0.577038
BONE 47 0.166500

VERT 187
OFFSET -20.190500, -11.454662, 41.158512
BONES 1
BONE 25 1.000000

VERT 188
OFFSET -20.131702, -12.337743, 41.492332
BONES 1
BONE 25 1.000000

VERT 189
OFFSET -20.108059, -12.539670, 41.701378
BONES 1
BONE 25 1.000000

VERT 190
OFFSET -19.765741, -12.900635, 41.842247
BONES 1
BONE 35 1.000000

VERT 191
OFFSET -19.655315, -13.287636, 42.071682
BONES 1
BONE 25 1.000000

VERT 192
OFFSET -19.501165, -13.581911, 42.117367
BONES 1
BONE 25 1.000000

VERT 193
OFFSET -18.498539, -13.806579, 43.080536
BONES 2
BONE 25 0.874286
BONE 37 0.125714

VERT 194
OFFSET -17.100100, -10.686833, 44.247223
BONES 2
BONE 25 0.358201
BONE 37 0.641799

VERT 195
OFFSET -16.868769, -11.535533, 44.161755
BONES 1
BONE 37 1.000000

VERT 196
OFFSET -18.194304, -13.604342, 43.561169
BONES 3
BONE 25 0.646010
BONE 37 0.195448
BONE 47 0.158542

VERT 197
OFFSET -18.399353, -14.063663, 43.482670
BONES 1
BONE 25 1.000000

VERT 198
OFFSET -19.665567, -14.338776, 42.827488
BONES 1
BONE 25 1.000000

VERT 199
OFFSET -19.608179, -14.352365, 42.956593
BONES 1
BONE 25 1.000000

VERT 200
OFFSET -20.338602, -12.833104, 41.609879
BONES 1
BONE 25 1.000000

VERT 201
OFFSET -20.441378, -12.830734, 41.554237
BONES 1
BONE 25 1.000000

VERT 202
OFFSET -20.594021, -12.540762, 41.767227
BONES 1
BONE 25 1.000000

VERT 203
OFFSET -20.551508, -12.843010, 41.784924
BONES 1
BONE 25 1.000000

VERT 204
OFFSET -19.640621, -13.031866, 41.950333
BONES 1
BONE 25 1.000000

VERT 205
OFFSET -20.014584, -13.783072, 41.989239
BONES 1
BONE 25 1.000000

VERT 206
OFFSET -19.782705, -13.528139, 41.907879
BONES 1
BONE 25 1.000000

VERT 207
OFFSET -20.414160, -13.741780, 42.214905
BONES 1
BONE 25 1.000000

VERT 208
OFFSET -20.371185, -13.952865, 42.195461
BONES 1
BONE 25 1.000000

VERT 209
OFFSET -19.239090, -15.230545, 43.411163
BONES 2
BONE 29 0.914853
BONE 39 0.085147

VERT 210
OFFSET -19.710520, -15.171782, 43.131290
BONES 2
BONE 29 0.757496
BONE 39 0.242504

VERT 211
OFFSET -19.003757, -15.239695, 42.591087
BONES 2
BONE 29 0.749595
BONE 39 0.250405

VERT 212
OFFSET -19.618973, -15.228515, 42.570122
BONES 2
BONE 29 0.564495
BONE 39 0.435505

VERT 213
OFFSET -18.815111, -15.375226, 43.113518
BONES 2
BONE 29 0.803024
BONE 39 0.196976

VERT 214
OFFSET -18.498117, -16.805191, 41.525936
BONES 1
BONE 49 1.000000

VERT 215
OFFSET -18.423059, -16.577341, 41.294983
BONES 1
BONE 49 1.000000

VERT 216
OFFSET -18.741770, -16.746286, 41.300774
BONES 1
BONE 49 1.000000

VERT 217
OFFSET -18.657965, -16.507929, 41.138424
BONES 1
BONE 49 1.000000

VERT 218
OFFSET -18.419333, -16.277086, 41.325024
BONES 1
BONE 49 1.000000

VERT 219
OFFSET -18.267544, -16.590117, 41.589012
BONES 1
BONE 49 1.000000

VERT 220
OFFSET -19.002670, -16.440006, 42.413227
BONES 2
BONE 39 0.501393
BONE 49 0.498607

VERT 221
OFFSET -19.312860, -16.379465, 42.101368
BONES 2
BONE 39 0.500000
BONE 49 0.500000

VERT 222
OFFSET -19.664274, -15.677692, 42.855431
BONES 2
BONE 29 0.500000
BONE 39 0.500000

VERT 223
OFFSET -19.254459, -15.783909, 43.139797
BONES 2
BONE 29 0.500000
BONE 39 0.500000

VERT 224
OFFSET -19.266037, -16.044785, 41.875324
BONES 2
BONE 39 0.800000
BONE 49 0.200000

VERT 225
OFFSET -19.591986, -15.434484, 42.459099
BONES 1
BONE 39 1.000000

VERT 226
OFFSET -18.794445, -15.921955, 42.040668
BONES 2
BONE 39 0.800000
BONE 49 0.200000

VERT 227
OFFSET -19.020191, -15.317326, 42.556580
BONES 2
BONE 29 0.564730
BONE 39 0.435270

VERT 228
OFFSET -18.833452, -15.585883, 43.019367
BONES 2
BONE 29 0.553632
BONE 39 0.446368

VERT 229
OFFSET -18.675901, -16.164274, 42.458900
BONES 2
BONE 39 0.800000
BONE 49 0.200000

VERT 230
OFFSET -20.040119, -15.249035, 42.030750
BONES 2
BONE 31 0.537973
BONE 41 0.462027

VERT 231
OFFSET -20.429543, -15.017554, 41.569035
BONES 2
BONE 31 0.500001
BONE 41 0.499999

VERT 232
OFFSET -19.605234, -14.002131, 41.883728
BONES 1
BONE 31 1.000000

VERT 233
OFFSET -19.559801, -14.901262, 41.976765
BONES 1
BONE 31 1.000000

VERT 234
OFFSET -18.101990, -15.267391, 40.197823
BONES 1
BONE 51 1.000000

VERT 235
OFFSET -18.208204, -14.913086, 40.172428
BONES 1
BONE 51 1.000000

VERT 236
OFFSET -18.360197, -15.122553, 39.829556
BONES 1
BONE 51 1.000000

VERT 237
OFFSET -18.466148, -14.829239, 40.045925
BONES 1
BONE 51 1.000000

VERT 238
OFFSET -18.254572, -14.702438, 40.266094
BONES 1
BONE 51 1.000000

VERT 239
OFFSET -18.093575, -15.036659, 40.448208
BONES 1
BONE 51 1.000000

VERT 240
OFFSET -18.791224, -15.530390, 40.714836
BONES 2
BONE 41 0.500000
BONE 51 0.500000

VERT 241
OFFSET -19.163553, -15.325147, 40.306416
BONES 2
BONE 41 0.500000
BONE 51 0.500000

VERT 242
OFFSET -19.181959, -15.035734, 40.467529
BONES 2
BONE 41 0.500000
BONE 51 0.500000

VERT 243
OFFSET -19.021608, -14.841780, 40.850937
BONES 2
BONE 41 0.546244
BONE 51 0.453756

VERT 244
OFFSET -18.785765, -15.215364, 41.009392
BONES 2
BONE 41 0.500000
BONE 51 0.500000

VERT 245
OFFSET -20.341946, -14.348087, 41.422497
BONES 2
BONE 35 0.562398
BONE 45 0.437602

VERT 246
OFFSET -20.276564, -14.470898, 41.226288
BONES 2
BONE 35 0.500000
BONE 45 0.500000

VERT 247
OFFSET -20.600597, -14.088814, 40.876640
BONES 2
BONE 35 0.500000
BONE 45 0.500000

VERT 248
OFFSET -20.652420, -13.969332, 41.023064
BONES 2
BONE 35 0.577083
BONE 45 0.422917

VERT 249
OFFSET -20.110273, -13.759872, 40.777882
BONES 2
BONE 35 0.633723
BONE 45 0.366277

VERT 250
OFFSET -19.714333, -13.820311, 40.926262
BONES 1
BONE 45 1.000000

VERT 251
OFFSET -19.770687, -13.773980, 41.014931
BONES 2
BONE 35 0.783329
BONE 45 0.216671

VERT 252
OFFSET -20.121130, -13.607010, 40.928337
BONES 2
BONE 35 0.917636
BONE 45 0.082364

VERT 253
OFFSET -19.709368, -14.168765, 41.185863
BONES 2
BONE 35 0.502201
BONE 45 0.497799

VERT 254
OFFSET -19.764133, -14.061753, 41.370659
BONES 2
BONE 35 0.801291
BONE 45 0.198709

VERT 255
OFFSET -18.412241, -14.226783, 39.707821
BONES 1
BONE 55 1.000000

VERT 256
OFFSET -18.419729, -13.959125, 39.674683
BONES 1
BONE 55 1.000000

VERT 257
OFFSET -18.687788, -13.994301, 39.501793
BONES 1
BONE 55 1.000000

VERT 258
OFFSET -18.647875, -13.749127, 39.681252
BONES 1
BONE 55 1.000000

VERT 259
OFFSET -18.493639, -13.816938, 39.989693
BONES 1
BONE 55 1.000000

VERT 260
OFFSET -18.413887, -14.026992, 39.959370
BONES 1
BONE 55 1.000000

VERT 261
OFFSET -20.214521, -14.568616, 41.028744
BONES 2
BONE 35 0.500000
BONE 45 0.500000

VERT 262
OFFSET -19.412592, -14.506685, 40.342518
BONES 2
BONE 45 0.500000
BONE 55 0.500000

VERT 263
OFFSET -19.649918, -14.230078, 40.058708
BONES 2
BONE 45 0.503312
BONE 55 0.496688

VERT 264
OFFSET -20.530760, -14.206473, 40.725460
BONES 2
BONE 35 0.500000
BONE 45 0.500000

VERT 265
OFFSET -20.092884, -13.847186, 40.677143
BONES 1
BONE 45 1.000000

VERT 266
OFFSET -19.429440, -13.830472, 40.178329
BONES 2
BONE 45 0.500000
BONE 55 0.500000

VERT 267
OFFSET -19.260675, -13.930987, 40.474155
BONES 2
BONE 45 0.507342
BONE 55 0.492658

VERT 268
OFFSET -19.650021, -13.859303, 40.842190
BONES 1
BONE 45 1.000000

VERT 269
OFFSET -19.205692, -14.231847, 40.567513
BONES 2
BONE 45 0.503429
BONE 55 0.496571

VERT 270
OFFSET -19.685823, -14.234448, 41.083580
BONES 1
BONE 45 1.000000

VERT 271
OFFSET -19.219934, -14.495662, 40.182137
BONES 2
BONE 45 0.500000
BONE 55 0.500000

VERT 272
OFFSET -19.450884, -14.204214, 39.904827
BONES 2
BONE 45 0.500000
BONE 55 0.500000

VERT 273
OFFSET -19.234505, -13.822695, 40.101509
BONES 2
BONE 45 0.200000
BONE 55 0.800000

VERT 274
OFFSET -19.107077, -13.907728, 40.359642
BONES 2
BONE 45 0.200000
BONE 55 0.800000

VERT 275
OFFSET -19.054699, -14.228116, 40.431267
BONES 2
BONE 45 0.200000
BONE 55 0.800000

VERT 276
OFFSET -20.733276, -13.318775, 40.806946
BONES 1
BONE 33 1.000000

VERT 277
OFFSET -20.611917, -13.447882, 40.573666
BONES 2
BONE 33 0.500000
BONE 43 0.500000

VERT 278
OFFSET -20.885012, -13.192995, 40.314835
BONES 2
BONE 33 0.500000
BONE 43 0.500000

VERT 279
OFFSET -21.023260, -13.043929, 40.517239
BONES 1
BONE 33 1.000000

VERT 280
OFFSET -20.465197, -12.700049, 40.536034
BONES 2
BONE 33 0.653726
BONE 43 0.346274

VERT 281
OFFSET -20.500950, -12.646435, 40.580090
BONES 2
BONE 33 0.747477
BONE 43 0.252523

VERT 282
OFFSET -20.182892, -13.031739, 40.820305
BONES 2
BONE 33 0.702554
BONE 43 0.297446

VERT 283
OFFSET -20.261841, -13.033352, 40.893692
BONES 2
BONE 33 0.840279
BONE 43 0.159721

VERT 284
OFFSET -20.359001, -13.314161, 40.674335
BONES 2
BONE 33 0.500000
BONE 43 0.500000

VERT 285
OFFSET -20.518105, -13.306184, 40.786808
BONES 2
BONE 33 0.500000
BONE 43 0.500000

VERT 286
OFFSET -19.195297, -12.998275, 39.799362
BONES 1
BONE 53 1.000000

VERT 287
OFFSET -19.140007, -12.758624, 39.859379
BONES 1
BONE 53 1.000000

VERT 288
OFFSET -19.344336, -12.843221, 39.646229
BONES 1
BONE 53 1.000000

VERT 289
OFFSET -19.269993, -12.523731, 39.963890
BONES 1
BONE 53 1.000000

VERT 290
OFFSET -19.223736, -12.732124, 40.141319
BONES 1
BONE 53 1.000000

VERT 291
OFFSET -19.199329, -12.967296, 40.028217
BONES 1
BONE 53 1.000000

VERT 292
OFFSET -20.384912, -13.495652, 40.331219
BONES 2
BONE 43 0.860264
BONE 53 0.139736

VERT 293
OFFSET -20.652296, -13.269273, 40.090820
BONES 2
BONE 43 0.811361
BONE 53 0.188639

VERT 294
OFFSET -20.422071, -12.754644, 40.485134
BONES 2
BONE 33 0.553258
BONE 43 0.446742

VERT 295
OFFSET -20.129622, -13.027508, 40.784248
BONES 2
BONE 33 0.570200
BONE 43 0.429800

VERT 296
OFFSET -20.226181, -13.316599, 40.563732
BONES 2
BONE 43 0.777276
BONE 53 0.222724

VERT 297
OFFSET -19.788328, -13.252284, 40.055290
BONES 2
BONE 43 0.500000
BONE 53 0.500000

VERT 298
OFFSET -20.002655, -13.051934, 39.857208
BONES 2
BONE 43 0.500000
BONE 53 0.500000

VERT 299
OFFSET -20.009544, -12.678923, 40.230228
BONES 2
BONE 43 0.500000
BONE 53 0.500000

VERT 300
OFFSET -19.780451, -12.903968, 40.479160
BONES 2
BONE 43 0.500000
BONE 53 0.500000

VERT 301
OFFSET -19.716579, -13.132644, 40.294510
BONES 2
BONE 43 0.508562
BONE 53 0.491438

VERT 302
OFFSET -17.134396, -12.334049, 44.378407
BONES 1
BONE 37 1.000000

VERT 303
OFFSET -17.490303, -13.112286, 43.900898
BONES 2
BONE 37 0.800000
BONE 47 0.200000

VERT 304
OFFSET -17.397488, -13.146680, 43.193260
BONES 2
BONE 37 0.483811
BONE 47 0.516189

VERT 305
OFFSET -17.452061, -13.178519, 43.242020
BONES 2
BONE 37 0.397765
BONE 47 0.602235

VERT 306
OFFSET -16.975796, -12.505811, 43.003181
BONES 2
BONE 37 0.858667
BONE 47 0.141333

VERT 307
OFFSET -16.624680, -11.573974, 43.505543
BONES 1
BONE 37 1.000000

VERT 308
OFFSET -16.581026, -11.928705, 44.065224
BONES 2
BONE 37 0.804385
BONE 47 0.195615

VERT 309
OFFSET -15.578683, -14.792588, 42.659126
BONES 1
BONE 57 1.000000

VERT 310
OFFSET -15.625319, -14.537832, 42.236374
BONES 1
BONE 57 1.000000

VERT 311
OFFSET -15.816315, -14.693509, 42.611885
BONES 1
BONE 57 1.000000

VERT 312
OFFSET -15.858719, -14.306095, 42.301968
BONES 1
BONE 57 1.000000

VERT 313
OFFSET -15.643033, -14.036072, 41.934387
BONES 1
BONE 57 1.000000

VERT 314
OFFSET -15.205397, -14.169330, 42.151314
BONES 1
BONE 57 1.000000

VERT 315
OFFSET -15.215279, -14.540318, 42.442608
BONES 1
BONE 57 1.000000

VERT 316
OFFSET -15.653675, -14.325529, 43.222233
BONES 1
BONE 57 1.000000

VERT 317
OFFSET -16.046673, -14.319496, 42.914162
BONES 1
BONE 57 1.000000

VERT 318
OFFSET -16.118965, -13.923552, 42.601589
BONES 1
BONE 57 1.000000

VERT 319
