// Export filename: 'C:/Program Files/Activision/Call of Duty 4 - Modern Warfare/model_export/characters/sp_characters_arab_regular/xmodel_characters/arab_regular_al_asad/body_complete_sp_arab_regular_al_asad_dmg_lod0.XMODEL_EXPORT'
// Source filename: 'C:/Program Files/Activision/Call of Duty 4 - Modern Warfare/bin/maya/model_src/characters/body_complete_sp_arab_regular_al_asad.mb'
// Export time: Mon Jan 07 15:51:46 2008
MODEL
VERSION 6

NUMBONES 101
BONE 0 -1 "TAG_ORIGIN"
BONE 1 0 "J_MainRoot"
BONE 2 1 "J_CoatFront_LE"
BONE 3 1 "J_CoatFront_RI"
BONE 4 1 "J_CoatRear_LE"
BONE 5 1 "J_CoatRear_RI"
BONE 6 1 "J_Hip_LE"
BONE 7 1 "J_Hip_RI"
BONE 8 1 "J_SpineLower"
BONE 9 1 "TAG_STOWED_HIP_REAR"
BONE 10 6 "J_HipTwist_LE"
BONE 11 7 "J_HipTwist_RI"
BONE 12 6 "J_Knee_LE"
BONE 13 7 "J_Knee_RI"
BONE 14 8 "J_SpineUpper"
BONE 15 12 "J_Ankle_LE"
BONE 16 13 "J_Ankle_RI"
BONE 17 12 "J_Knee_Bulge_LE"
BONE 18 13 "J_Knee_Bulge_RI"
BONE 19 12 "J_KneeBuldgeUp_LE"
BONE 20 13 "J_KneeBuldgeUp_RI"
BONE 21 14 "J_Spine4"
BONE 22 15 "J_Ball_LE"
BONE 23 16 "J_Ball_RI"
BONE 24 21 "J_Clavicle_LE"
BONE 25 21 "J_Clavicle_RI"
BONE 26 21 "J_Neck"
BONE 27 21 "J_ShoulderRaise_LE"
BONE 28 21 "J_ShoulderRaise_RI"
BONE 29 21 "TAG_INHAND"
BONE 30 21 "TAG_STOWED_BACK"
BONE 31 21 "TAG_WEAPON_CHEST"
BONE 32 26 "J_Head"
BONE 33 24 "J_Shoulder_LE"
BONE 34 25 "J_Shoulder_RI"
BONE 35 32 "J_Brow_LE"
BONE 36 32 "J_Brow_RI"
BONE 37 32 "J_Cheek_LE"
BONE 38 32 "J_Cheek_RI"
BONE 39 33 "J_Elbow_Bulge_LE"
BONE 40 34 "J_Elbow_Bulge_RI"
BONE 41 33 "J_Elbow_LE"
BONE 42 34 "J_Elbow_RI"
BONE 43 32 "J_Eye_Lid_Bot_LE"
BONE 44 32 "J_Eye_Lid_Bot_RI"
BONE 45 32 "J_Eye_Lid_Top_LE"
BONE 46 32 "J_Eye_Lid_Top_RI"
BONE 47 32 "J_EyeBall_LE"
BONE 48 32 "J_EyeBall_RI"
BONE 49 32 "J_Head_END"
BONE 50 32 "J_Jaw"
BONE 51 32 "J_Levator_LE"
BONE 52 32 "J_Levator_RI"
BONE 53 32 "J_Lip_Top_LE"
BONE 54 32 "J_Lip_Top_RI"
BONE 55 32 "J_Mouth_LE"
BONE 56 32 "J_Mouth_RI"
BONE 57 33 "J_ShoulderTwist_LE"
BONE 58 34 "J_ShoulderTwist_RI"
BONE 59 32 "TAG_EYE"
BONE 60 50 "J_Chin_SkinRoll"
BONE 61 49 "J_Helmet"
BONE 62 50 "J_Lip_Bot_LE"
BONE 63 50 "J_Lip_Bot_RI"
BONE 64 41 "J_Wrist_LE"
BONE 65 42 "J_Wrist_RI"
BONE 66 41 "J_WristTwist_LE"
BONE 67 42 "J_WristTwist_RI"
BONE 68 65 "J_Gun"
BONE 69 64 "J_Index_LE_1"
BONE 70 65 "J_Index_RI_1"
BONE 71 64 "J_Mid_LE_1"
BONE 72 65 "J_Mid_RI_1"
BONE 73 64 "J_Pinky_LE_1"
BONE 74 65 "J_Pinky_RI_1"
BONE 75 64 "J_Ring_LE_1"
BONE 76 65 "J_Ring_RI_1"
BONE 77 64 "J_Thumb_LE_1"
BONE 78 65 "J_Thumb_RI_1"
BONE 79 64 "TAG_WEAPON_LEFT"
BONE 80 65 "TAG_WEAPON_RIGHT"
BONE 81 69 "J_Index_LE_2"
BONE 82 70 "J_Index_RI_2"
BONE 83 71 "J_Mid_LE_2"
BONE 84 72 "J_Mid_RI_2"
BONE 85 73 "J_Pinky_LE_2"
BONE 86 74 "J_Pinky_RI_2"
BONE 87 75 "J_Ring_LE_2"
BONE 88 76 "J_Ring_RI_2"
BONE 89 77 "J_Thumb_LE_2"
BONE 90 78 "J_Thumb_RI_2"
BONE 91 81 "J_Index_LE_3"
BONE 92 82 "J_Index_RI_3"
BONE 93 83 "J_Mid_LE_3"
BONE 94 84 "J_Mid_RI_3"
BONE 95 85 "J_Pinky_LE_3"
BONE 96 86 "J_Pinky_RI_3"
BONE 97 87 "J_Ring_LE_3"
BONE 98 88 "J_Ring_RI_3"
BONE 99 89 "J_Thumb_LE_3"
BONE 100 90 "J_Thumb_RI_3"

BONE 0
OFFSET 0.000000, -2.222280, 0.000042
SCALE 1.000000, 1.000000, 1.000000
X -0.000000, -1.000000, -0.000001
Y 1.000000, -0.000000, 0.000000
Z -0.000000, -0.000001, 1.000000

BONE 1
OFFSET -0.000002, 1.218488, 37.227966
SCALE 1.000000, 1.000000, 1.000000
X 0.000001, 0.024844, 0.999691
Y -0.000000, -0.999691, 0.024844
Z 1.000000, -0.000000, -0.000001

BONE 2
OFFSET 4.800298, -3.857339, 39.525108
SCALE 1.000000, 1.000000, 1.000000
X -0.000000, 0.072542, -0.997365
Y 0.002652, -0.997362, -0.072541
Z -0.999996, -0.002645, -0.000192

BONE 3
OFFSET -4.181000, -3.857339, 39.525066
SCALE 1.000000, 1.000000, 1.000000
X 0.000000, -0.072542, 0.997365
Y 0.002652, 0.997362, 0.072541
Z -0.999996, 0.002645, 0.000192

BONE 4
OFFSET 4.800298, 4.943824, 40.769588
SCALE 1.000000, 1.000000, 1.000000
X -0.000000, 0.072542, -0.997365
Y 0.002652, -0.997362, -0.072541
Z -0.999996, -0.002645, -0.000192

BONE 5
OFFSET -4.181000, 4.943824, 40.769547
SCALE 1.000000, 1.000000, 1.000000
X 0.000000, -0.072542, 0.997365
Y 0.002652, 0.997362, 0.072541
Z -0.999996, 0.002645, 0.000192

BONE 6
OFFSET 4.866634, 1.218493, 37.227966
SCALE 1.000000, 1.000000, 1.000000
X -0.008941, 0.033732, -0.999391
Y -0.004868, -0.999421, -0.033689
Z -0.999948, 0.004564, 0.009100

BONE 7
OFFSET -4.866655, 1.218492, 37.227951
SCALE 1.000000, 1.000000, 1.000000
X -0.008941, -0.033732, 0.999391
Y -0.004868, 0.999421, 0.033689
Z -0.999948, -0.004564, -0.009100

BONE 8
OFFSET 0.000000, 1.148655, 42.431473
SCALE 1.000000, 1.000000, 1.000000
X 0.000000, 0.029885, 0.999553
Y -0.000000, -0.999553, 0.029885
Z 1.000000, -0.000000, -0.000000

BONE 9
OFFSET -4.400563, 6.159410, 39.124432
SCALE 1.000000, 1.000000, 1.000000
X -0.414693, 0.902532, 0.116040
Y -0.907156, -0.420045, 0.025100
Z 0.071395, -0.094858, 0.992927

BONE 10
OFFSET 4.838473, 1.324736, 34.080276
SCALE 1.000000, 1.000000, 1.000000
X -0.008941, 0.033732, -0.999391
Y -0.004868, -0.999421, -0.033689
Z -0.999948, 0.004564, 0.009100

BONE 11
OFFSET -4.838495, 1.324735, 34.080265
SCALE 1.000000, 1.000000, 1.000000
X -0.008941, -0.033732, 0.999391
Y -0.004868, 0.999421, 0.033689
Z -0.999948, -0.004564, -0.009100

BONE 12
OFFSET 4.710050, 1.809233, 19.725899
SCALE 1.000000, 1.000000, 1.000000
X -0.008210, 0.167075, -0.985910
Y -0.006020, -0.985934, -0.167029
Z -0.999948, 0.004564, 0.009100

BONE 13
OFFSET -4.710042, 1.809232, 19.725906
SCALE 1.000000, 1.000000, 1.000000
X -0.008210, -0.167075, 0.985910
Y -0.006020, 0.985934, 0.167029
Z -0.999948, -0.004564, -0.009100

BONE 14
OFFSET 0.000001, 1.131230, 47.651257
SCALE 1.000000, 1.000000, 1.000000
X -0.000000, -0.020400, 0.999792
Y -0.000000, -0.999792, -0.020400
Z 1.000000, -0.000000, -0.000000

BONE 15
OFFSET 4.585543, 4.343039, 4.773947
SCALE 1.000000, 1.000000, 1.000000
X -0.000000, -0.008727, -0.999962
Y 0.016568, -0.999825, 0.008726
Z -0.999863, -0.016567, 0.000145

BONE 16
OFFSET -4.585553, 4.343031, 4.773937
SCALE 1.000000, 1.000000, 1.000000
X -0.000000, 0.008727, 0.999962
Y 0.016568, 0.999825, -0.008726
Z -0.999863, 0.016567, -0.000145

BONE 17
OFFSET 4.701850, -0.069551, 19.767147
SCALE 1.000000, 1.000000, 1.000000
X 0.000000, 0.029885, 0.999553
Y -0.000000, -0.999553, 0.029885
Z 1.000000, -0.000000, -0.000000

BONE 18
OFFSET -4.690285, -0.069032, 19.763584
SCALE 1.000000, 1.000000, 1.000000
X 0.000000, -0.029885, -0.999553
Y -0.000000, 0.999553, -0.029885
Z 1.000000, 0.000000, 0.000000

BONE 19
OFFSET 4.719001, -1.255419, 22.249353
SCALE 1.000000, 1.000000, 1.000000
X -0.008210, 0.167075, -0.985910
Y -0.006020, -0.985934, -0.167029
Z -0.999948, 0.004564, 0.009100

BONE 20
OFFSET -4.719001, -1.255420, 22.249361
SCALE 1.000000, 1.000000, 1.000000
X -0.008210, -0.167075, 0.985910
Y -0.006020, 0.985934, 0.167029
Z -0.999948, -0.004564, -0.009100

BONE 21
OFFSET 0.000001, 1.067723, 51.757832
SCALE 1.000000, 1.000000, 1.000000
X -0.000000, -0.047081, 0.998891
Y -0.000000, -0.998891, -0.047081
Z 1.000000, -0.000000, 0.000000

BONE 22
OFFSET 4.747776, -1.236665, 0.327431
SCALE 1.000000, 1.000000, 1.000000
X 0.016317, -0.983120, 0.182235
Y -0.002877, 0.182212, 0.983255
Z -0.999863, -0.016568, 0.000145

BONE 23
OFFSET -4.747797, -1.236665, 0.327431
SCALE 1.000000, 1.000000, 1.000000
X 0.016317, 0.983120, -0.182235
Y -0.002879, -0.182212, -0.983255
Z -0.999863, 0.016568, -0.000143

BONE 24
OFFSET 1.355828, 1.015794, 56.399803
SCALE 1.000000, 1.000000, 1.000000
X 0.997183, -0.019402, 0.072459
Y 0.018076, 0.999658, 0.018911
Z -0.072801, -0.017548, 0.997192

BONE 25
OFFSET -1.355905, 1.015648, 56.399899
SCALE 1.000000, 1.000000, 1.000000
X 0.997186, 0.019401, -0.072407
Y 0.018075, -0.999658, -0.018920
Z -0.072749, 0.017558, -0.997196

BONE 26
OFFSET -0.000002, 0.504256, 60.542095
SCALE 1.000000, 1.000000, 1.000000
X 0.000000, -0.309774, 0.950810
Y -0.000001, -0.950810, -0.309774
Z 1.000000, -0.000001, -0.000000

BONE 27
OFFSET 4.025234, 0.920854, 58.859055
SCALE 1.000000, 1.000000, 1.000000
X -0.997186, 0.019402, -0.072416
Y -0.018077, -0.999658, -0.018911
Z -0.072758, -0.017548, 0.997195

BONE 28
OFFSET -4.025216, 0.920854, 58.859196
SCALE 1.000000, 1.000000, 1.000000
X -0.997186, -0.019402, 0.072416
Y -0.018077, 0.999658, 0.018911
Z -0.072758, 0.017548, -0.997195

BONE 29
OFFSET -28.520136, -12.712922, 38.934380
SCALE 1.000000, 1.000000, 1.000000
X 1.000000, 0.000000, 0.000000
Y 0.000000, -0.764280, -0.644884
Z 0.000000, 0.644884, -0.764280

BONE 30
OFFSET -3.775173, 8.839887, 50.031521
SCALE 1.000000, 1.000000, 1.000000
X 0.083350, 0.104318, -0.991045
Y -0.176866, 0.980265, 0.088308
Z 0.980699, 0.167921, 0.100156

BONE 31
OFFSET -28.520138, -12.712922, 38.934380
SCALE 1.000000, 1.000000, 1.000000
X -0.000000, -1.000000, 0.000000
Y 1.000000, -0.000000, 0.000000
Z 0.000000, 0.000000, 1.000000

BONE 32
OFFSET -0.000002, -0.306596, 63.520977
SCALE 1.000000, 1.000000, 1.000000
X 0.000000, -0.216437, 0.976297
Y -0.000001, -0.976297, -0.216437
Z 1.000000, -0.000001, -0.000000

BONE 33
OFFSET 7.725936, 0.891849, 56.862682
SCALE 1.000000, 1.000000, 1.000000
X 0.663005, -0.260588, -0.701797
Y 0.273791, 0.956920, -0.096662
Z 0.696752, -0.128058, 0.705789

BONE 34
OFFSET -7.726031, 0.891714, 56.862442
SCALE 1.000000, 1.000000, 1.000000
X 0.662999, 0.260580, 0.701805
Y 0.273788, -0.956921, 0.096655
Z 0.696758, 0.128063, -0.705782

BONE 35
OFFSET 1.378116, -4.782938, 67.474968
SCALE 1.000000, 1.000000, 1.000000
X 1.000000, 0.000000, 0.000000
Y 0.000000, 1.000000, 0.000000
Z 0.000000, 0.000000, 1.000000

BONE 36
OFFSET -1.378119, -4.782952, 67.474953
SCALE 1.000000, 1.000000, 1.000000
X 1.000000, 0.000000, 0.000000
Y 0.000000, -1.000000, 0.000000
Z 0.000000, -0.000000, -1.000000

BONE 37
OFFSET 1.546879, -4.760053, 65.022591
SCALE 1.000000, 1.000000, 1.000000
X 1.000000, 0.000000, 0.000000
Y 0.000000, 1.000000, 0.000000
Z 0.000000, 0.000000, 1.000000

BONE 38
OFFSET -1.546960, -4.760063, 65.022514
SCALE 1.000000, 1.000000, 1.000000
X 1.000000, 0.000000, 0.000000
Y 0.000000, -1.000000, 0.000000
Z 0.000000, -0.000000, -1.000000

BONE 39
OFFSET 15.846998, -1.630825, 48.641865
SCALE 1.000000, 1.000000, 1.000000
X 0.294637, -0.846008, -0.444364
Y 0.654007, 0.517563, -0.551727
Z 0.696752, -0.128058, 0.705789

BONE 40
OFFSET -15.847039, -1.630937, 48.641567
SCALE 1.000000, 1.000000, 1.000000
X 0.294635, 0.846004, 0.444374
Y 0.654002, -0.517569, 0.551728
Z 0.696758, 0.128063, -0.705782

BONE 41
OFFSET 15.744246, -1.804257, 48.711834
SCALE 1.000000, 1.000000, 1.000000
X 0.294637, -0.846008, -0.444364
Y 0.654007, 0.517563, -0.551727
Z 0.696752, -0.128058, 0.705789

BONE 42
OFFSET -15.744276, -1.804298, 48.711559
SCALE 1.000000, 1.000000, 1.000000
X 0.294635, 0.846004, 0.444374
Y 0.654002, -0.517569, 0.551728
Z 0.696758, 0.128063, -0.705782

BONE 43
OFFSET 1.323604, -3.960750, 66.060493
SCALE 1.000000, 1.000000, 1.000000
X 0.997030, 0.064687, 0.041792
Y -0.064730, 0.997903, -0.000333
Z -0.041726, -0.002373, 0.999126

BONE 44
OFFSET -1.323608, -3.960767, 66.060677
SCALE 1.000000, 1.000000, 1.000000
X 0.997073, -0.064693, -0.040738
Y -0.064739, -0.997902, 0.000209
Z -0.040666, 0.002429, -0.999170

BONE 45
OFFSET 1.322467, -3.965173, 66.143600
SCALE 1.000000, 1.000000, 1.000000
X 0.997049, 0.064690, 0.041331
Y -0.064763, 0.997901, 0.000423
Z -0.041217, -0.003098, 0.999145

BONE 46
OFFSET -1.322470, -3.965164, 66.143707
SCALE 1.000000, 1.000000, 1.000000
X 0.997006, -0.064684, -0.042378
Y -0.064764, -0.997900, -0.000521
Z -0.042256, 0.003264, -0.999102

BONE 47
OFFSET 1.236430, -4.022447, 66.101601
SCALE 1.000000, 1.000000, 1.000000
X 0.978223, 0.207554, -0.000578
Y -0.207555, 0.978217, -0.003508
Z -0.000162, 0.003552, 0.999994

BONE 48
OFFSET -1.165568, -4.022348, 66.101036
SCALE 1.000000, 1.000000, 1.000000
X 0.977873, -0.209196, 0.001196
Y -0.209198, -0.977867, 0.003380
Z 0.000462, -0.003556, -0.999994

BONE 49
OFFSET -0.000539, -1.399439, 69.807854
SCALE 1.000000, 1.000000, 1.000000
X 0.000000, -0.216437, 0.976297
Y -0.000001, -0.976297, -0.216437
Z 1.000000, -0.000001, -0.000000

BONE 50
OFFSET -0.000006, -1.436554, 63.812054
SCALE 1.000000, 1.000000, 1.000000
X 1.000000, 0.000000, 0.000000
Y 0.000000, 1.000000, 0.000000
Z 0.000000, 0.000000, 1.000000

BONE 51
OFFSET 0.526587, -5.613742, 65.111015
SCALE 1.000000, 1.000000, 1.000000
X 1.000000, 0.000000, 0.000000
Y 0.000000, 1.000000, 0.000000
Z 0.000000, 0.000000, 1.000000

BONE 52
OFFSET -0.522688, -5.613789, 65.111168
SCALE 1.000000, 1.000000, 1.000000
X 1.000000, 0.000000, 0.000000
Y 0.000000, -1.000000, -0.000000
Z 0.000000, 0.000000, -1.000000

BONE 53
OFFSET 0.457118, -5.540866, 63.295742
SCALE 1.000000, 1.000000, 1.000000
X 1.000000, 0.000000, 0.000000
Y 0.000000, 1.000000, 0.000000
Z 0.000000, 0.000000, 1.000000

BONE 54
OFFSET -0.457124, -5.540882, 63.295601
SCALE 1.000000, 1.000000, 1.000000
X 1.000000, 0.000000, 0.000000
Y 0.000000, -1.000000, 0.000000
Z 0.000000, -0.000000, -1.000000

BONE 55
OFFSET 1.034322, -5.051300, 63.204529
SCALE 1.000000, 1.000000, 1.000000
X 1.000000, 0.000000, 0.000000
Y 0.000000, 1.000000, 0.000000
Z 0.000000, 0.000000, 1.000000

BONE 56
OFFSET -1.034323, -5.051798, 63.205017
SCALE 1.000000, 1.000000, 1.000000
X 1.000000, 0.000000, 0.000000
Y 0.000000, 1.000000, 0.000000
Z 0.000000, 0.000000, 1.000000

BONE 57
OFFSET 8.032678, 0.771287, 56.537991
SCALE 1.000000, 1.000000, 1.000000
X 0.663005, -0.260588, -0.701797
Y 0.273791, 0.956920, -0.096662
Z 0.696752, -0.128058, 0.705789

BONE 58
OFFSET -8.002132, 0.783197, 56.570179
SCALE 1.000000, 1.000000, 1.000000
X 0.662999, 0.260580, 0.701805
Y 0.273788, -0.956921, 0.096655
Z 0.696758, 0.128063, -0.705782

BONE 59
OFFSET -0.000005, -4.333891, 66.322533
SCALE 1.000000, 1.000000, 1.000000
X 0.000000, -0.939692, 0.342023
Y 1.000000, -0.000000, -0.000001
Z 0.000001, 0.342023, 0.939692

BONE 60
OFFSET -0.000006, -4.706913, 61.977989
SCALE 1.000000, 1.000000, 1.000000
X 1.000000, 0.000000, 0.000000
Y 0.000000, 1.000000, 0.000000
Z 0.000000, 0.000000, 1.000000

BONE 61
OFFSET -0.000535, -0.362045, 71.243202
SCALE 1.000000, 1.000000, 1.000000
X 0.000001, -0.999048, 0.043622
Y 1.000000, 0.000001, -0.000003
Z 0.000003, 0.043622, 0.999048

BONE 62
OFFSET 0.468695, -5.487819, 63.192028
SCALE 1.000000, 1.000000, 1.000000
X 1.000000, 0.000000, 0.000000
Y 0.000000, 1.000000, 0.000000
Z 0.000000, 0.000000, 1.000000

BONE 63
OFFSET -0.468699, -5.487815, 63.191929
SCALE 1.000000, 1.000000, 1.000000
X 1.000000, 0.000000, 0.000000
Y 0.000000, -1.000000, 0.000000
Z 0.000000, -0.000000, -1.000000

BONE 64
OFFSET 18.586214, -10.419991, 44.089035
SCALE 1.000000, 1.000000, 1.000000
X 0.298827, -0.782224, -0.546651
Y -0.792532, 0.115673, -0.598759
Z 0.531597, 0.612164, -0.585371

BONE 65
OFFSET -18.586237, -10.420011, 44.088718
SCALE 1.000000, 1.000000, 1.000000
X 0.298824, 0.782219, 0.546661
Y -0.792537, -0.115677, 0.598752
Z 0.531591, -0.612171, 0.585370

BONE 66
OFFSET 17.753962, -7.897583, 45.442307
SCALE 1.000000, 1.000000, 1.000000
X 0.294637, -0.846008, -0.444364
Y 0.654007, 0.517563, -0.551727
Z 0.696752, -0.128058, 0.705789

BONE 67
OFFSET -17.754225, -7.897605, 45.442154
SCALE 1.000000, 1.000000, 1.000000
X 0.294635, 0.846004, 0.444374
Y 0.654002, -0.517569, 0.551728
Z 0.696758, 0.128063, -0.705782

BONE 68
OFFSET -28.520025, -12.712697, 38.934025
SCALE 1.000000, 1.000000, 1.000000
X -0.000002, -1.000000, -0.000009
Y 1.000000, -0.000002, 0.000008
Z -0.000008, -0.000009, 1.000000

BONE 69
OFFSET 18.943417, -14.119981, 43.296013
SCALE 1.000000, 1.000000, 1.000000
X 0.252372, -0.921980, -0.293703
Y -0.670111, 0.052433, -0.740407
Z 0.698040, 0.383671, -0.604596

BONE 70
OFFSET -18.943443, -14.120003, 43.295769
SCALE 1.000000, 1.000000, 1.000000
X 0.252372, 0.921977, 0.293714
Y -0.670117, -0.052439, 0.740401
Z 0.698034, -0.383679, 0.604598

BONE 71
OFFSET 19.641989, -13.609539, 42.701622
SCALE 1.000000, 1.000000, 1.000000
X 0.066676, -0.793898, -0.604384
Y -0.837131, 0.285089, -0.466836
Z 0.542924, 0.537075, -0.645588

BONE 72
OFFSET -19.641981, -13.609523, 42.701279
SCALE 1.000000, 1.000000, 1.000000
X 0.066673, 0.793892, 0.604392
Y -0.837135, -0.285092, 0.466827
Z 0.542917, -0.537082, 0.645587

BONE 73
OFFSET 20.410463, -12.161435, 41.479580
SCALE 1.000000, 1.000000, 1.000000
X -0.099502, -0.722206, -0.684483
Y -0.847956, 0.421480, -0.321443
Z 0.520644, 0.548427, -0.654337

BONE 74
OFFSET -20.410471, -12.161439, 41.479237
SCALE 1.000000, 1.000000, 1.000000
X -0.099506, 0.722200, 0.684489
Y -0.847960, -0.421481, 0.321432
Z 0.520637, -0.548435, 0.654336

BONE 75
OFFSET 20.114433, -12.877874, 42.061359
SCALE 1.000000, 1.000000, 1.000000
X -0.006153, -0.739036, -0.673638
Y -0.878925, 0.325280, -0.348831
Z 0.476920, 0.589931, -0.651559

BONE 76
OFFSET -20.114414, -12.877863, 42.061123
SCALE 1.000000, 1.000000, 1.000000
X -0.006157, 0.739030, 0.673645
Y -0.878929, -0.325281, 0.348821
Z 0.476913, -0.589938, 0.651557

BONE 77
OFFSET 18.473318, -11.542684, 44.177166
SCALE 1.000000, 1.000000, 1.000000
X -0.766464, -0.594188, -0.243871
Y 0.525112, -0.361068, -0.770641
Z 0.369852, -0.718728, 0.588761

BONE 78
OFFSET -18.473328, -11.542689, 44.176899
SCALE 1.000000, 1.000000, 1.000000
X -0.766465, 0.594188, 0.243870
Y 0.525106, 0.361059, 0.770649
Z 0.369859, 0.718733, -0.588751

BONE 79
OFFSET -28.520058, -12.712775, 38.934483
SCALE 1.000000, 1.000000, 1.000000
X 0.000000, -1.000000, 0.000000
Y 1.000000, 0.000000, 0.000000
Z 0.000000, 0.000000, 1.000000

BONE 80
OFFSET -28.520025, -12.712697, 38.934025
SCALE 1.000000, 1.000000, 1.000000
X -0.000002, -1.000000, -0.000009
Y 0.998880, -0.000002, -0.047321
Z 0.047321, -0.000009, 0.998880

BONE 81
OFFSET 19.334723, -15.549521, 42.840626
SCALE 1.000000, 1.000000, 1.000000
X -0.305669, -0.603884, -0.736132
Y -0.647539, 0.698656, -0.304258
Z 0.698040, 0.383672, -0.604596

BONE 82
OFFSET -19.334742, -15.549525, 42.840240
SCALE 1.000000, 1.000000, 1.000000
X -0.305674, 0.603878, 0.736135
Y -0.647543, -0.698657, 0.304247
Z 0.698034, -0.383679, 0.604598

BONE 83
OFFSET 19.765709, -15.082642, 41.580170
SCALE 1.000000, 1.000000, 1.000000
X -0.742615, -0.051907, -0.667704
Y -0.392118, 0.841936, 0.370658
Z 0.542924, 0.537075, -0.645588

BONE 84
OFFSET -19.765715, -15.082623, 41.579609
SCALE 1.000000, 1.000000, 1.000000
X -0.742620, 0.051903, 0.667698
Y -0.392117, -0.841932, -0.370669
Z 0.542918, -0.537082, 0.645588

BONE 85
OFFSET 20.291183, -13.027181, 40.659054
SCALE 1.000000, 1.000000, 1.000000
X -0.734281, -0.103406, -0.670923
Y -0.435615, 0.829780, 0.348862
Z 0.520644, 0.548427, -0.654337

BONE 86
OFFSET -20.291176, -13.027180, 40.658760
SCALE 1.000000, 1.000000, 1.000000
X -0.734287, 0.103402, 0.670918
Y -0.435614, -0.829776, -0.348873
Z 0.520638, -0.548434, 0.654337

BONE 87
OFFSET 20.104082, -14.121078, 40.928165
SCALE 1.000000, 1.000000, 1.000000
X -0.750659, -0.112245, -0.651086
Y -0.457230, 0.799613, 0.389306
Z 0.476919, 0.589932, -0.651558

BONE 88
OFFSET -20.104094, -14.121080, 40.927647
SCALE 1.000000, 1.000000, 1.000000
X -0.750664, 0.112241, 0.651080
Y -0.457229, -0.799609, -0.389317
Z 0.476912, -0.589939, 0.651557

BONE 89
OFFSET 16.629265, -12.972254, 43.590431
SCALE 1.000000, 1.000000, 1.000000
X -0.513943, -0.686180, -0.514801
Y 0.773998, -0.112190, -0.623170
Z 0.369851, -0.718728, 0.588761

BONE 90
OFFSET -16.629271, -12.972255, 43.589893
SCALE 1.000000, 1.000000, 1.000000
X -0.513946, 0.686176, 0.514803
Y 0.773993, 0.112182, 0.623177
Z 0.369858, 0.718733, -0.588751

BONE 91
OFFSET 19.037628, -16.136465, 42.125145
SCALE 1.000000, 1.000000, 1.000000
X -0.554197, -0.245199, -0.795452
Y -0.453439, 0.890322, 0.041472
Z 0.698039, 0.383672, -0.604596

BONE 92
OFFSET -19.037651, -16.136448, 42.124882
SCALE 1.000000, 1.000000, 1.000000
X -0.554203, 0.245193, 0.795449
Y -0.453441, -0.890320, -0.041484
Z 0.698033, -0.383680, 0.604599

BONE 93
OFFSET 18.947680, -15.139820, 40.844662
SCALE 1.000000, 1.000000, 1.000000
X -0.836716, 0.280325, -0.470451
Y -0.071693, 0.795593, 0.601574
Z 0.542924, 0.537075, -0.645588

BONE 94
OFFSET -18.947678, -15.139823, 40.844185
SCALE 1.000000, 1.000000, 1.000000
X -0.836721, -0.280327, 0.470441
Y -0.071690, -0.795587, -0.601582
Z 0.542917, -0.537082, 0.645588

BONE 95
OFFSET 19.784124, -13.098587, 40.195744
SCALE 1.000000, 1.000000, 1.000000
X -0.853757, 0.339265, -0.394967
Y 0.005383, 0.764282, 0.644859
Z 0.520644, 0.548427, -0.654337

BONE 96
OFFSET -19.784124, -13.098555, 40.195335
SCALE 1.000000, 1.000000, 1.000000
X -0.853761, -0.339267, 0.394957
Y 0.005387, -0.764276, -0.644866
Z 0.520638, -0.548434, 0.654337

BONE 97
OFFSET 19.396255, -14.226916, 40.314236
SCALE 1.000000, 1.000000, 1.000000
X -0.861547, 0.166994, -0.479426
Y -0.174022, 0.789996, 0.587897
Z 0.476920, 0.589931, -0.651558

BONE 98
OFFSET -19.396254, -14.226903, 40.313873
SCALE 1.000000, 1.000000, 1.000000
X -0.861552, -0.166996, 0.479417
Y -0.174019, -0.789990, -0.587905
Z 0.476913, -0.589939, 0.651557

BONE 99
OFFSET 16.015339, -13.791925, 42.975479
SCALE 1.000000, 1.000000, 1.000000
X -0.178370, -0.676836, -0.714197
Y 0.911808, 0.159130, -0.378528
Z 0.369851, -0.718729, 0.588761

BONE 100
OFFSET -16.015329, -13.791936, 42.974930
SCALE 1.000000, 1.000000, 1.000000
X -0.178374, 0.676830, 0.714202
Y 0.911805, -0.159134, 0.378534
Z 0.369857, 0.718733, -0.588751

NUMVERTS 3745
VERT 0
OFFSET 14.954227, -1.001303, 48.819866
BONES 1
BONE 66 1.000000

VERT 1
OFFSET 17.181988, -2.192423, 47.591480
BONES 1
BONE 66 1.000000

VERT 2
OFFSET 16.662468, -2.120691, 46.900661
BONES 1
BONE 66 1.000000

VERT 3
OFFSET 17.722204, -3.078063, 47.023235
BONES 1
BONE 66 1.000000

VERT 4
OFFSET 17.090059, -2.996638, 46.178753
BONES 1
BONE 66 1.000000

VERT 5
OFFSET 15.485461, -3.668098, 48.869148
BONES 1
BONE 66 1.000000

VERT 6
OFFSET 14.738968, -3.632329, 48.450237
BONES 1
BONE 66 1.000000

VERT 7
OFFSET 14.460140, -3.344280, 47.760273
BONES 1
BONE 66 1.000000

VERT 8
OFFSET 16.083515, -3.245973, 45.901375
BONES 1
BONE 66 1.000000

VERT 9
OFFSET 15.158542, -3.793837, 46.272915
BONES 1
BONE 66 1.000000

VERT 10
OFFSET 16.109640, -3.426101, 48.966499
BONES 1
BONE 66 1.000000

VERT 11
OFFSET 16.918957, -5.790774, 48.088806
BONES 1
BONE 66 1.000000

VERT 12
OFFSET 18.167721, -7.320239, 46.626415
BONES 1
BONE 66 1.000000

VERT 13
OFFSET 17.522408, -5.192895, 47.866856
BONES 1
BONE 66 1.000000

VERT 14
OFFSET 18.607529, -7.106571, 45.972977
BONES 1
BONE 66 1.000000

VERT 15
OFFSET 18.117086, -4.754782, 47.190590
BONES 1
BONE 66 1.000000

VERT 16
OFFSET 18.746140, -6.862992, 45.334648
BONES 1
BONE 66 1.000000

VERT 17
OFFSET 18.190105, -4.519403, 46.305206
BONES 1
BONE 66 1.000000

VERT 18
OFFSET 18.292582, -6.802085, 44.614189
BONES 1
BONE 66 1.000000

VERT 19
OFFSET 17.646521, -4.518524, 45.426441
BONES 1
BONE 66 1.000000

VERT 20
OFFSET 16.732100, -4.853396, 45.183128
BONES 1
BONE 66 1.000000

VERT 21
OFFSET 16.268480, -6.258804, 47.791553
BONES 1
BONE 66 1.000000

VERT 22
OFFSET 15.890145, -5.421553, 45.554955
BONES 1
BONE 66 1.000000

VERT 23
OFFSET 15.498099, -6.053537, 46.383076
BONES 1
BONE 66 1.000000

VERT 24
OFFSET 15.639814, -6.380934, 47.182442
BONES 1
BONE 66 1.000000

VERT 25
OFFSET 14.812125, -4.711511, 47.123924
BONES 1
BONE 66 1.000000

VERT 26
OFFSET 15.112744, -4.948962, 47.995426
BONES 1
BONE 66 1.000000

VERT 27
OFFSET 15.734727, -4.894533, 48.527470
BONES 1
BONE 66 1.000000

VERT 28
OFFSET 16.447742, -4.594122, 48.685719
BONES 1
BONE 66 1.000000

VERT 29
OFFSET 18.606497, -9.677835, 43.114567
BONES 2
BONE 66 0.773419
BONE 64 0.226581

VERT 30
OFFSET 18.191851, -9.042244, 43.809841
BONES 1
BONE 66 1.000000

VERT 31
OFFSET 18.179724, -9.897362, 43.334644
BONES 2
BONE 66 0.861884
BONE 64 0.138116

VERT 32
OFFSET 19.668072, -10.216456, 42.637402
BONES 1
BONE 64 1.000000

VERT 33
OFFSET 19.157795, -9.672993, 43.351967
BONES 2
BONE 66 0.751910
BONE 64 0.248090

VERT 34
OFFSET 17.576891, -9.469960, 44.170868
BONES 1
BONE 66 1.000000

VERT 35
OFFSET 17.550196, -10.299212, 43.811024
BONES 2
BONE 66 0.767126
BONE 64 0.232874

VERT 36
OFFSET 18.795589, -8.653622, 43.857876
BONES 2
BONE 66 0.961065
BONE 64 0.038935

VERT 37
OFFSET 19.897087, -10.264724, 42.975590
BONES 1
BONE 64 1.000000

VERT 38
OFFSET 19.485708, -9.626889, 43.681496
BONES 2
BONE 66 0.725099
BONE 64 0.274901

VERT 39
OFFSET 19.555159, -9.733819, 44.134644
BONES 2
BONE 66 0.850000
BONE 64 0.150000

VERT 40
OFFSET 18.546377, -8.022914, 44.195274
BONES 1
BONE 66 1.000000

VERT 41
OFFSET 17.226929, -9.815275, 44.622444
BONES 1
BONE 66 1.000000

VERT 42
OFFSET 17.280472, -10.105354, 45.116142
BONES 1
BONE 66 1.000000

VERT 43
OFFSET 17.699923, -10.135394, 45.467323
BONES 1
BONE 66 1.000000

VERT 44
OFFSET 18.209370, -10.108504, 45.688187
BONES 2
BONE 66 0.995152
BONE 64 0.004848

VERT 45
OFFSET 19.363859, -8.749684, 44.475197
BONES 2
BONE 66 0.923204
BONE 64 0.076796

VERT 46
OFFSET 17.580538, -7.745022, 46.766922
BONES 1
BONE 66 1.000000

VERT 47
OFFSET 17.090128, -8.053719, 46.517273
BONES 1
BONE 66 1.000000

VERT 48
OFFSET 16.645981, -8.025274, 45.351646
BONES 1
BONE 66 1.000000

VERT 49
OFFSET 16.688128, -8.111157, 46.012688
BONES 1
BONE 66 1.000000

VERT 50
OFFSET 19.014843, -8.066969, 44.811810
BONES 1
BONE 66 1.000000

VERT 51
OFFSET 18.061378, -9.178976, 46.046062
BONES 1
BONE 66 1.000000

VERT 52
OFFSET 17.176811, -9.209567, 44.907875
BONES 1
BONE 66 1.000000

VERT 53
OFFSET 19.339960, -13.107441, 39.631496
BONES 1
BONE 95 1.000000

VERT 54
OFFSET 19.136377, -13.144370, 39.911419
BONES 1
BONE 95 1.000000

VERT 55
OFFSET 19.252363, -13.044922, 40.087009
BONES 1
BONE 95 1.000000

VERT 56
OFFSET 20.162323, -13.113977, 40.112991
BONES 2
BONE 85 0.199552
BONE 95 0.800448

VERT 57
OFFSET 19.554014, -13.242756, 39.789764
BONES 1
BONE 95 1.000000

VERT 58
OFFSET 16.934607, -13.145591, 43.249210
BONES 2
BONE 77 0.581729
BONE 89 0.418271

VERT 59
OFFSET 16.911221, -13.352363, 44.009449
BONES 2
BONE 77 0.593705
BONE 89 0.406295

VERT 60
OFFSET 17.557558, -13.380157, 43.493702
BONES 2
BONE 64 0.564164
BONE 77 0.435836

VERT 61
OFFSET 18.308346, -13.409646, 43.342915
BONES 2
BONE 64 0.584587
BONE 77 0.415413

VERT 62
OFFSET 17.693386, -12.735552, 43.312599
BONES 2
BONE 64 0.020674
BONE 77 0.979326

VERT 63
OFFSET 17.203346, -12.467953, 43.234253
BONES 2
BONE 64 0.020674
BONE 77 0.979326

VERT 64
OFFSET 16.641535, -12.251575, 43.374409
BONES 1
BONE 77 1.000000

VERT 65
OFFSET 16.411299, -12.670749, 43.168110
BONES 3
BONE 77 0.657893
BONE 89 0.232664
BONE 99 0.109443

VERT 66
OFFSET 18.816889, -12.998505, 42.950787
BONES 1
BONE 64 1.000000

VERT 67
OFFSET 19.502716, -13.277755, 42.394882
BONES 1
BONE 64 1.000000

VERT 68
OFFSET 19.156891, -12.294921, 42.237007
BONES 1
BONE 64 1.000000

VERT 69
OFFSET 19.480236, -12.901102, 41.946064
BONES 2
BONE 64 0.947478
BONE 87 0.052522

VERT 70
OFFSET 19.614016, -11.773937, 41.530708
BONES 1
BONE 64 1.000000

VERT 71
OFFSET 19.957874, -12.401378, 41.406693
BONES 1
BONE 73 1.000000

VERT 72
OFFSET 20.413229, -12.063543, 41.328739
BONES 1
BONE 73 1.000000

VERT 73
OFFSET 20.285038, -11.656220, 41.437401
BONES 1
BONE 64 1.000000

VERT 74
OFFSET 19.605787, -12.472755, 41.723621
BONES 1
BONE 64 1.000000

VERT 75
OFFSET 20.201614, -12.842165, 41.729527
BONES 1
BONE 64 1.000000

VERT 76
OFFSET 19.216339, -10.717795, 42.090157
BONES 1
BONE 64 1.000000

VERT 77
OFFSET 18.601221, -11.135276, 42.557480
BONES 1
BONE 64 1.000000

VERT 78
OFFSET 18.151379, -11.441692, 43.420078
BONES 2
BONE 64 0.904332
BONE 77 0.095668

VERT 79
OFFSET 17.829763, -11.529094, 43.365356
BONES 2
BONE 64 0.248649
BONE 77 0.751351

VERT 80
OFFSET 20.030630, -10.781220, 41.993702
BONES 1
BONE 64 1.000000

VERT 81
OFFSET 17.232244, -10.569961, 44.311024
BONES 2
BONE 66 0.857433
BONE 64 0.142567

VERT 82
OFFSET 15.867520, -13.284369, 42.721653
BONES 2
BONE 89 0.583627
BONE 99 0.416373

VERT 83
OFFSET 15.861339, -13.465315, 42.490944
BONES 2
BONE 89 0.191088
BONE 99 0.808912

VERT 84
OFFSET 20.551889, -12.574607, 40.646454
BONES 2
BONE 73 0.377052
BONE 85 0.622948

VERT 85
OFFSET 20.168898, -12.727165, 40.955120
BONES 2
BONE 73 0.404660
BONE 85 0.595340

VERT 86
OFFSET 19.644213, -12.911968, 40.499210
BONES 2
BONE 85 0.271820
BONE 95 0.728180

VERT 87
OFFSET 20.087440, -12.764213, 40.221260
BONES 2
BONE 85 0.385765
BONE 95 0.614235

VERT 88
OFFSET 19.804527, -12.844606, 40.603939
BONES 2
BONE 85 0.471820
BONE 95 0.528180

VERT 89
OFFSET 20.034962, -12.775040, 40.820473
BONES 2
BONE 73 0.204660
BONE 85 0.795340

VERT 90
OFFSET 20.282637, -13.239017, 41.139370
BONES 2
BONE 73 0.223746
BONE 85 0.776254

VERT 91
OFFSET 17.162992, -11.322952, 43.971260
BONES 4
BONE 66 0.109849
BONE 64 0.033232
BONE 77 0.839433
BONE 89 0.017487

VERT 92
OFFSET 16.820787, -11.736575, 44.560631
BONES 4
BONE 66 0.084971
BONE 64 0.031579
BONE 77 0.827876
BONE 89 0.055575

VERT 93
OFFSET 16.143070, -12.625433, 44.194489
BONES 2
BONE 77 0.891827
BONE 89 0.108173

VERT 94
OFFSET 16.222401, -12.233543, 43.780315
BONES 2
BONE 77 0.962626
BONE 89 0.037374

VERT 95
OFFSET 16.796890, -11.505472, 44.258663
BONES 4
BONE 66 0.109849
BONE 64 0.033232
BONE 77 0.839433
BONE 89 0.017487

VERT 96
OFFSET 16.412756, -12.857520, 44.425987
BONES 2
BONE 77 0.883073
BONE 89 0.116927

VERT 97
OFFSET 16.990749, -13.133700, 44.414173
BONES 3
BONE 64 0.028661
BONE 77 0.803962
BONE 89 0.167377

VERT 98
OFFSET 17.789330, -13.285275, 44.343700
BONES 2
BONE 64 0.484324
BONE 77 0.515676

VERT 99
OFFSET 16.338701, -13.118229, 44.176376
BONES 2
BONE 77 0.561133
BONE 89 0.438867

VERT 100
OFFSET 16.070000, -12.891103, 43.913387
BONES 2
BONE 77 0.620757
BONE 89 0.379243

VERT 101
OFFSET 16.102993, -12.673347, 43.589764
BONES 1
BONE 77 1.000000

VERT 102
OFFSET 20.183857, -12.998228, 43.145275
BONES 1
BONE 64 1.000000

VERT 103
OFFSET 20.529016, -12.641614, 42.940945
BONES 1
BONE 64 1.000000

VERT 104
OFFSET 20.716063, -13.106339, 42.690945
BONES 1
BONE 64 1.000000

VERT 105
OFFSET 20.635630, -12.572480, 42.309055
BONES 1
BONE 64 1.000000

VERT 106
OFFSET 20.477165, -12.306496, 42.587399
BONES 1
BONE 64 1.000000

VERT 107
OFFSET 20.638582, -11.779134, 42.454330
BONES 1
BONE 64 1.000000

VERT 108
OFFSET 20.954962, -12.206535, 42.072048
BONES 1
BONE 64 1.000000

VERT 109
OFFSET 20.771143, -11.842716, 41.818897
BONES 1
BONE 64 1.000000

VERT 110
OFFSET 20.763662, -12.092953, 41.583073
BONES 1
BONE 73 1.000000

VERT 111
OFFSET 20.879211, -12.393268, 41.825592
BONES 1
BONE 73 1.000000

VERT 112
OFFSET 20.405079, -11.067323, 42.309845
BONES 1
BONE 64 1.000000

VERT 113
OFFSET 19.967087, -10.555158, 43.626770
BONES 1
BONE 64 1.000000

VERT 114
OFFSET 19.879330, -10.860354, 44.025982
BONES 1
BONE 64 1.000000

VERT 115
OFFSET 20.666771, -12.679646, 42.008266
BONES 1
BONE 73 1.000000

VERT 116
OFFSET 20.851337, -13.083622, 40.920475
BONES 2
BONE 73 0.657069
BONE 85 0.342931

VERT 117
OFFSET 20.720512, -13.289804, 41.038189
BONES 2
BONE 73 0.541595
BONE 85 0.458405

VERT 118
OFFSET 20.818386, -12.865314, 40.748425
BONES 2
BONE 73 0.539968
BONE 85 0.460032

VERT 119
OFFSET 20.773741, -12.993857, 40.551968
BONES 2
BONE 73 0.299840
BONE 85 0.700160

VERT 120
OFFSET 20.348858, -13.105946, 40.237011
BONES 2
BONE 85 0.500800
BONE 95 0.499200

VERT 121
OFFSET 20.754566, -13.233464, 40.662991
BONES 2
BONE 73 0.423976
BONE 85 0.576024

VERT 122
OFFSET 20.574488, -12.892441, 42.079922
BONES 1
BONE 75 1.000000

VERT 123
OFFSET 15.644449, -13.611219, 42.700787
BONES 2
BONE 89 0.145249
BONE 99 0.854751

VERT 124
OFFSET 15.597599, -13.450946, 43.018898
BONES 2
BONE 89 0.532524
BONE 99 0.467476

VERT 125
OFFSET 17.453268, -12.378779, 44.957874
BONES 2
BONE 64 0.060911
BONE 77 0.939089

VERT 126
OFFSET 17.743149, -10.912205, 45.257088
BONES 3
BONE 66 0.763411
BONE 64 0.036589
BONE 77 0.200000

VERT 127
OFFSET 18.325354, -10.791811, 45.359447
BONES 2
BONE 66 0.974682
BONE 64 0.025318

VERT 128
OFFSET 18.303503, -12.195985, 44.905510
BONES 2
BONE 64 0.523033
BONE 77 0.476967

VERT 129
OFFSET 17.025906, -12.046968, 44.802361
BONES 2
BONE 64 0.023042
BONE 77 0.976958

VERT 130
OFFSET 17.343622, -10.881457, 44.918507
BONES 2
BONE 66 0.952084
BONE 64 0.047916

VERT 131
OFFSET 18.740276, -11.837126, 44.883858
BONES 2
BONE 64 0.859141
BONE 77 0.140859

VERT 132
OFFSET 19.346298, -11.528819, 44.577164
BONES 1
BONE 64 1.000000

VERT 133
OFFSET 19.667244, -11.137322, 44.264568
BONES 1
BONE 64 1.000000

VERT 134
OFFSET 19.194645, -13.349173, 39.632679
BONES 1
BONE 95 1.000000

VERT 135
OFFSET 19.156340, -13.483662, 39.998817
BONES 1
BONE 95 1.000000

VERT 136
OFFSET 19.870827, -13.976771, 40.131889
BONES 2
BONE 87 0.411944
BONE 97 0.588056

VERT 137
OFFSET 18.901024, -13.748739, 40.305511
BONES 1
BONE 97 1.000000

VERT 138
OFFSET 19.027441, -13.635039, 39.670868
BONES 1
BONE 97 1.000000

VERT 139
OFFSET 18.723385, -13.763031, 40.017323
BONES 1
BONE 97 1.000000

VERT 140
OFFSET 18.570787, -14.229528, 39.998032
BONES 1
BONE 97 1.000000

VERT 141
OFFSET 18.662874, -13.912912, 39.680317
BONES 1
BONE 97 1.000000

VERT 142
OFFSET 18.322008, -14.944291, 40.073624
BONES 1
BONE 93 1.000000

VERT 143
OFFSET 18.724842, -15.074369, 39.864964
BONES 1
BONE 93 1.000000

VERT 144
OFFSET 18.268269, -15.106850, 39.918503
BONES 1
BONE 93 1.000000

VERT 145
OFFSET 20.096260, -13.388425, 40.138584
BONES 2
BONE 85 0.263009
BONE 95 0.736991

VERT 146
OFFSET 19.771496, -13.380237, 39.950787
BONES 1
BONE 95 1.000000

VERT 147
OFFSET 19.319290, -13.566378, 39.858269
BONES 1
BONE 95 1.000000

VERT 148
OFFSET 19.406418, -13.430708, 39.626770
BONES 1
BONE 95 1.000000

VERT 149
OFFSET 18.878700, -14.122992, 39.589371
BONES 1
BONE 97 1.000000

VERT 150
OFFSET 19.096378, -13.885354, 39.614960
BONES 1
BONE 97 1.000000

VERT 151
OFFSET 19.624094, -14.588740, 39.933071
BONES 2
BONE 87 0.334707
BONE 97 0.665293

VERT 152
OFFSET 19.263189, -14.308937, 39.858269
BONES 1
BONE 97 1.000000

VERT 153
OFFSET 18.739763, -14.243505, 39.875587
BONES 1
BONE 97 1.000000

VERT 154
OFFSET 19.931141, -14.360354, 40.014568
BONES 2
BONE 87 0.556961
BONE 97 0.443039

VERT 155
OFFSET 18.311102, -15.483150, 40.206299
BONES 1
BONE 93 1.000000

VERT 156
OFFSET 18.411259, -15.333622, 39.856693
BONES 1
BONE 93 1.000000

VERT 157
OFFSET 16.423386, -13.566615, 42.861416
BONES 2
BONE 89 0.278202
BONE 99 0.721798

VERT 158
OFFSET 16.418779, -13.943623, 43.300396
BONES 2
BONE 89 0.657749
BONE 99 0.342251

VERT 159
OFFSET 16.424450, -13.788976, 42.612991
BONES 1
BONE 99 1.000000

VERT 160
OFFSET 16.388504, -14.143346, 43.055904
BONES 2
BONE 89 0.201597
BONE 99 0.798403

VERT 161
OFFSET 17.653740, -13.562835, 44.025589
BONES 2
BONE 64 0.484324
BONE 77 0.515676

VERT 162
OFFSET 18.428347, -14.035551, 43.910236
BONES 1
BONE 64 1.000000

VERT 163
OFFSET 18.632519, -14.427520, 43.837402
BONES 1
BONE 64 1.000000

VERT 164
OFFSET 18.687874, -14.115039, 43.239765
BONES 3
BONE 64 0.743120
BONE 69 0.192556
BONE 81 0.064324

VERT 165
OFFSET 18.894606, -13.875275, 42.857876
BONES 1
BONE 64 1.000000

VERT 166
OFFSET 19.115866, -13.665040, 42.646061
BONES 3
BONE 64 0.743120
BONE 71 0.211359
BONE 83 0.045521

VERT 167
OFFSET 19.832441, -13.382835, 40.642914
BONES 2
BONE 85 0.342902
BONE 95 0.657098

VERT 168
OFFSET 20.432795, -13.743385, 40.930706
BONES 2
BONE 75 0.192812
BONE 87 0.807187

VERT 169
OFFSET 19.858347, -13.790355, 41.198818
BONES 2
BONE 75 0.474809
BONE 87 0.525191

VERT 170
OFFSET 19.776970, -13.867165, 41.062202
BONES 2
BONE 75 0.274809
BONE 87 0.725191

VERT 171
OFFSET 19.349724, -13.979488, 40.576378
BONES 2
BONE 87 0.267129
BONE 97 0.732871

VERT 172
OFFSET 19.995787, -14.438347, 41.421654
BONES 2
BONE 75 0.545143
BONE 87 0.454857

VERT 173
OFFSET 19.361259, -14.573424, 40.536221
BONES 2
BONE 87 0.375906
BONE 97 0.624094

VERT 174
OFFSET 19.459921, -13.970237, 40.675983
BONES 2
BONE 87 0.467129
BONE 97 0.532871

VERT 175
OFFSET 19.838701, -13.376772, 41.740948
BONES 1
BONE 75 1.000000

VERT 176
OFFSET 20.097757, -14.892008, 41.341732
BONES 2
BONE 71 0.440050
BONE 83 0.559950

VERT 177
OFFSET 20.027559, -13.661811, 42.344883
BONES 1
BONE 64 1.000000

VERT 178
OFFSET 19.276731, -14.057875, 42.464962
BONES 1
BONE 71 1.000000

VERT 179
OFFSET 19.534567, -14.899410, 41.759449
BONES 2
BONE 71 0.400000
BONE 83 0.600000

VERT 180
OFFSET 18.942480, -15.021811, 40.905907
BONES 2
BONE 83 0.153700
BONE 93 0.846300

VERT 181
OFFSET 19.503464, -15.236063, 40.477955
BONES 2
BONE 83 0.308216
BONE 93 0.691784

VERT 182
OFFSET 19.137125, -15.032717, 40.984253
BONES 2
BONE 83 0.353700
BONE 93 0.646300

VERT 183
OFFSET 18.498779, -14.834410, 40.340157
BONES 1
BONE 93 1.000000

VERT 184
OFFSET 19.399607, -15.437481, 41.953148
BONES 1
BONE 83 1.000000

VERT 185
OFFSET 18.845354, -15.582874, 41.062202
BONES 2
BONE 83 0.372653
BONE 93 0.627347

VERT 186
OFFSET 19.420946, -14.905196, 41.544491
BONES 2
BONE 71 0.329260
BONE 83 0.670740

VERT 187
OFFSET 19.451456, -14.262322, 43.058662
BONES 1
BONE 64 1.000000

VERT 188
OFFSET 18.169489, -15.278229, 40.315746
BONES 1
BONE 93 1.000000

VERT 189
OFFSET 19.396299, -15.334173, 42.409451
BONES 2
BONE 69 0.232300
BONE 81 0.767700

VERT 190
OFFSET 18.702440, -14.300945, 43.103939
BONES 1
BONE 69 1.000000

VERT 191
OFFSET 18.861534, -15.239370, 42.719685
BONES 2
BONE 69 0.488421
BONE 81 0.511579

VERT 192
OFFSET 18.744331, -14.722992, 43.640553
BONES 1
BONE 69 1.000000

VERT 193
OFFSET 18.348818, -16.211378, 42.328739
BONES 2
BONE 81 0.464490
BONE 91 0.535510

VERT 194
OFFSET 17.747875, -16.055119, 41.508659
BONES 1
BONE 91 1.000000

VERT 195
OFFSET 17.976614, -15.690709, 41.435040
BONES 1
BONE 91 1.000000

VERT 196
OFFSET 18.455473, -15.731142, 42.005119
BONES 2
BONE 81 0.600000
BONE 91 0.400000

VERT 197
OFFSET 18.768307, -15.428465, 42.544884
BONES 1
BONE 81 1.000000

VERT 198
OFFSET 18.713976, -15.749763, 42.990944
BONES 2
BONE 69 0.616000
BONE 81 0.384000

VERT 199
OFFSET 19.041733, -15.851378, 41.757874
BONES 2
BONE 81 0.491504
BONE 91 0.508496

VERT 200
OFFSET 18.153109, -15.746811, 40.992126
BONES 1
BONE 91 1.000000

VERT 201
OFFSET 18.588110, -15.716378, 42.131889
BONES 1
BONE 81 1.000000

VERT 202
OFFSET 17.849369, -15.982204, 41.124016
BONES 1
BONE 91 1.000000

VERT 203
OFFSET 16.006298, -14.408464, 42.188580
BONES 1
BONE 99 1.000000

VERT 204
