// Export filename: 'C:/Program Files/Activision/Call of Duty 4 - Modern Warfare/model_export/characters/sp_characters_arab_regular/xmodel_characters/arab_regular_al_asad/body_complete_sp_arab_regular_al_asad_dmg_lod2.XMODEL_EXPORT'
// Source filename: 'C:/Program Files/Activision/Call of Duty 4 - Modern Warfare/bin/maya/model_src/characters/body_complete_sp_arab_regular_al_asad.mb'
// Export time: Mon Jan 07 15:51:51 2008
MODEL
VERSION 6

NUMBONES 101
BONE 0 -1 "TAG_ORIGIN"
BONE 1 0 "J_MainRoot"
BONE 2 1 "J_CoatFront_LE"
BONE 3 1 "J_CoatFront_RI"
BONE 4 1 "J_CoatRear_LE"
BONE 5 1 "J_CoatRear_RI"
BONE 6 1 "J_Hip_LE"
BONE 7 1 "J_Hip_RI"
BONE 8 1 "J_SpineLower"
BONE 9 1 "TAG_STOWED_HIP_REAR"
BONE 10 6 "J_HipTwist_LE"
BONE 11 7 "J_HipTwist_RI"
BONE 12 6 "J_Knee_LE"
BONE 13 7 "J_Knee_RI"
BONE 14 8 "J_SpineUpper"
BONE 15 12 "J_Ankle_LE"
BONE 16 13 "J_Ankle_RI"
BONE 17 12 "J_Knee_Bulge_LE"
BONE 18 13 "J_Knee_Bulge_RI"
BONE 19 12 "J_KneeBuldgeUp_LE"
BONE 20 13 "J_KneeBuldgeUp_RI"
BONE 21 14 "J_Spine4"
BONE 22 15 "J_Ball_LE"
BONE 23 16 "J_Ball_RI"
BONE 24 21 "J_Clavicle_LE"
BONE 25 21 "J_Clavicle_RI"
BONE 26 21 "J_Neck"
BONE 27 21 "J_ShoulderRaise_LE"
BONE 28 21 "J_ShoulderRaise_RI"
BONE 29 21 "TAG_INHAND"
BONE 30 21 "TAG_STOWED_BACK"
BONE 31 21 "TAG_WEAPON_CHEST"
BONE 32 26 "J_Head"
BONE 33 24 "J_Shoulder_LE"
BONE 34 25 "J_Shoulder_RI"
BONE 35 32 "J_Brow_LE"
BONE 36 32 "J_Brow_RI"
BONE 37 32 "J_Cheek_LE"
BONE 38 32 "J_Cheek_RI"
BONE 39 33 "J_Elbow_Bulge_LE"
BONE 40 34 "J_Elbow_Bulge_RI"
BONE 41 33 "J_Elbow_LE"
BONE 42 34 "J_Elbow_RI"
BONE 43 32 "J_Eye_Lid_Bot_LE"
BONE 44 32 "J_Eye_Lid_Bot_RI"
BONE 45 32 "J_Eye_Lid_Top_LE"
BONE 46 32 "J_Eye_Lid_Top_RI"
BONE 47 32 "J_EyeBall_LE"
BONE 48 32 "J_EyeBall_RI"
BONE 49 32 "J_Head_END"
BONE 50 32 "J_Jaw"
BONE 51 32 "J_Levator_LE"
BONE 52 32 "J_Levator_RI"
BONE 53 32 "J_Lip_Top_LE"
BONE 54 32 "J_Lip_Top_RI"
BONE 55 32 "J_Mouth_LE"
BONE 56 32 "J_Mouth_RI"
BONE 57 33 "J_ShoulderTwist_LE"
BONE 58 34 "J_ShoulderTwist_RI"
BONE 59 32 "TAG_EYE"
BONE 60 50 "J_Chin_SkinRoll"
BONE 61 49 "J_Helmet"
BONE 62 50 "J_Lip_Bot_LE"
BONE 63 50 "J_Lip_Bot_RI"
BONE 64 41 "J_Wrist_LE"
BONE 65 42 "J_Wrist_RI"
BONE 66 41 "J_WristTwist_LE"
BONE 67 42 "J_WristTwist_RI"
BONE 68 65 "J_Gun"
BONE 69 64 "J_Index_LE_1"
BONE 70 65 "J_Index_RI_1"
BONE 71 64 "J_Mid_LE_1"
BONE 72 65 "J_Mid_RI_1"
BONE 73 64 "J_Pinky_LE_1"
BONE 74 65 "J_Pinky_RI_1"
BONE 75 64 "J_Ring_LE_1"
BONE 76 65 "J_Ring_RI_1"
BONE 77 64 "J_Thumb_LE_1"
BONE 78 65 "J_Thumb_RI_1"
BONE 79 64 "TAG_WEAPON_LEFT"
BONE 80 65 "TAG_WEAPON_RIGHT"
BONE 81 69 "J_Index_LE_2"
BONE 82 70 "J_Index_RI_2"
BONE 83 71 "J_Mid_LE_2"
BONE 84 72 "J_Mid_RI_2"
BONE 85 73 "J_Pinky_LE_2"
BONE 86 74 "J_Pinky_RI_2"
BONE 87 75 "J_Ring_LE_2"
BONE 88 76 "J_Ring_RI_2"
BONE 89 77 "J_Thumb_LE_2"
BONE 90 78 "J_Thumb_RI_2"
BONE 91 81 "J_Index_LE_3"
BONE 92 82 "J_Index_RI_3"
BONE 93 83 "J_Mid_LE_3"
BONE 94 84 "J_Mid_RI_3"
BONE 95 85 "J_Pinky_LE_3"
BONE 96 86 "J_Pinky_RI_3"
BONE 97 87 "J_Ring_LE_3"
BONE 98 88 "J_Ring_RI_3"
BONE 99 89 "J_Thumb_LE_3"
BONE 100 90 "J_Thumb_RI_3"

BONE 0
OFFSET 0.000000, -2.222280, 0.000042
SCALE 1.000000, 1.000000, 1.000000
X -0.000000, -1.000000, -0.000001
Y 1.000000, -0.000000, 0.000000
Z -0.000000, -0.000001, 1.000000

BONE 1
OFFSET -0.000002, 1.218488, 37.227966
SCALE 1.000000, 1.000000, 1.000000
X 0.000001, 0.024844, 0.999691
Y -0.000000, -0.999691, 0.024844
Z 1.000000, -0.000000, -0.000001

BONE 2
OFFSET 4.800298, -3.857339, 39.525108
SCALE 1.000000, 1.000000, 1.000000
X -0.000000, 0.072542, -0.997365
Y 0.002652, -0.997362, -0.072541
Z -0.999996, -0.002645, -0.000192

BONE 3
OFFSET -4.181000, -3.857339, 39.525066
SCALE 1.000000, 1.000000, 1.000000
X 0.000000, -0.072542, 0.997365
Y 0.002652, 0.997362, 0.072541
Z -0.999996, 0.002645, 0.000192

BONE 4
OFFSET 4.800298, 4.943824, 40.769588
SCALE 1.000000, 1.000000, 1.000000
X -0.000000, 0.072542, -0.997365
Y 0.002652, -0.997362, -0.072541
Z -0.999996, -0.002645, -0.000192

BONE 5
OFFSET -4.181000, 4.943824, 40.769547
SCALE 1.000000, 1.000000, 1.000000
X 0.000000, -0.072542, 0.997365
Y 0.002652, 0.997362, 0.072541
Z -0.999996, 0.002645, 0.000192

BONE 6
OFFSET 4.866634, 1.218493, 37.227966
SCALE 1.000000, 1.000000, 1.000000
X -0.008941, 0.033732, -0.999391
Y -0.004868, -0.999421, -0.033689
Z -0.999948, 0.004564, 0.009100

BONE 7
OFFSET -4.866655, 1.218492, 37.227951
SCALE 1.000000, 1.000000, 1.000000
X -0.008941, -0.033732, 0.999391
Y -0.004868, 0.999421, 0.033689
Z -0.999948, -0.004564, -0.009100

BONE 8
OFFSET 0.000000, 1.148655, 42.431473
SCALE 1.000000, 1.000000, 1.000000
X 0.000000, 0.029885, 0.999553
Y -0.000000, -0.999553, 0.029885
Z 1.000000, -0.000000, -0.000000

BONE 9
OFFSET -4.400563, 6.159410, 39.124432
SCALE 1.000000, 1.000000, 1.000000
X -0.414693, 0.902532, 0.116040
Y -0.907156, -0.420045, 0.025100
Z 0.071395, -0.094858, 0.992927

BONE 10
OFFSET 4.838473, 1.324736, 34.080276
SCALE 1.000000, 1.000000, 1.000000
X -0.008941, 0.033732, -0.999391
Y -0.004868, -0.999421, -0.033689
Z -0.999948, 0.004564, 0.009100

BONE 11
OFFSET -4.838495, 1.324735, 34.080265
SCALE 1.000000, 1.000000, 1.000000
X -0.008941, -0.033732, 0.999391
Y -0.004868, 0.999421, 0.033689
Z -0.999948, -0.004564, -0.009100

BONE 12
OFFSET 4.710050, 1.809233, 19.725899
SCALE 1.000000, 1.000000, 1.000000
X -0.008210, 0.167075, -0.985910
Y -0.006020, -0.985934, -0.167029
Z -0.999948, 0.004564, 0.009100

BONE 13
OFFSET -4.710042, 1.809232, 19.725906
SCALE 1.000000, 1.000000, 1.000000
X -0.008210, -0.167075, 0.985910
Y -0.006020, 0.985934, 0.167029
Z -0.999948, -0.004564, -0.009100

BONE 14
OFFSET 0.000001, 1.131230, 47.651257
SCALE 1.000000, 1.000000, 1.000000
X -0.000000, -0.020400, 0.999792
Y -0.000000, -0.999792, -0.020400
Z 1.000000, -0.000000, -0.000000

BONE 15
OFFSET 4.585543, 4.343039, 4.773947
SCALE 1.000000, 1.000000, 1.000000
X -0.000000, -0.008727, -0.999962
Y 0.016568, -0.999825, 0.008726
Z -0.999863, -0.016567, 0.000145

BONE 16
OFFSET -4.585553, 4.343031, 4.773937
SCALE 1.000000, 1.000000, 1.000000
X -0.000000, 0.008727, 0.999962
Y 0.016568, 0.999825, -0.008726
Z -0.999863, 0.016567, -0.000145

BONE 17
OFFSET 4.701850, -0.069551, 19.767147
SCALE 1.000000, 1.000000, 1.000000
X 0.000000, 0.029885, 0.999553
Y -0.000000, -0.999553, 0.029885
Z 1.000000, -0.000000, -0.000000

BONE 18
OFFSET -4.690285, -0.069032, 19.763584
SCALE 1.000000, 1.000000, 1.000000
X 0.000000, -0.029885, -0.999553
Y -0.000000, 0.999553, -0.029885
Z 1.000000, 0.000000, 0.000000

BONE 19
OFFSET 4.719001, -1.255419, 22.249353
SCALE 1.000000, 1.000000, 1.000000
X -0.008210, 0.167075, -0.985910
Y -0.006020, -0.985934, -0.167029
Z -0.999948, 0.004564, 0.009100

BONE 20
OFFSET -4.719001, -1.255420, 22.249361
SCALE 1.000000, 1.000000, 1.000000
X -0.008210, -0.167075, 0.985910
Y -0.006020, 0.985934, 0.167029
Z -0.999948, -0.004564, -0.009100

BONE 21
OFFSET 0.000001, 1.067723, 51.757832
SCALE 1.000000, 1.000000, 1.000000
X -0.000000, -0.047081, 0.998891
Y -0.000000, -0.998891, -0.047081
Z 1.000000, -0.000000, 0.000000

BONE 22
OFFSET 4.747776, -1.236665, 0.327431
SCALE 1.000000, 1.000000, 1.000000
X 0.016317, -0.983120, 0.182235
Y -0.002877, 0.182212, 0.983255
Z -0.999863, -0.016568, 0.000145

BONE 23
OFFSET -4.747797, -1.236665, 0.327431
SCALE 1.000000, 1.000000, 1.000000
X 0.016317, 0.983120, -0.182235
Y -0.002879, -0.182212, -0.983255
Z -0.999863, 0.016568, -0.000143

BONE 24
OFFSET 1.355828, 1.015794, 56.399803
SCALE 1.000000, 1.000000, 1.000000
X 0.997183, -0.019402, 0.072459
Y 0.018076, 0.999658, 0.018911
Z -0.072801, -0.017548, 0.997192

BONE 25
OFFSET -1.355905, 1.015648, 56.399899
SCALE 1.000000, 1.000000, 1.000000
X 0.997186, 0.019401, -0.072407
Y 0.018075, -0.999658, -0.018920
Z -0.072749, 0.017558, -0.997196

BONE 26
OFFSET -0.000002, 0.504256, 60.542095
SCALE 1.000000, 1.000000, 1.000000
X 0.000000, -0.309774, 0.950810
Y -0.000001, -0.950810, -0.309774
Z 1.000000, -0.000001, -0.000000

BONE 27
OFFSET 4.025234, 0.920854, 58.859055
SCALE 1.000000, 1.000000, 1.000000
X -0.997186, 0.019402, -0.072416
Y -0.018077, -0.999658, -0.018911
Z -0.072758, -0.017548, 0.997195

BONE 28
OFFSET -4.025216, 0.920854, 58.859196
SCALE 1.000000, 1.000000, 1.000000
X -0.997186, -0.019402, 0.072416
Y -0.018077, 0.999658, 0.018911
Z -0.072758, 0.017548, -0.997195

BONE 29
OFFSET -28.520136, -12.712922, 38.934380
SCALE 1.000000, 1.000000, 1.000000
X 1.000000, 0.000000, 0.000000
Y 0.000000, -0.764280, -0.644884
Z 0.000000, 0.644884, -0.764280

BONE 30
OFFSET -3.775173, 8.839887, 50.031521
SCALE 1.000000, 1.000000, 1.000000
X 0.083350, 0.104318, -0.991045
Y -0.176866, 0.980265, 0.088308
Z 0.980699, 0.167921, 0.100156

BONE 31
OFFSET -28.520138, -12.712922, 38.934380
SCALE 1.000000, 1.000000, 1.000000
X -0.000000, -1.000000, 0.000000
Y 1.000000, -0.000000, 0.000000
Z 0.000000, 0.000000, 1.000000

BONE 32
OFFSET -0.000002, -0.306596, 63.520977
SCALE 1.000000, 1.000000, 1.000000
X 0.000000, -0.216437, 0.976297
Y -0.000001, -0.976297, -0.216437
Z 1.000000, -0.000001, -0.000000

BONE 33
OFFSET 7.725936, 0.891849, 56.862682
SCALE 1.000000, 1.000000, 1.000000
X 0.663005, -0.260588, -0.701797
Y 0.273791, 0.956920, -0.096662
Z 0.696752, -0.128058, 0.705789

BONE 34
OFFSET -7.726031, 0.891714, 56.862442
SCALE 1.000000, 1.000000, 1.000000
X 0.662999, 0.260580, 0.701805
Y 0.273788, -0.956921, 0.096655
Z 0.696758, 0.128063, -0.705782

BONE 35
OFFSET 1.378116, -4.782938, 67.474968
SCALE 1.000000, 1.000000, 1.000000
X 1.000000, 0.000000, 0.000000
Y 0.000000, 1.000000, 0.000000
Z 0.000000, 0.000000, 1.000000

BONE 36
OFFSET -1.378119, -4.782952, 67.474953
SCALE 1.000000, 1.000000, 1.000000
X 1.000000, 0.000000, 0.000000
Y 0.000000, -1.000000, 0.000000
Z 0.000000, -0.000000, -1.000000

BONE 37
OFFSET 1.546879, -4.760053, 65.022591
SCALE 1.000000, 1.000000, 1.000000
X 1.000000, 0.000000, 0.000000
Y 0.000000, 1.000000, 0.000000
Z 0.000000, 0.000000, 1.000000

BONE 38
OFFSET -1.546960, -4.760063, 65.022514
SCALE 1.000000, 1.000000, 1.000000
X 1.000000, 0.000000, 0.000000
Y 0.000000, -1.000000, 0.000000
Z 0.000000, -0.000000, -1.000000

BONE 39
OFFSET 15.846998, -1.630825, 48.641865
SCALE 1.000000, 1.000000, 1.000000
X 0.294637, -0.846008, -0.444364
Y 0.654007, 0.517563, -0.551727
Z 0.696752, -0.128058, 0.705789

BONE 40
OFFSET -15.847039, -1.630937, 48.641567
SCALE 1.000000, 1.000000, 1.000000
X 0.294635, 0.846004, 0.444374
Y 0.654002, -0.517569, 0.551728
Z 0.696758, 0.128063, -0.705782

BONE 41
OFFSET 15.744246, -1.804257, 48.711834
SCALE 1.000000, 1.000000, 1.000000
X 0.294637, -0.846008, -0.444364
Y 0.654007, 0.517563, -0.551727
Z 0.696752, -0.128058, 0.705789

BONE 42
OFFSET -15.744276, -1.804298, 48.711559
SCALE 1.000000, 1.000000, 1.000000
X 0.294635, 0.846004, 0.444374
Y 0.654002, -0.517569, 0.551728
Z 0.696758, 0.128063, -0.705782

BONE 43
OFFSET 1.323604, -3.960750, 66.060493
SCALE 1.000000, 1.000000, 1.000000
X 0.997030, 0.064687, 0.041792
Y -0.064730, 0.997903, -0.000333
Z -0.041726, -0.002373, 0.999126

BONE 44
OFFSET -1.323608, -3.960767, 66.060677
SCALE 1.000000, 1.000000, 1.000000
X 0.997073, -0.064693, -0.040738
Y -0.064739, -0.997902, 0.000209
Z -0.040666, 0.002429, -0.999170

BONE 45
OFFSET 1.322467, -3.965173, 66.143600
SCALE 1.000000, 1.000000, 1.000000
X 0.997049, 0.064690, 0.041331
Y -0.064763, 0.997901, 0.000423
Z -0.041217, -0.003098, 0.999145

BONE 46
OFFSET -1.322470, -3.965164, 66.143707
SCALE 1.000000, 1.000000, 1.000000
X 0.997006, -0.064684, -0.042378
Y -0.064764, -0.997900, -0.000521
Z -0.042256, 0.003264, -0.999102

BONE 47
OFFSET 1.236430, -4.022447, 66.101601
SCALE 1.000000, 1.000000, 1.000000
X 0.978223, 0.207554, -0.000578
Y -0.207555, 0.978217, -0.003508
Z -0.000162, 0.003552, 0.999994

BONE 48
OFFSET -1.165568, -4.022348, 66.101036
SCALE 1.000000, 1.000000, 1.000000
X 0.977873, -0.209196, 0.001196
Y -0.209198, -0.977867, 0.003380
Z 0.000462, -0.003556, -0.999994

BONE 49
OFFSET -0.000539, -1.399439, 69.807854
SCALE 1.000000, 1.000000, 1.000000
X 0.000000, -0.216437, 0.976297
Y -0.000001, -0.976297, -0.216437
Z 1.000000, -0.000001, -0.000000

BONE 50
OFFSET -0.000006, -1.436554, 63.812054
SCALE 1.000000, 1.000000, 1.000000
X 1.000000, 0.000000, 0.000000
Y 0.000000, 1.000000, 0.000000
Z 0.000000, 0.000000, 1.000000

BONE 51
OFFSET 0.526587, -5.613742, 65.111015
SCALE 1.000000, 1.000000, 1.000000
X 1.000000, 0.000000, 0.000000
Y 0.000000, 1.000000, 0.000000
Z 0.000000, 0.000000, 1.000000

BONE 52
OFFSET -0.522688, -5.613789, 65.111168
SCALE 1.000000, 1.000000, 1.000000
X 1.000000, 0.000000, 0.000000
Y 0.000000, -1.000000, -0.000000
Z 0.000000, 0.000000, -1.000000

BONE 53
OFFSET 0.457118, -5.540866, 63.295742
SCALE 1.000000, 1.000000, 1.000000
X 1.000000, 0.000000, 0.000000
Y 0.000000, 1.000000, 0.000000
Z 0.000000, 0.000000, 1.000000

BONE 54
OFFSET -0.457124, -5.540882, 63.295601
SCALE 1.000000, 1.000000, 1.000000
X 1.000000, 0.000000, 0.000000
Y 0.000000, -1.000000, 0.000000
Z 0.000000, -0.000000, -1.000000

BONE 55
OFFSET 1.034322, -5.051300, 63.204529
SCALE 1.000000, 1.000000, 1.000000
X 1.000000, 0.000000, 0.000000
Y 0.000000, 1.000000, 0.000000
Z 0.000000, 0.000000, 1.000000

BONE 56
OFFSET -1.034323, -5.051798, 63.205017
SCALE 1.000000, 1.000000, 1.000000
X 1.000000, 0.000000, 0.000000
Y 0.000000, 1.000000, 0.000000
Z 0.000000, 0.000000, 1.000000

BONE 57
OFFSET 8.032678, 0.771287, 56.537991
SCALE 1.000000, 1.000000, 1.000000
X 0.663005, -0.260588, -0.701797
Y 0.273791, 0.956920, -0.096662
Z 0.696752, -0.128058, 0.705789

BONE 58
OFFSET -8.002132, 0.783197, 56.570179
SCALE 1.000000, 1.000000, 1.000000
X 0.662999, 0.260580, 0.701805
Y 0.273788, -0.956921, 0.096655
Z 0.696758, 0.128063, -0.705782

BONE 59
OFFSET -0.000005, -4.333891, 66.322533
SCALE 1.000000, 1.000000, 1.000000
X 0.000000, -0.939692, 0.342023
Y 1.000000, -0.000000, -0.000001
Z 0.000001, 0.342023, 0.939692

BONE 60
OFFSET -0.000006, -4.706913, 61.977989
SCALE 1.000000, 1.000000, 1.000000
X 1.000000, 0.000000, 0.000000
Y 0.000000, 1.000000, 0.000000
Z 0.000000, 0.000000, 1.000000

BONE 61
OFFSET -0.000535, -0.362045, 71.243202
SCALE 1.000000, 1.000000, 1.000000
X 0.000001, -0.999048, 0.043622
Y 1.000000, 0.000001, -0.000003
Z 0.000003, 0.043622, 0.999048

BONE 62
OFFSET 0.468695, -5.487819, 63.192028
SCALE 1.000000, 1.000000, 1.000000
X 1.000000, 0.000000, 0.000000
Y 0.000000, 1.000000, 0.000000
Z 0.000000, 0.000000, 1.000000

BONE 63
OFFSET -0.468699, -5.487815, 63.191929
SCALE 1.000000, 1.000000, 1.000000
X 1.000000, 0.000000, 0.000000
Y 0.000000, -1.000000, 0.000000
Z 0.000000, -0.000000, -1.000000

BONE 64
OFFSET 18.586214, -10.419991, 44.089035
SCALE 1.000000, 1.000000, 1.000000
X 0.298827, -0.782224, -0.546651
Y -0.792532, 0.115673, -0.598759
Z 0.531597, 0.612164, -0.585371

BONE 65
OFFSET -18.586237, -10.420011, 44.088718
SCALE 1.000000, 1.000000, 1.000000
X 0.298824, 0.782219, 0.546661
Y -0.792537, -0.115677, 0.598752
Z 0.531591, -0.612171, 0.585370

BONE 66
OFFSET 17.753962, -7.897583, 45.442307
SCALE 1.000000, 1.000000, 1.000000
X 0.294637, -0.846008, -0.444364
Y 0.654007, 0.517563, -0.551727
Z 0.696752, -0.128058, 0.705789

BONE 67
OFFSET -17.754225, -7.897605, 45.442154
SCALE 1.000000, 1.000000, 1.000000
X 0.294635, 0.846004, 0.444374
Y 0.654002, -0.517569, 0.551728
Z 0.696758, 0.128063, -0.705782

BONE 68
OFFSET -28.520025, -12.712697, 38.934025
SCALE 1.000000, 1.000000, 1.000000
X -0.000002, -1.000000, -0.000009
Y 1.000000, -0.000002, 0.000008
Z -0.000008, -0.000009, 1.000000

BONE 69
OFFSET 18.943417, -14.119981, 43.296013
SCALE 1.000000, 1.000000, 1.000000
X 0.252372, -0.921980, -0.293703
Y -0.670111, 0.052433, -0.740407
Z 0.698040, 0.383671, -0.604596

BONE 70
OFFSET -18.943443, -14.120003, 43.295769
SCALE 1.000000, 1.000000, 1.000000
X 0.252372, 0.921977, 0.293714
Y -0.670117, -0.052439, 0.740401
Z 0.698034, -0.383679, 0.604598

BONE 71
OFFSET 19.641989, -13.609539, 42.701622
SCALE 1.000000, 1.000000, 1.000000
X 0.066676, -0.793898, -0.604384
Y -0.837131, 0.285089, -0.466836
Z 0.542924, 0.537075, -0.645588

BONE 72
OFFSET -19.641981, -13.609523, 42.701279
SCALE 1.000000, 1.000000, 1.000000
X 0.066673, 0.793892, 0.604392
Y -0.837135, -0.285092, 0.466827
Z 0.542917, -0.537082, 0.645587

BONE 73
OFFSET 20.410463, -12.161435, 41.479580
SCALE 1.000000, 1.000000, 1.000000
X -0.099502, -0.722206, -0.684483
Y -0.847956, 0.421480, -0.321443
Z 0.520644, 0.548427, -0.654337

BONE 74
OFFSET -20.410471, -12.161439, 41.479237
SCALE 1.000000, 1.000000, 1.000000
X -0.099506, 0.722200, 0.684489
Y -0.847960, -0.421481, 0.321432
Z 0.520637, -0.548435, 0.654336

BONE 75
OFFSET 20.114433, -12.877874, 42.061359
SCALE 1.000000, 1.000000, 1.000000
X -0.006153, -0.739036, -0.673638
Y -0.878925, 0.325280, -0.348831
Z 0.476920, 0.589931, -0.651559

BONE 76
OFFSET -20.114414, -12.877863, 42.061123
SCALE 1.000000, 1.000000, 1.000000
X -0.006157, 0.739030, 0.673645
Y -0.878929, -0.325281, 0.348821
Z 0.476913, -0.589938, 0.651557

BONE 77
OFFSET 18.473318, -11.542684, 44.177166
SCALE 1.000000, 1.000000, 1.000000
X -0.766464, -0.594188, -0.243871
Y 0.525112, -0.361068, -0.770641
Z 0.369852, -0.718728, 0.588761

BONE 78
OFFSET -18.473328, -11.542689, 44.176899
SCALE 1.000000, 1.000000, 1.000000
X -0.766465, 0.594188, 0.243870
Y 0.525106, 0.361059, 0.770649
Z 0.369859, 0.718733, -0.588751

BONE 79
OFFSET -28.520058, -12.712775, 38.934483
SCALE 1.000000, 1.000000, 1.000000
X 0.000000, -1.000000, 0.000000
Y 1.000000, 0.000000, 0.000000
Z 0.000000, 0.000000, 1.000000

BONE 80
OFFSET -28.520025, -12.712697, 38.934025
SCALE 1.000000, 1.000000, 1.000000
X -0.000002, -1.000000, -0.000009
Y 0.998880, -0.000002, -0.047321
Z 0.047321, -0.000009, 0.998880

BONE 81
OFFSET 19.334723, -15.549521, 42.840626
SCALE 1.000000, 1.000000, 1.000000
X -0.305669, -0.603884, -0.736132
Y -0.647539, 0.698656, -0.304258
Z 0.698040, 0.383672, -0.604596

BONE 82
OFFSET -19.334742, -15.549525, 42.840240
SCALE 1.000000, 1.000000, 1.000000
X -0.305674, 0.603878, 0.736135
Y -0.647543, -0.698657, 0.304247
Z 0.698034, -0.383679, 0.604598

BONE 83
OFFSET 19.765709, -15.082642, 41.580170
SCALE 1.000000, 1.000000, 1.000000
X -0.742615, -0.051907, -0.667704
Y -0.392118, 0.841936, 0.370658
Z 0.542924, 0.537075, -0.645588

BONE 84
OFFSET -19.765715, -15.082623, 41.579609
SCALE 1.000000, 1.000000, 1.000000
X -0.742620, 0.051903, 0.667698
Y -0.392117, -0.841932, -0.370669
Z 0.542918, -0.537082, 0.645588

BONE 85
OFFSET 20.291183, -13.027181, 40.659054
SCALE 1.000000, 1.000000, 1.000000
X -0.734281, -0.103406, -0.670923
Y -0.435615, 0.829780, 0.348862
Z 0.520644, 0.548427, -0.654337

BONE 86
OFFSET -20.291176, -13.027180, 40.658760
SCALE 1.000000, 1.000000, 1.000000
X -0.734287, 0.103402, 0.670918
Y -0.435614, -0.829776, -0.348873
Z 0.520638, -0.548434, 0.654337

BONE 87
OFFSET 20.104082, -14.121078, 40.928165
SCALE 1.000000, 1.000000, 1.000000
X -0.750659, -0.112245, -0.651086
Y -0.457230, 0.799613, 0.389306
Z 0.476919, 0.589932, -0.651558

BONE 88
OFFSET -20.104094, -14.121080, 40.927647
SCALE 1.000000, 1.000000, 1.000000
X -0.750664, 0.112241, 0.651080
Y -0.457229, -0.799609, -0.389317
Z 0.476912, -0.589939, 0.651557

BONE 89
OFFSET 16.629265, -12.972254, 43.590431
SCALE 1.000000, 1.000000, 1.000000
X -0.513943, -0.686180, -0.514801
Y 0.773998, -0.112190, -0.623170
Z 0.369851, -0.718728, 0.588761

BONE 90
OFFSET -16.629271, -12.972255, 43.589893
SCALE 1.000000, 1.000000, 1.000000
X -0.513946, 0.686176, 0.514803
Y 0.773993, 0.112182, 0.623177
Z 0.369858, 0.718733, -0.588751

BONE 91
OFFSET 19.037628, -16.136465, 42.125145
SCALE 1.000000, 1.000000, 1.000000
X -0.554197, -0.245199, -0.795452
Y -0.453439, 0.890322, 0.041472
Z 0.698039, 0.383672, -0.604596

BONE 92
OFFSET -19.037651, -16.136448, 42.124882
SCALE 1.000000, 1.000000, 1.000000
X -0.554203, 0.245193, 0.795449
Y -0.453441, -0.890320, -0.041484
Z 0.698033, -0.383680, 0.604599

BONE 93
OFFSET 18.947680, -15.139820, 40.844662
SCALE 1.000000, 1.000000, 1.000000
X -0.836716, 0.280325, -0.470451
Y -0.071693, 0.795593, 0.601574
Z 0.542924, 0.537075, -0.645588

BONE 94
OFFSET -18.947678, -15.139823, 40.844185
SCALE 1.000000, 1.000000, 1.000000
X -0.836721, -0.280327, 0.470441
Y -0.071690, -0.795587, -0.601582
Z 0.542917, -0.537082, 0.645588

BONE 95
OFFSET 19.784124, -13.098587, 40.195744
SCALE 1.000000, 1.000000, 1.000000
X -0.853757, 0.339265, -0.394967
Y 0.005383, 0.764282, 0.644859
Z 0.520644, 0.548427, -0.654337

BONE 96
OFFSET -19.784124, -13.098555, 40.195335
SCALE 1.000000, 1.000000, 1.000000
X -0.853761, -0.339267, 0.394957
Y 0.005387, -0.764276, -0.644866
Z 0.520638, -0.548434, 0.654337

BONE 97
OFFSET 19.396255, -14.226916, 40.314236
SCALE 1.000000, 1.000000, 1.000000
X -0.861547, 0.166994, -0.479426
Y -0.174022, 0.789996, 0.587897
Z 0.476920, 0.589931, -0.651558

BONE 98
OFFSET -19.396254, -14.226903, 40.313873
SCALE 1.000000, 1.000000, 1.000000
X -0.861552, -0.166996, 0.479417
Y -0.174019, -0.789990, -0.587905
Z 0.476913, -0.589939, 0.651557

BONE 99
OFFSET 16.015339, -13.791925, 42.975479
SCALE 1.000000, 1.000000, 1.000000
X -0.178370, -0.676836, -0.714197
Y 0.911808, 0.159130, -0.378528
Z 0.369851, -0.718729, 0.588761

BONE 100
OFFSET -16.015329, -13.791936, 42.974930
SCALE 1.000000, 1.000000, 1.000000
X -0.178374, 0.676830, 0.714202
Y 0.911805, -0.159134, 0.378534
Z 0.369857, 0.718733, -0.588751

NUMVERTS 1087
VERT 0
OFFSET 2.812947, -1.295867, 15.106048
BONES 1
BONE 17 1.000000

VERT 1
OFFSET 2.309597, -2.585135, 18.253395
BONES 1
BONE 17 1.000000

VERT 2
OFFSET 4.561022, -1.290450, 13.915401
BONES 1
BONE 17 1.000000

VERT 3
OFFSET 6.419131, -0.859352, 14.886815
BONES 1
BONE 17 1.000000

VERT 4
OFFSET 7.602005, -1.937851, 17.931290
BONES 1
BONE 17 1.000000

VERT 5
OFFSET 3.425451, -3.080089, 21.126411
BONES 1
BONE 17 1.000000

VERT 6
OFFSET 5.292282, -3.431909, 21.483923
BONES 1
BONE 17 1.000000

VERT 7
OFFSET 6.964840, -2.644647, 20.911036
BONES 1
BONE 17 1.000000

VERT 8
OFFSET 5.005195, -1.097834, 18.082733
BONES 1
BONE 17 1.000000

VERT 9
OFFSET 4.791337, -3.256408, 17.404831
BONES 1
BONE 17 1.000000

VERT 10
OFFSET -2.812951, -1.295850, 15.106044
BONES 1
BONE 18 1.000000

VERT 11
OFFSET -2.309601, -2.585093, 18.253387
BONES 1
BONE 18 1.000000

VERT 12
OFFSET -4.561026, -1.290431, 13.915399
BONES 1
BONE 18 1.000000

VERT 13
OFFSET -6.419136, -0.859316, 14.886808
BONES 1
BONE 18 1.000000

VERT 14
OFFSET -7.602010, -1.937730, 17.931265
BONES 1
BONE 18 1.000000

VERT 15
OFFSET -3.425455, -3.079953, 21.126387
BONES 1
BONE 18 1.000000

VERT 16
OFFSET -5.292285, -3.431677, 21.483883
BONES 1
BONE 18 1.000000

VERT 17
OFFSET -6.964845, -2.644390, 20.910988
BONES 1
BONE 18 1.000000

VERT 18
OFFSET -5.005198, -0.931398, 18.071936
BONES 1
BONE 18 1.000000

VERT 19
OFFSET -4.791340, -3.256338, 17.404819
BONES 1
BONE 18 1.000000

VERT 20
OFFSET 3.199475, -10.626945, 43.611721
BONES 3
BONE 1 0.067963
BONE 8 0.706153
BONE 14 0.225884

VERT 21
OFFSET 3.244325, -10.637895, 48.614403
BONES 3
BONE 1 0.067963
BONE 8 0.706153
BONE 14 0.225884

VERT 22
OFFSET 2.762766, -8.174607, 49.212341
BONES 3
BONE 1 0.067963
BONE 8 0.706153
BONE 14 0.225884

VERT 23
OFFSET 2.535671, -8.223871, 43.085022
BONES 3
BONE 1 0.067963
BONE 8 0.706153
BONE 14 0.225884

VERT 24
OFFSET 6.228778, -7.374279, 42.946236
BONES 3
BONE 1 0.067963
BONE 8 0.706153
BONE 14 0.225884

VERT 25
OFFSET 6.997439, -9.785967, 43.457104
BONES 3
BONE 1 0.067963
BONE 8 0.706153
BONE 14 0.225884

VERT 26
OFFSET 7.246179, -9.844540, 48.443333
BONES 3
BONE 1 0.067963
BONE 8 0.706153
BONE 14 0.225884

VERT 27
OFFSET 6.430431, -7.415789, 49.086506
BONES 3
BONE 1 0.067963
BONE 8 0.706153
BONE 14 0.225884

VERT 28
OFFSET 4.584447, -9.938992, 40.104809
BONES 3
BONE 1 0.067963
BONE 8 0.706153
BONE 14 0.225884

VERT 29
OFFSET 5.416021, -9.743750, 40.071533
BONES 3
BONE 1 0.067963
BONE 8 0.706153
BONE 14 0.225884

VERT 30
OFFSET 5.477163, -9.541953, 40.119602
BONES 3
BONE 1 0.067963
BONE 8 0.706153
BONE 14 0.225884

VERT 31
OFFSET 4.446888, -9.800624, 40.176575
BONES 3
BONE 1 0.067963
BONE 8 0.706153
BONE 14 0.225884

VERT 32
OFFSET 4.838148, -10.249165, 43.562706
BONES 3
BONE 1 0.067963
BONE 8 0.706153
BONE 14 0.225884

VERT 33
OFFSET 5.780668, -10.039295, 43.517063
BONES 3
BONE 1 0.067963
BONE 8 0.706153
BONE 14 0.225884

VERT 34
OFFSET 8.992242, -7.508509, 42.263885
BONES 3
BONE 1 0.047080
BONE 8 0.803063
BONE 14 0.149857

VERT 35
OFFSET 8.751612, -8.479338, 47.250374
BONES 3
BONE 1 0.047080
BONE 8 0.803063
BONE 14 0.149857

VERT 36
OFFSET 6.692793, -6.864945, 48.011787
BONES 3
BONE 1 0.047080
BONE 8 0.803063
BONE 14 0.149857

VERT 37
OFFSET 6.896651, -5.902761, 41.890854
BONES 3
BONE 1 0.047080
BONE 8 0.803063
BONE 14 0.149857

VERT 38
OFFSET 9.030037, -2.989946, 42.392296
BONES 3
BONE 1 0.047080
BONE 8 0.803063
BONE 14 0.149857

VERT 39
OFFSET 11.179801, -4.531686, 42.770714
BONES 3
BONE 1 0.047080
BONE 8 0.803063
BONE 14 0.149857

VERT 40
OFFSET 11.060706, -5.391948, 47.774368
BONES 3
BONE 1 0.047080
BONE 8 0.803063
BONE 14 0.149857

VERT 41
OFFSET 8.814722, -4.018147, 48.518784
BONES 3
BONE 1 0.047080
BONE 8 0.803063
BONE 14 0.149857

VERT 42
OFFSET 9.768738, -5.452516, 39.055889
BONES 3
BONE 1 0.047080
BONE 8 0.803063
BONE 14 0.149857

VERT 43
OFFSET 10.248147, -4.794954, 39.166649
BONES 3
BONE 1 0.047080
BONE 8 0.803063
BONE 14 0.149857

VERT 44
OFFSET 10.152242, -4.609886, 39.244991
BONES 3
BONE 1 0.047080
BONE 8 0.803063
BONE 14 0.149857

VERT 45
OFFSET 9.568423, -5.440720, 39.121155
BONES 3
BONE 1 0.047080
BONE 8 0.803063
BONE 14 0.149857

VERT 46
OFFSET 9.934289, -6.227572, 42.502033
BONES 3
BONE 1 0.047080
BONE 8 0.803063
BONE 14 0.149857

VERT 47
OFFSET 10.475588, -5.484957, 42.620144
BONES 3
BONE 1 0.047080
BONE 8 0.803063
BONE 14 0.149857

VERT 48
OFFSET 9.619958, -3.017152, 40.413475
BONES 2
BONE 1 0.401427
BONE 8 0.598573

VERT 49
OFFSET 11.003108, -2.912770, 40.712887
BONES 2
BONE 1 0.401427
BONE 8 0.598573

VERT 50
OFFSET 10.842478, -2.492145, 47.081219
BONES 2
BONE 1 0.401427
BONE 8 0.598573

VERT 51
OFFSET 9.511061, -2.527611, 47.881596
BONES 2
BONE 1 0.401427
BONE 8 0.598573

VERT 52
OFFSET 8.079131, 3.328786, 39.571243
BONES 2
BONE 1 0.401427
BONE 8 0.598573

VERT 53
OFFSET 9.237950, 4.046391, 39.730293
BONES 2
BONE 1 0.401427
BONE 8 0.598573

VERT 54
OFFSET 7.870707, 4.121761, 46.998024
BONES 2
BONE 1 0.401427
BONE 8 0.598573

VERT 55
OFFSET 9.461730, 3.913329, 47.043446
BONES 2
BONE 1 0.401427
BONE 8 0.598573

VERT 56
OFFSET 9.951021, -0.019894, 36.514614
BONES 2
BONE 1 0.401427
BONE 8 0.598573

VERT 57
OFFSET 9.801218, 0.954080, 36.475037
BONES 2
BONE 1 0.401427
BONE 8 0.598573

VERT 58
OFFSET 9.603659, 0.897907, 36.562511
BONES 2
BONE 1 0.401427
BONE 8 0.598573

VERT 59
OFFSET 9.753424, -0.075771, 36.602047
BONES 2
BONE 1 0.401427
BONE 8 0.598573

VERT 60
OFFSET 10.197517, 1.066492, 40.240585
BONES 2
BONE 1 0.401427
BONE 8 0.598573

VERT 61
OFFSET 10.361297, 0.087047, 40.335644
BONES 2
BONE 1 0.401427
BONE 8 0.598573

VERT 62
OFFSET -6.143899, -6.157876, 33.448517
BONES 3
BONE 10 0.012256
BONE 11 0.364663
BONE 3 0.623081

VERT 63
OFFSET -0.328213, -6.584896, 32.795498
BONES 4
BONE 1 0.429224
BONE 10 0.168595
BONE 11 0.172620
BONE 2 0.229561

VERT 64
OFFSET -0.085438, -6.741590, 34.335293
BONES 4
BONE 1 0.429224
BONE 10 0.168595
BONE 11 0.172620
BONE 2 0.229561

VERT 65
OFFSET -0.289589, -6.596132, 36.526218
BONES 4
BONE 1 0.429224
BONE 10 0.168595
BONE 11 0.172620
BONE 2 0.229561

VERT 66
OFFSET 0.122209, -6.580858, 32.790482
BONES 4
BONE 1 0.429224
BONE 10 0.168595
BONE 11 0.172620
BONE 2 0.229561

VERT 67
OFFSET 5.940588, -6.048381, 33.313816
BONES 2
BONE 10 0.424797
BONE 2 0.575203

VERT 68
OFFSET -4.921458, -6.202016, 37.365688
BONES 4
BONE 1 0.134099
BONE 8 0.030435
BONE 11 0.210811
BONE 3 0.624655

VERT 69
OFFSET 5.235353, -5.756937, 36.982868
BONES 4
BONE 1 0.018314
BONE 10 0.305714
BONE 2 0.662806
BONE 3 0.013166

VERT 70
OFFSET -6.280514, -6.227660, 40.666843
BONES 4
BONE 1 0.655464
BONE 8 0.264818
BONE 14 0.064220
BONE 3 0.015498

VERT 71
OFFSET -4.458860, -5.742537, 41.833500
BONES 3
BONE 1 0.563113
BONE 8 0.347481
BONE 3 0.089406

VERT 72
OFFSET -3.201104, -7.605128, 40.891705
BONES 4
BONE 1 0.655464
BONE 8 0.264818
BONE 14 0.064220
BONE 3 0.015498

VERT 73
OFFSET -3.041742, -6.985567, 40.687679
BONES 4
BONE 1 0.655464
BONE 8 0.264818
BONE 14 0.064220
BONE 3 0.015498

VERT 74
OFFSET -1.343112, -6.328520, 41.908703
BONES 2
BONE 1 0.736854
BONE 8 0.263146

VERT 75
OFFSET 3.041738, -6.988316, 40.688160
BONES 4
BONE 1 0.655464
BONE 8 0.264818
BONE 14 0.064220
BONE 3 0.015498

VERT 76
OFFSET 1.329100, -6.312421, 41.887066
BONES 2
BONE 1 0.736153
BONE 8 0.263847

VERT 77
OFFSET 6.280510, -6.233113, 40.667820
BONES 4
BONE 1 0.655464
BONE 8 0.264818
BONE 14 0.064220
BONE 3 0.015498

VERT 78
OFFSET 4.434132, -5.687778, 41.760124
BONES 4
BONE 1 0.515234
BONE 8 0.318200
BONE 2 0.138260
BONE 4 0.028307

VERT 79
OFFSET -14.977215, -5.068974, 45.700493
BONES 2
BONE 42 0.986171
BONE 40 0.013829

VERT 80
OFFSET -6.129175, -6.164865, 46.129261
BONES 3
BONE 1 0.156205
BONE 8 0.678010
BONE 14 0.165786

VERT 81
OFFSET -3.283718, -7.003926, 46.162590
BONES 3
BONE 1 0.177678
BONE 8 0.629739
BONE 14 0.192583

VERT 82
OFFSET 3.283715, -7.008676, 46.163422
BONES 3
BONE 1 0.125778
BONE 8 0.687714
BONE 14 0.186508

VERT 83
OFFSET 6.129171, -6.173333, 46.130791
BONES 3
BONE 1 0.144033
BONE 8 0.681892
BONE 14 0.174076

VERT 84
OFFSET 14.640171, -4.888278, 45.830643
BONES 2
BONE 41 0.986171
BONE 39 0.013829

VERT 85
OFFSET -16.966255, -6.154621, 49.312618
BONES 2
BONE 34 0.091642
BONE 42 0.908358

VERT 86
OFFSET -15.474717, -6.323477, 48.347549
BONES 1
BONE 42 1.000000

VERT 87
OFFSET -6.998506, -4.598788, 49.006962
BONES 3
BONE 8 0.425178
BONE 14 0.444072
BONE 28 0.130750

VERT 88
OFFSET -7.357837, -5.437951, 49.410782
BONES 3
BONE 8 0.425178
BONE 14 0.444072
BONE 28 0.130750

VERT 89
OFFSET -4.892403, -6.784461, 49.477604
BONES 3
BONE 8 0.425178
BONE 14 0.444072
BONE 28 0.130750

VERT 90
OFFSET -3.928931, -7.017961, 49.475388
BONES 3
BONE 8 0.400000
BONE 14 0.428147
BONE 28 0.171853

VERT 91
OFFSET -4.091419, -6.132768, 49.077312
BONES 3
BONE 8 0.400000
BONE 14 0.428147
BONE 28 0.171853

VERT 92
OFFSET -0.719955, -6.575789, 49.173523
BONES 3
BONE 8 0.400000
BONE 14 0.428147
BONE 28 0.171853

VERT 93
OFFSET -1.045097, -7.390957, 49.567825
BONES 3
BONE 8 0.400000
BONE 14 0.428147
BONE 28 0.171853

VERT 94
OFFSET 1.422211, -6.497008, 49.964817
BONES 3
BONE 8 0.400000
BONE 14 0.428147
BONE 27 0.171853

VERT 95
OFFSET 1.791309, -7.362089, 50.310856
BONES 3
BONE 8 0.400000
BONE 14 0.428147
BONE 27 0.171853

VERT 96
OFFSET 6.479604, -6.070926, 49.964859
BONES 3
BONE 8 0.400000
BONE 14 0.428147
BONE 27 0.171853

VERT 97
OFFSET 6.250195, -5.194425, 49.599632
BONES 3
BONE 8 0.400000
BONE 14 0.428147
BONE 27 0.171853

VERT 98
OFFSET 16.611980, -5.992805, 49.444550
BONES 2
BONE 33 0.091642
BONE 41 0.908358

VERT 99
OFFSET 15.103599, -6.119485, 48.484776
BONES 1
BONE 41 1.000000

VERT 100
OFFSET -6.592089, -4.140108, 53.533447
BONES 3
BONE 8 0.426767
BONE 14 0.434506
BONE 28 0.138727

VERT 101
OFFSET -6.955947, -4.967104, 53.546864
BONES 3
BONE 8 0.426767
BONE 14 0.434506
BONE 28 0.138727

VERT 102
OFFSET -4.695435, -6.225975, 53.600208
BONES 3
BONE 8 0.426767
BONE 14 0.434506
BONE 28 0.138727

VERT 103
OFFSET -7.095356, -4.100631, 53.783112
BONES 3
BONE 8 0.426767
BONE 14 0.434506
BONE 28 0.138727

VERT 104
OFFSET -3.920093, -5.531247, 53.582050
BONES 3
BONE 8 0.426767
BONE 14 0.434506
BONE 28 0.138727

VERT 105
OFFSET -3.787065, -6.396499, 53.590370
BONES 3
BONE 8 0.400000
BONE 14 0.428147
BONE 28 0.171853

VERT 106
OFFSET -1.129659, -6.762344, 53.673824
BONES 3
BONE 8 0.261639
BONE 14 0.526878
BONE 28 0.211483

VERT 107
OFFSET -0.819069, -5.918359, 53.662487
BONES 3
BONE 8 0.261639
BONE 14 0.526878
BONE 28 0.211483

VERT 108
OFFSET 1.840211, -6.843227, 53.230503
BONES 3
BONE 8 0.400000
BONE 14 0.428147
BONE 27 0.171853

VERT 109
OFFSET 1.476482, -5.918988, 53.214077
BONES 3
BONE 8 0.400000
BONE 14 0.428147
BONE 27 0.171853

VERT 110
OFFSET 6.294919, -4.603996, 52.605812
BONES 3
BONE 8 0.400000
BONE 14 0.428147
BONE 27 0.171853

VERT 111
OFFSET 6.508502, -5.513558, 52.660610
BONES 3
BONE 8 0.400000
BONE 14 0.428147
BONE 27 0.171853

VERT 112
OFFSET 7.094446, -4.111167, 53.808769
BONES 4
BONE 8 0.178682
BONE 14 0.653553
BONE 27 0.011876
BONE 24 0.155889

VERT 113
OFFSET -2.577600, -4.216286, 56.907391
BONES 4
BONE 8 0.065799
BONE 21 0.837596
BONE 28 0.078229
BONE 27 0.018376

VERT 114
OFFSET -1.430805, -4.633080, 56.315296
BONES 3
BONE 8 0.093416
BONE 21 0.833027
BONE 28 0.073557

VERT 115
OFFSET -0.000002, -4.701590, 55.875431
BONES 3
BONE 8 0.075846
BONE 21 0.867661
BONE 27 0.056492

VERT 116
OFFSET 1.412321, -4.636670, 56.320099
BONES 4
BONE 8 0.058304
BONE 14 0.005536
BONE 21 0.890250
BONE 27 0.045910

VERT 117
OFFSET 2.544841, -4.191986, 56.987377
BONES 3
BONE 21 0.850000
BONE 28 0.060480
BONE 27 0.089520

VERT 118
OFFSET -8.987089, 0.355398, 34.252850
BONES 4
BONE 1 0.162229
BONE 11 0.322997
BONE 3 0.162229
BONE 5 0.352546

VERT 119
OFFSET -9.059530, -0.073407, 34.216999
BONES 4
BONE 1 0.162229
BONE 11 0.322997
BONE 3 0.162229
BONE 5 0.352546

VERT 120
OFFSET -8.734845, -2.879094, 33.890808
BONES 3
BONE 1 0.067703
BONE 11 0.323872
BONE 3 0.608426

VERT 121
OFFSET 8.307950, -3.082444, 33.674404
BONES 4
BONE 1 0.011621
BONE 10 0.420740
BONE 2 0.471365
BONE 4 0.096273

VERT 122
OFFSET 8.681494, 0.518326, 34.054859
BONES 4
BONE 1 0.011621
BONE 10 0.420740
BONE 2 0.471365
BONE 4 0.096273

VERT 123
OFFSET 8.760785, 0.090948, 34.017334
BONES 4
BONE 1 0.011621
BONE 10 0.420740
BONE 2 0.471365
BONE 4 0.096273

VERT 124
OFFSET -8.378348, -2.553549, 37.798908
BONES 3
BONE 8 0.043912
BONE 11 0.196052
BONE 3 0.760036

VERT 125
OFFSET -8.481853, -0.095128, 37.923008
BONES 4
BONE 1 0.119266
BONE 8 0.087457
BONE 11 0.187476
BONE 3 0.605800

VERT 126
OFFSET -0.084472, -1.358305, 39.057011
BONES 1
BONE 1 1.000000

VERT 127
OFFSET 8.249447, 0.072526, 37.811821
BONES 4
BONE 8 0.015404
BONE 10 0.256714
BONE 2 0.584817
BONE 4 0.143065

VERT 128
OFFSET 8.198422, -2.402776, 37.613342
BONES 4
BONE 8 0.020290
BONE 10 0.264795
BONE 2 0.652798
BONE 4 0.062117

VERT 129
OFFSET -8.774727, -2.472504, 40.501850
BONES 3
BONE 1 0.605631
BONE 8 0.319468
BONE 3 0.074901

VERT 130
OFFSET -6.436380, -0.466113, 42.308743
BONES 3
BONE 1 0.458813
BONE 8 0.141419
BONE 3 0.399768

VERT 131
OFFSET -7.928545, -0.221417, 41.091885
BONES 3
BONE 1 0.458813
BONE 8 0.141419
BONE 3 0.399768

VERT 132
OFFSET -7.257758, -2.527362, 42.142799
BONES 3
BONE 1 0.605631
BONE 8 0.319468
BONE 3 0.074901

VERT 133
OFFSET -8.322010, 0.189435, 43.290161
BONES 2
BONE 1 0.401427
BONE 8 0.598573

VERT 134
OFFSET 7.928541, -0.226696, 41.093098
BONES 3
BONE 1 0.540467
BONE 8 0.117006
BONE 2 0.342527

VERT 135
OFFSET 8.322005, 0.182842, 43.291714
BONES 2
BONE 1 0.401427
BONE 8 0.598573

VERT 136
OFFSET 6.202400, -0.432745, 42.519047
BONES 3
BONE 1 0.540467
BONE 8 0.117006
BONE 2 0.342527

VERT 137
OFFSET 6.766100, -3.414815, 41.950241
BONES 3
BONE 1 0.491956
BONE 8 0.319492
BONE 2 0.188552

VERT 138
OFFSET 8.605903, -3.486220, 40.552261
BONES 4
BONE 1 0.515234
BONE 8 0.318200
BONE 2 0.138260
BONE 4 0.028307

VERT 139
OFFSET -14.056197, -0.994454, 45.601006
BONES 3
BONE 34 0.641025
BONE 42 0.310010
BONE 40 0.048966

VERT 140
OFFSET -16.399298, -3.726539, 44.750195
BONES 1
BONE 42 1.000000

VERT 141
OFFSET -18.239429, -3.825472, 46.342278
BONES 2
BONE 42 0.892927
BONE 40 0.107073

VERT 142
OFFSET -12.648959, -3.478186, 47.243877
BONES 3
BONE 34 0.641025
BONE 42 0.310010
BONE 40 0.048966

VERT 143
OFFSET -8.207168, 0.390186, 45.941479
BONES 2
BONE 1 0.401427
BONE 8 0.598573

VERT 144
OFFSET -8.341971, -2.715193, 46.211651
BONES 2
BONE 1 0.157596
BONE 8 0.842404

VERT 145
OFFSET 8.207164, 0.382291, 45.943367
BONES 2
BONE 1 0.401427
BONE 8 0.598573

VERT 146
OFFSET 8.261612, -3.315506, 46.220165
BONES 3
BONE 1 0.134405
BONE 8 0.752858
BONE 14 0.112737

VERT 147
OFFSET 12.365039, -3.204954, 47.358925
BONES 3
BONE 33 0.369735
BONE 41 0.504503
BONE 39 0.125762

VERT 148
OFFSET 13.862164, -0.799125, 45.692455
BONES 3
BONE 33 0.369735
BONE 41 0.504503
BONE 39 0.125762

VERT 149
OFFSET 16.112156, -3.614551, 44.867668
BONES 1
BONE 41 1.000000

VERT 150
OFFSET 17.961872, -3.762181, 46.456860
BONES 2
BONE 41 0.892927
BONE 39 0.107073

VERT 151
OFFSET -15.517921, -3.136179, 48.439274
BONES 2
BONE 34 0.899552
BONE 40 0.100448

VERT 152
OFFSET -18.132421, -5.122251, 48.535542
BONES 2
BONE 42 0.967423
BONE 40 0.032577

VERT 153
OFFSET -16.277651, -3.698848, 51.176056
BONES 3
BONE 34 0.641025
BONE 42 0.310010
BONE 40 0.048966

VERT 154
OFFSET -17.554165, -2.150580, 49.911823
BONES 3
BONE 34 0.641025
BONE 42 0.310010
BONE 40 0.048966

VERT 155
OFFSET -9.288892, -1.582145, 50.355171
BONES 3
BONE 14 0.096570
BONE 34 0.067028
BONE 58 0.836402

VERT 156
OFFSET -13.597208, -4.748830, 50.055847
BONES 2
BONE 34 0.813121
BONE 58 0.186879

VERT 157
OFFSET -11.765264, -2.347114, 48.351734
BONES 3
BONE 14 0.055504
BONE 34 0.081049
BONE 58 0.863446

VERT 158
OFFSET -12.744909, -3.146654, 51.215611
BONES 2
BONE 34 0.107846
BONE 58 0.892154

VERT 159
OFFSET -7.404018, -3.587577, 51.454781
BONES 3
BONE 8 0.228212
BONE 14 0.692310
BONE 25 0.079478

VERT 160
OFFSET -7.892837, -2.690453, 49.015362
BONES 2
BONE 8 0.542776
BONE 14 0.457224

VERT 161
OFFSET 7.403777, -3.599361, 51.456783
BONES 3
BONE 8 0.228212
BONE 14 0.692310
BONE 24 0.079478

VERT 162
OFFSET 7.889919, -2.726877, 49.018280
BONES 2
BONE 8 0.570154
BONE 14 0.429846

VERT 163
OFFSET 9.245825, -1.591629, 50.372944
BONES 3
BONE 14 0.134782
BONE 33 0.140157
BONE 57 0.725061

VERT 164
OFFSET 13.277725, -4.467665, 50.178673
BONES 3
BONE 33 0.627241
BONE 41 0.228600
BONE 57 0.144159

VERT 165
OFFSET 11.521692, -2.035703, 48.455647
BONES 4
BONE 14 0.027472
BONE 33 0.353489
BONE 41 0.188324
BONE 57 0.430715

VERT 166
OFFSET 12.481393, -2.831946, 51.323616
BONES 3
BONE 33 0.416165
BONE 41 0.123444
BONE 57 0.460391

VERT 167
OFFSET 15.260010, -2.951430, 48.547070
BONES 2
BONE 33 0.899552
BONE 39 0.100448

VERT 168
OFFSET 17.817577, -5.020733, 48.658230
BONES 2
BONE 41 0.967423
BONE 39 0.032577

VERT 169
