// Export filename: 'C:/trees/cod3-pc/cod3-modtools/public/model_export/characters/sp_characters_arab_regular/xmodel_characters/arab_regular_al_asad/body_complete_sp_arab_regular_al_asad_dmg_lod3.XMODEL_EXPORT'
// Source filename: 'C:/trees/cod3-pc/cod3-modtools/public/bin/maya/model_src/characters/body_complete_sp_arab_regular_al_asad.mb'
// Export time: Mon Dec 10 11:19:57 2007
MODEL
VERSION 6

NUMBONES 101
BONE 0 -1 "TAG_ORIGIN"
BONE 1 0 "J_MainRoot"
BONE 2 1 "J_CoatFront_LE"
BONE 3 1 "J_CoatFront_RI"
BONE 4 1 "J_CoatRear_LE"
BONE 5 1 "J_CoatRear_RI"
BONE 6 1 "J_Hip_LE"
BONE 7 1 "J_Hip_RI"
BONE 8 1 "J_SpineLower"
BONE 9 1 "TAG_STOWED_HIP_REAR"
BONE 10 6 "J_HipTwist_LE"
BONE 11 7 "J_HipTwist_RI"
BONE 12 6 "J_Knee_LE"
BONE 13 7 "J_Knee_RI"
BONE 14 8 "J_SpineUpper"
BONE 15 12 "J_Ankle_LE"
BONE 16 13 "J_Ankle_RI"
BONE 17 12 "J_Knee_Bulge_LE"
BONE 18 13 "J_Knee_Bulge_RI"
BONE 19 12 "J_KneeBuldgeUp_LE"
BONE 20 13 "J_KneeBuldgeUp_RI"
BONE 21 14 "J_Spine4"
BONE 22 15 "J_Ball_LE"
BONE 23 16 "J_Ball_RI"
BONE 24 21 "J_Clavicle_LE"
BONE 25 21 "J_Clavicle_RI"
BONE 26 21 "J_Neck"
BONE 27 21 "J_ShoulderRaise_LE"
BONE 28 21 "J_ShoulderRaise_RI"
BONE 29 21 "TAG_INHAND"
BONE 30 21 "TAG_STOWED_BACK"
BONE 31 21 "TAG_WEAPON_CHEST"
BONE 32 26 "J_Head"
BONE 33 24 "J_Shoulder_LE"
BONE 34 25 "J_Shoulder_RI"
BONE 35 32 "J_Brow_LE"
BONE 36 32 "J_Brow_RI"
BONE 37 32 "J_Cheek_LE"
BONE 38 32 "J_Cheek_RI"
BONE 39 33 "J_Elbow_Bulge_LE"
BONE 40 34 "J_Elbow_Bulge_RI"
BONE 41 33 "J_Elbow_LE"
BONE 42 34 "J_Elbow_RI"
BONE 43 32 "J_Eye_Lid_Bot_LE"
BONE 44 32 "J_Eye_Lid_Bot_RI"
BONE 45 32 "J_Eye_Lid_Top_LE"
BONE 46 32 "J_Eye_Lid_Top_RI"
BONE 47 32 "J_EyeBall_LE"
BONE 48 32 "J_EyeBall_RI"
BONE 49 32 "J_Head_END"
BONE 50 32 "J_Jaw"
BONE 51 32 "J_Levator_LE"
BONE 52 32 "J_Levator_RI"
BONE 53 32 "J_Lip_Top_LE"
BONE 54 32 "J_Lip_Top_RI"
BONE 55 32 "J_Mouth_LE"
BONE 56 32 "J_Mouth_RI"
BONE 57 33 "J_ShoulderTwist_LE"
BONE 58 34 "J_ShoulderTwist_RI"
BONE 59 32 "TAG_EYE"
BONE 60 50 "J_Chin_SkinRoll"
BONE 61 49 "J_Helmet"
BONE 62 50 "J_Lip_Bot_LE"
BONE 63 50 "J_Lip_Bot_RI"
BONE 64 41 "J_Wrist_LE"
BONE 65 42 "J_Wrist_RI"
BONE 66 41 "J_WristTwist_LE"
BONE 67 42 "J_WristTwist_RI"
BONE 68 65 "J_Gun"
BONE 69 64 "J_Index_LE_1"
BONE 70 65 "J_Index_RI_1"
BONE 71 64 "J_Mid_LE_1"
BONE 72 65 "J_Mid_RI_1"
BONE 73 64 "J_Pinky_LE_1"
BONE 74 65 "J_Pinky_RI_1"
BONE 75 64 "J_Ring_LE_1"
BONE 76 65 "J_Ring_RI_1"
BONE 77 64 "J_Thumb_LE_1"
BONE 78 65 "J_Thumb_RI_1"
BONE 79 64 "TAG_WEAPON_LEFT"
BONE 80 65 "TAG_WEAPON_RIGHT"
BONE 81 69 "J_Index_LE_2"
BONE 82 70 "J_Index_RI_2"
BONE 83 71 "J_Mid_LE_2"
BONE 84 72 "J_Mid_RI_2"
BONE 85 73 "J_Pinky_LE_2"
BONE 86 74 "J_Pinky_RI_2"
BONE 87 75 "J_Ring_LE_2"
BONE 88 76 "J_Ring_RI_2"
BONE 89 77 "J_Thumb_LE_2"
BONE 90 78 "J_Thumb_RI_2"
BONE 91 81 "J_Index_LE_3"
BONE 92 82 "J_Index_RI_3"
BONE 93 83 "J_Mid_LE_3"
BONE 94 84 "J_Mid_RI_3"
BONE 95 85 "J_Pinky_LE_3"
BONE 96 86 "J_Pinky_RI_3"
BONE 97 87 "J_Ring_LE_3"
BONE 98 88 "J_Ring_RI_3"
BONE 99 89 "J_Thumb_LE_3"
BONE 100 90 "J_Thumb_RI_3"

BONE 0
OFFSET 0.000000, -2.222280, 0.000042
SCALE 1.000000, 1.000000, 1.000000
X -0.000000, -1.000000, -0.000001
Y 1.000000, -0.000000, 0.000000
Z -0.000000, -0.000001, 1.000000

BONE 1
OFFSET -0.000002, 1.218488, 37.227966
SCALE 1.000000, 1.000000, 1.000000
X 0.000001, 0.024844, 0.999691
Y -0.000000, -0.999691, 0.024844
Z 1.000000, -0.000000, -0.000001

BONE 2
OFFSET 4.800298, -3.857339, 39.525108
SCALE 1.000000, 1.000000, 1.000000
X -0.000000, 0.072542, -0.997365
Y 0.002652, -0.997362, -0.072541
Z -0.999996, -0.002645, -0.000192

BONE 3
OFFSET -4.181000, -3.857339, 39.525066
SCALE 1.000000, 1.000000, 1.000000
X 0.000000, -0.072542, 0.997365
Y 0.002652, 0.997362, 0.072541
Z -0.999996, 0.002645, 0.000192

BONE 4
OFFSET 4.800298, 4.943824, 40.769588
SCALE 1.000000, 1.000000, 1.000000
X -0.000000, 0.072542, -0.997365
Y 0.002652, -0.997362, -0.072541
Z -0.999996, -0.002645, -0.000192

BONE 5
OFFSET -4.181000, 4.943824, 40.769547
SCALE 1.000000, 1.000000, 1.000000
X 0.000000, -0.072542, 0.997365
Y 0.002652, 0.997362, 0.072541
Z -0.999996, 0.002645, 0.000192

BONE 6
OFFSET 4.866634, 1.218493, 37.227966
SCALE 1.000000, 1.000000, 1.000000
X -0.008941, 0.033732, -0.999391
Y -0.004868, -0.999421, -0.033689
Z -0.999948, 0.004564, 0.009100

BONE 7
OFFSET -4.866655, 1.218492, 37.227951
SCALE 1.000000, 1.000000, 1.000000
X -0.008941, -0.033732, 0.999391
Y -0.004868, 0.999421, 0.033689
Z -0.999948, -0.004564, -0.009100

BONE 8
OFFSET 0.000000, 1.148655, 42.431473
SCALE 1.000000, 1.000000, 1.000000
X 0.000000, 0.029885, 0.999553
Y -0.000000, -0.999553, 0.029885
Z 1.000000, -0.000000, -0.000000

BONE 9
OFFSET -4.400563, 6.159410, 39.124432
SCALE 1.000000, 1.000000, 1.000000
X -0.414693, 0.902532, 0.116040
Y -0.907156, -0.420045, 0.025100
Z 0.071395, -0.094858, 0.992927

BONE 10
OFFSET 4.838473, 1.324736, 34.080276
SCALE 1.000000, 1.000000, 1.000000
X -0.008941, 0.033732, -0.999391
Y -0.004868, -0.999421, -0.033689
Z -0.999948, 0.004564, 0.009100

BONE 11
OFFSET -4.838495, 1.324735, 34.080265
SCALE 1.000000, 1.000000, 1.000000
X -0.008941, -0.033732, 0.999391
Y -0.004868, 0.999421, 0.033689
Z -0.999948, -0.004564, -0.009100

BONE 12
OFFSET 4.710050, 1.809233, 19.725899
SCALE 1.000000, 1.000000, 1.000000
X -0.008210, 0.167075, -0.985910
Y -0.006020, -0.985934, -0.167029
Z -0.999948, 0.004564, 0.009100

BONE 13
OFFSET -4.710042, 1.809232, 19.725906
SCALE 1.000000, 1.000000, 1.000000
X -0.008210, -0.167075, 0.985910
Y -0.006020, 0.985934, 0.167029
Z -0.999948, -0.004564, -0.009100

BONE 14
OFFSET 0.000001, 1.131230, 47.651257
SCALE 1.000000, 1.000000, 1.000000
X -0.000000, -0.020400, 0.999792
Y -0.000000, -0.999792, -0.020400
Z 1.000000, -0.000000, -0.000000

BONE 15
OFFSET 4.585543, 4.343039, 4.773947
SCALE 1.000000, 1.000000, 1.000000
X -0.000000, -0.008727, -0.999962
Y 0.016568, -0.999825, 0.008726
Z -0.999863, -0.016567, 0.000145

BONE 16
OFFSET -4.585553, 4.343031, 4.773937
SCALE 1.000000, 1.000000, 1.000000
X -0.000000, 0.008727, 0.999962
Y 0.016568, 0.999825, -0.008726
Z -0.999863, 0.016567, -0.000145

BONE 17
OFFSET 4.701850, -0.069551, 19.767147
SCALE 1.000000, 1.000000, 1.000000
X 0.000000, 0.029885, 0.999553
Y -0.000000, -0.999553, 0.029885
Z 1.000000, -0.000000, -0.000000

BONE 18
OFFSET -4.690285, -0.069032, 19.763584
SCALE 1.000000, 1.000000, 1.000000
X 0.000000, -0.029885, -0.999553
Y -0.000000, 0.999553, -0.029885
Z 1.000000, 0.000000, 0.000000

BONE 19
OFFSET 4.719001, -1.255419, 22.249353
SCALE 1.000000, 1.000000, 1.000000
X -0.008210, 0.167075, -0.985910
Y -0.006020, -0.985934, -0.167029
Z -0.999948, 0.004564, 0.009100

BONE 20
OFFSET -4.719001, -1.255420, 22.249361
SCALE 1.000000, 1.000000, 1.000000
X -0.008210, -0.167075, 0.985910
Y -0.006020, 0.985934, 0.167029
Z -0.999948, -0.004564, -0.009100

BONE 21
OFFSET 0.000001, 1.067723, 51.757832
SCALE 1.000000, 1.000000, 1.000000
X -0.000000, -0.047081, 0.998891
Y -0.000000, -0.998891, -0.047081
Z 1.000000, -0.000000, 0.000000

BONE 22
OFFSET 4.747776, -1.236665, 0.327431
SCALE 1.000000, 1.000000, 1.000000
X 0.016317, -0.983120, 0.182235
Y -0.002877, 0.182212, 0.983255
Z -0.999863, -0.016568, 0.000145

BONE 23
OFFSET -4.747797, -1.236665, 0.327431
SCALE 1.000000, 1.000000, 1.000000
X 0.016317, 0.983120, -0.182235
Y -0.002879, -0.182212, -0.983255
Z -0.999863, 0.016568, -0.000143

BONE 24
OFFSET 1.355828, 1.015794, 56.399803
SCALE 1.000000, 1.000000, 1.000000
X 0.997183, -0.019402, 0.072459
Y 0.018076, 0.999658, 0.018911
Z -0.072801, -0.017548, 0.997192

BONE 25
OFFSET -1.355905, 1.015648, 56.399899
SCALE 1.000000, 1.000000, 1.000000
X 0.997186, 0.019401, -0.072407
Y 0.018075, -0.999658, -0.018920
Z -0.072749, 0.017558, -0.997196

BONE 26
OFFSET -0.000002, 0.504256, 60.542095
SCALE 1.000000, 1.000000, 1.000000
X 0.000000, -0.309774, 0.950810
Y -0.000001, -0.950810, -0.309774
Z 1.000000, -0.000001, -0.000000

BONE 27
OFFSET 4.025234, 0.920854, 58.859055
SCALE 1.000000, 1.000000, 1.000000
X -0.997186, 0.019402, -0.072416
Y -0.018077, -0.999658, -0.018911
Z -0.072758, -0.017548, 0.997195

BONE 28
OFFSET -4.025216, 0.920854, 58.859196
SCALE 1.000000, 1.000000, 1.000000
X -0.997186, -0.019402, 0.072416
Y -0.018077, 0.999658, 0.018911
Z -0.072758, 0.017548, -0.997195

BONE 29
OFFSET -28.520136, -12.712922, 38.934380
SCALE 1.000000, 1.000000, 1.000000
X 1.000000, 0.000000, 0.000000
Y 0.000000, -0.764280, -0.644884
Z 0.000000, 0.644884, -0.764280

BONE 30
OFFSET -3.775173, 8.839887, 50.031521
SCALE 1.000000, 1.000000, 1.000000
X 0.083350, 0.104318, -0.991045
Y -0.176866, 0.980265, 0.088308
Z 0.980699, 0.167921, 0.100156

BONE 31
OFFSET -28.520138, -12.712922, 38.934380
SCALE 1.000000, 1.000000, 1.000000
X -0.000000, -1.000000, 0.000000
Y 1.000000, -0.000000, 0.000000
Z 0.000000, 0.000000, 1.000000

BONE 32
OFFSET -0.000002, -0.306596, 63.520977
SCALE 1.000000, 1.000000, 1.000000
X 0.000000, -0.216437, 0.976297
Y -0.000001, -0.976297, -0.216437
Z 1.000000, -0.000001, -0.000000

BONE 33
OFFSET 7.725936, 0.891849, 56.862682
SCALE 1.000000, 1.000000, 1.000000
X 0.663005, -0.260588, -0.701797
Y 0.273791, 0.956920, -0.096662
Z 0.696752, -0.128058, 0.705789

BONE 34
OFFSET -7.726031, 0.891714, 56.862442
SCALE 1.000000, 1.000000, 1.000000
X 0.662999, 0.260580, 0.701805
Y 0.273788, -0.956921, 0.096655
Z 0.696758, 0.128063, -0.705782

BONE 35
OFFSET 1.378116, -4.782938, 67.474968
SCALE 1.000000, 1.000000, 1.000000
X 1.000000, 0.000000, 0.000000
Y 0.000000, 1.000000, 0.000000
Z 0.000000, 0.000000, 1.000000

BONE 36
OFFSET -1.378119, -4.782952, 67.474953
SCALE 1.000000, 1.000000, 1.000000
X 1.000000, 0.000000, 0.000000
Y 0.000000, -1.000000, 0.000000
Z 0.000000, -0.000000, -1.000000

BONE 37
OFFSET 1.546879, -4.760053, 65.022591
SCALE 1.000000, 1.000000, 1.000000
X 1.000000, 0.000000, 0.000000
Y 0.000000, 1.000000, 0.000000
Z 0.000000, 0.000000, 1.000000

BONE 38
OFFSET -1.546960, -4.760063, 65.022514
SCALE 1.000000, 1.000000, 1.000000
X 1.000000, 0.000000, 0.000000
Y 0.000000, -1.000000, 0.000000
Z 0.000000, -0.000000, -1.000000

BONE 39
OFFSET 15.846998, -1.630825, 48.641865
SCALE 1.000000, 1.000000, 1.000000
X 0.294637, -0.846008, -0.444364
Y 0.654007, 0.517563, -0.551727
Z 0.696752, -0.128058, 0.705789

BONE 40
OFFSET -15.847039, -1.630937, 48.641567
SCALE 1.000000, 1.000000, 1.000000
X 0.294635, 0.846004, 0.444374
Y 0.654002, -0.517569, 0.551728
Z 0.696758, 0.128063, -0.705782

BONE 41
OFFSET 15.744246, -1.804257, 48.711834
SCALE 1.000000, 1.000000, 1.000000
X 0.294637, -0.846008, -0.444364
Y 0.654007, 0.517563, -0.551727
Z 0.696752, -0.128058, 0.705789

BONE 42
OFFSET -15.744276, -1.804298, 48.711559
SCALE 1.000000, 1.000000, 1.000000
X 0.294635, 0.846004, 0.444374
Y 0.654002, -0.517569, 0.551728
Z 0.696758, 0.128063, -0.705782

BONE 43
OFFSET 1.323604, -3.960750, 66.060493
SCALE 1.000000, 1.000000, 1.000000
X 0.997030, 0.064687, 0.041792
Y -0.064730, 0.997903, -0.000333
Z -0.041726, -0.002373, 0.999126

BONE 44
OFFSET -1.323608, -3.960767, 66.060677
SCALE 1.000000, 1.000000, 1.000000
X 0.997073, -0.064693, -0.040738
Y -0.064739, -0.997902, 0.000209
Z -0.040666, 0.002429, -0.999170

BONE 45
OFFSET 1.322467, -3.965173, 66.143600
SCALE 1.000000, 1.000000, 1.000000
X 0.997049, 0.064690, 0.041331
Y -0.064763, 0.997901, 0.000423
Z -0.041217, -0.003098, 0.999145

BONE 46
OFFSET -1.322470, -3.965164, 66.143707
SCALE 1.000000, 1.000000, 1.000000
X 0.997006, -0.064684, -0.042378
Y -0.064764, -0.997900, -0.000521
Z -0.042256, 0.003264, -0.999102

BONE 47
OFFSET 1.236430, -4.022447, 66.101601
SCALE 1.000000, 1.000000, 1.000000
X 0.978223, 0.207554, -0.000578
Y -0.207555, 0.978217, -0.003508
Z -0.000162, 0.003552, 0.999994

BONE 48
OFFSET -1.165568, -4.022348, 66.101036
SCALE 1.000000, 1.000000, 1.000000
X 0.977873, -0.209196, 0.001196
Y -0.209198, -0.977867, 0.003380
Z 0.000462, -0.003556, -0.999994

BONE 49
OFFSET -0.000539, -1.399439, 69.807854
SCALE 1.000000, 1.000000, 1.000000
X 0.000000, -0.216437, 0.976297
Y -0.000001, -0.976297, -0.216437
Z 1.000000, -0.000001, -0.000000

BONE 50
OFFSET -0.000006, -1.436554, 63.812054
SCALE 1.000000, 1.000000, 1.000000
X 1.000000, 0.000000, 0.000000
Y 0.000000, 1.000000, 0.000000
Z 0.000000, 0.000000, 1.000000

BONE 51
OFFSET 0.526587, -5.613742, 65.111015
SCALE 1.000000, 1.000000, 1.000000
X 1.000000, 0.000000, 0.000000
Y 0.000000, 1.000000, 0.000000
Z 0.000000, 0.000000, 1.000000

BONE 52
OFFSET -0.522688, -5.613789, 65.111168
SCALE 1.000000, 1.000000, 1.000000
X 1.000000, 0.000000, 0.000000
Y 0.000000, -1.000000, -0.000000
Z 0.000000, 0.000000, -1.000000

BONE 53
OFFSET 0.457118, -5.540866, 63.295742
SCALE 1.000000, 1.000000, 1.000000
X 1.000000, 0.000000, 0.000000
Y 0.000000, 1.000000, 0.000000
Z 0.000000, 0.000000, 1.000000

BONE 54
OFFSET -0.457124, -5.540882, 63.295601
SCALE 1.000000, 1.000000, 1.000000
X 1.000000, 0.000000, 0.000000
Y 0.000000, -1.000000, 0.000000
Z 0.000000, -0.000000, -1.000000

BONE 55
OFFSET 1.034322, -5.051300, 63.204529
SCALE 1.000000, 1.000000, 1.000000
X 1.000000, 0.000000, 0.000000
Y 0.000000, 1.000000, 0.000000
Z 0.000000, 0.000000, 1.000000

BONE 56
OFFSET -1.034323, -5.051798, 63.205017
SCALE 1.000000, 1.000000, 1.000000
X 1.000000, 0.000000, 0.000000
Y 0.000000, 1.000000, 0.000000
Z 0.000000, 0.000000, 1.000000

BONE 57
OFFSET 8.032678, 0.771287, 56.537991
SCALE 1.000000, 1.000000, 1.000000
X 0.663005, -0.260588, -0.701797
Y 0.273791, 0.956920, -0.096662
Z 0.696752, -0.128058, 0.705789

BONE 58
OFFSET -8.002132, 0.783197, 56.570179
SCALE 1.000000, 1.000000, 1.000000
X 0.662999, 0.260580, 0.701805
Y 0.273788, -0.956921, 0.096655
Z 0.696758, 0.128063, -0.705782

BONE 59
OFFSET -0.000005, -4.333891, 66.322533
SCALE 1.000000, 1.000000, 1.000000
X 0.000000, -0.939692, 0.342023
Y 1.000000, -0.000000, -0.000001
Z 0.000001, 0.342023, 0.939692

BONE 60
OFFSET -0.000006, -4.706913, 61.977989
SCALE 1.000000, 1.000000, 1.000000
X 1.000000, 0.000000, 0.000000
Y 0.000000, 1.000000, 0.000000
Z 0.000000, 0.000000, 1.000000

BONE 61
OFFSET -0.000535, -0.362045, 71.243202
SCALE 1.000000, 1.000000, 1.000000
X 0.000001, -0.999048, 0.043622
Y 1.000000, 0.000001, -0.000003
Z 0.000003, 0.043622, 0.999048

BONE 62
OFFSET 0.468695, -5.487819, 63.192028
SCALE 1.000000, 1.000000, 1.000000
X 1.000000, 0.000000, 0.000000
Y 0.000000, 1.000000, 0.000000
Z 0.000000, 0.000000, 1.000000

BONE 63
OFFSET -0.468699, -5.487815, 63.191929
SCALE 1.000000, 1.000000, 1.000000
X 1.000000, 0.000000, 0.000000
Y 0.000000, -1.000000, 0.000000
Z 0.000000, -0.000000, -1.000000

BONE 64
OFFSET 18.586214, -10.419991, 44.089035
SCALE 1.000000, 1.000000, 1.000000
X 0.298827, -0.782224, -0.546651
Y -0.792532, 0.115673, -0.598759
Z 0.531597, 0.612164, -0.585371

BONE 65
OFFSET -18.586237, -10.420011, 44.088718
SCALE 1.000000, 1.000000, 1.000000
X 0.298824, 0.782219, 0.546661
Y -0.792537, -0.115677, 0.598752
Z 0.531591, -0.612171, 0.585370

BONE 66
OFFSET 17.753962, -7.897583, 45.442307
SCALE 1.000000, 1.000000, 1.000000
X 0.294637, -0.846008, -0.444364
Y 0.654007, 0.517563, -0.551727
Z 0.696752, -0.128058, 0.705789

BONE 67
OFFSET -17.754225, -7.897605, 45.442154
SCALE 1.000000, 1.000000, 1.000000
X 0.294635, 0.846004, 0.444374
Y 0.654002, -0.517569, 0.551728
Z 0.696758, 0.128063, -0.705782

BONE 68
OFFSET -28.520025, -12.712697, 38.934025
SCALE 1.000000, 1.000000, 1.000000
X -0.000002, -1.000000, -0.000009
Y 1.000000, -0.000002, 0.000008
Z -0.000008, -0.000009, 1.000000

BONE 69
OFFSET 18.943417, -14.119981, 43.296013
SCALE 1.000000, 1.000000, 1.000000
X 0.252372, -0.921980, -0.293703
Y -0.670111, 0.052433, -0.740407
Z 0.698040, 0.383671, -0.604596

BONE 70
OFFSET -18.943443, -14.120003, 43.295769
SCALE 1.000000, 1.000000, 1.000000
X 0.252372, 0.921977, 0.293714
Y -0.670117, -0.052439, 0.740401
Z 0.698034, -0.383679, 0.604598

BONE 71
OFFSET 19.641989, -13.609539, 42.701622
SCALE 1.000000, 1.000000, 1.000000
X 0.066676, -0.793898, -0.604384
Y -0.837131, 0.285089, -0.466836
Z 0.542924, 0.537075, -0.645588

BONE 72
OFFSET -19.641981, -13.609523, 42.701279
SCALE 1.000000, 1.000000, 1.000000
X 0.066673, 0.793892, 0.604392
Y -0.837135, -0.285092, 0.466827
Z 0.542917, -0.537082, 0.645587

BONE 73
OFFSET 20.410463, -12.161435, 41.479580
SCALE 1.000000, 1.000000, 1.000000
X -0.099502, -0.722206, -0.684483
Y -0.847956, 0.421480, -0.321443
Z 0.520644, 0.548427, -0.654337

BONE 74
OFFSET -20.410471, -12.161439, 41.479237
SCALE 1.000000, 1.000000, 1.000000
X -0.099506, 0.722200, 0.684489
Y -0.847960, -0.421481, 0.321432
Z 0.520637, -0.548435, 0.654336

BONE 75
OFFSET 20.114433, -12.877874, 42.061359
SCALE 1.000000, 1.000000, 1.000000
X -0.006153, -0.739036, -0.673638
Y -0.878925, 0.325280, -0.348831
Z 0.476920, 0.589931, -0.651559

BONE 76
OFFSET -20.114414, -12.877863, 42.061123
SCALE 1.000000, 1.000000, 1.000000
X -0.006157, 0.739030, 0.673645
Y -0.878929, -0.325281, 0.348821
Z 0.476913, -0.589938, 0.651557

BONE 77
OFFSET 18.473318, -11.542684, 44.177166
SCALE 1.000000, 1.000000, 1.000000
X -0.766464, -0.594188, -0.243871
Y 0.525112, -0.361068, -0.770641
Z 0.369852, -0.718728, 0.588761

BONE 78
OFFSET -18.473328, -11.542689, 44.176899
SCALE 1.000000, 1.000000, 1.000000
X -0.766465, 0.594188, 0.243870
Y 0.525106, 0.361059, 0.770649
Z 0.369859, 0.718733, -0.588751

BONE 79
OFFSET -28.520058, -12.712775, 38.934483
SCALE 1.000000, 1.000000, 1.000000
X 0.000000, -1.000000, 0.000000
Y 1.000000, 0.000000, 0.000000
Z 0.000000, 0.000000, 1.000000

BONE 80
OFFSET -28.520025, -12.712697, 38.934025
SCALE 1.000000, 1.000000, 1.000000
X -0.000002, -1.000000, -0.000009
Y 0.998880, -0.000002, -0.047321
Z 0.047321, -0.000009, 0.998880

BONE 81
OFFSET 19.334723, -15.549521, 42.840626
SCALE 1.000000, 1.000000, 1.000000
X -0.305669, -0.603884, -0.736132
Y -0.647539, 0.698656, -0.304258
Z 0.698040, 0.383672, -0.604596

BONE 82
OFFSET -19.334742, -15.549525, 42.840240
SCALE 1.000000, 1.000000, 1.000000
X -0.305674, 0.603878, 0.736135
Y -0.647543, -0.698657, 0.304247
Z 0.698034, -0.383679, 0.604598

BONE 83
OFFSET 19.765709, -15.082642, 41.580170
SCALE 1.000000, 1.000000, 1.000000
X -0.742615, -0.051907, -0.667704
Y -0.392118, 0.841936, 0.370658
Z 0.542924, 0.537075, -0.645588

BONE 84
OFFSET -19.765715, -15.082623, 41.579609
SCALE 1.000000, 1.000000, 1.000000
X -0.742620, 0.051903, 0.667698
Y -0.392117, -0.841932, -0.370669
Z 0.542918, -0.537082, 0.645588

BONE 85
OFFSET 20.291183, -13.027181, 40.659054
SCALE 1.000000, 1.000000, 1.000000
X -0.734281, -0.103406, -0.670923
Y -0.435615, 0.829780, 0.348862
Z 0.520644, 0.548427, -0.654337

BONE 86
OFFSET -20.291176, -13.027180, 40.658760
SCALE 1.000000, 1.000000, 1.000000
X -0.734287, 0.103402, 0.670918
Y -0.435614, -0.829776, -0.348873
Z 0.520638, -0.548434, 0.654337

BONE 87
OFFSET 20.104082, -14.121078, 40.928165
SCALE 1.000000, 1.000000, 1.000000
X -0.750659, -0.112245, -0.651086
Y -0.457230, 0.799613, 0.389306
Z 0.476919, 0.589932, -0.651558

BONE 88
OFFSET -20.104094, -14.121080, 40.927647
SCALE 1.000000, 1.000000, 1.000000
X -0.750664, 0.112241, 0.651080
Y -0.457229, -0.799609, -0.389317
Z 0.476912, -0.589939, 0.651557

BONE 89
OFFSET 16.629265, -12.972254, 43.590431
SCALE 1.000000, 1.000000, 1.000000
X -0.513943, -0.686180, -0.514801
Y 0.773998, -0.112190, -0.623170
Z 0.369851, -0.718728, 0.588761

BONE 90
OFFSET -16.629271, -12.972255, 43.589893
SCALE 1.000000, 1.000000, 1.000000
X -0.513946, 0.686176, 0.514803
Y 0.773993, 0.112182, 0.623177
Z 0.369858, 0.718733, -0.588751

BONE 91
OFFSET 19.037628, -16.136465, 42.125145
SCALE 1.000000, 1.000000, 1.000000
X -0.554197, -0.245199, -0.795452
Y -0.453439, 0.890322, 0.041472
Z 0.698039, 0.383672, -0.604596

BONE 92
OFFSET -19.037651, -16.136448, 42.124882
SCALE 1.000000, 1.000000, 1.000000
X -0.554203, 0.245193, 0.795449
Y -0.453441, -0.890320, -0.041484
Z 0.698033, -0.383680, 0.604599

BONE 93
OFFSET 18.947680, -15.139820, 40.844662
SCALE 1.000000, 1.000000, 1.000000
X -0.836716, 0.280325, -0.470451
Y -0.071693, 0.795593, 0.601574
Z 0.542924, 0.537075, -0.645588

BONE 94
OFFSET -18.947678, -15.139823, 40.844185
SCALE 1.000000, 1.000000, 1.000000
X -0.836721, -0.280327, 0.470441
Y -0.071690, -0.795587, -0.601582
Z 0.542917, -0.537082, 0.645588

BONE 95
OFFSET 19.784124, -13.098587, 40.195744
SCALE 1.000000, 1.000000, 1.000000
X -0.853757, 0.339265, -0.394967
Y 0.005383, 0.764282, 0.644859
Z 0.520644, 0.548427, -0.654337

BONE 96
OFFSET -19.784124, -13.098555, 40.195335
SCALE 1.000000, 1.000000, 1.000000
X -0.853761, -0.339267, 0.394957
Y 0.005387, -0.764276, -0.644866
Z 0.520638, -0.548434, 0.654337

BONE 97
OFFSET 19.396255, -14.226916, 40.314236
SCALE 1.000000, 1.000000, 1.000000
X -0.861547, 0.166994, -0.479426
Y -0.174022, 0.789996, 0.587897
Z 0.476920, 0.589931, -0.651558

BONE 98
OFFSET -19.396254, -14.226903, 40.313873
SCALE 1.000000, 1.000000, 1.000000
X -0.861552, -0.166996, 0.479417
Y -0.174019, -0.789990, -0.587905
Z 0.476913, -0.589939, 0.651557

BONE 99
OFFSET 16.015339, -13.791925, 42.975479
SCALE 1.000000, 1.000000, 1.000000
X -0.178370, -0.676836, -0.714197
Y 0.911808, 0.159130, -0.378528
Z 0.369851, -0.718729, 0.588761

BONE 100
OFFSET -16.015329, -13.791936, 42.974930
SCALE 1.000000, 1.000000, 1.000000
X -0.178374, 0.676830, 0.714202
Y 0.911805, -0.159134, 0.378534
Z 0.369857, 0.718733, -0.588751

NUMVERTS 280
VERT 0
OFFSET -3.496596, 1.652030, 9.772811
BONES 1
BONE 13 1.000000

VERT 1
OFFSET -4.475002, 0.678242, 9.637120
BONES 1
BONE 13 1.000000

VERT 2
OFFSET -6.440751, 2.224131, 9.579549
BONES 1
BONE 13 1.000000

VERT 3
OFFSET -5.776813, 5.314126, -0.022959
BONES 2
BONE 16 0.956150
BONE 23 0.043850

VERT 4
OFFSET -6.061419, 4.858896, 9.860424
BONES 1
BONE 13 1.000000

VERT 5
OFFSET -3.672589, -4.929436, 37.504459
BONES 2
BONE 1 0.359086
BONE 11 0.640914

VERT 6
OFFSET -7.261774, -1.230325, 36.596607
BONES 2
BONE 1 0.080529
BONE 11 0.919471

VERT 7
OFFSET -6.902719, -1.568940, -0.241015
BONES 1
BONE 23 1.000000

VERT 8
OFFSET -2.668581, -1.651438, -0.233080
BONES 1
BONE 23 1.000000

VERT 9
OFFSET -6.029293, -5.658179, 0.262340
BONES 1
BONE 23 1.000000

VERT 10
OFFSET -3.465171, -5.828613, 0.315463
BONES 1
BONE 23 1.000000

VERT 11
OFFSET -3.110089, 5.056783, -0.028451
BONES 1
BONE 16 1.000000

VERT 12
OFFSET -4.126025, -2.925623, 20.842625
BONES 1
BONE 18 1.000000

VERT 13
OFFSET -1.690660, -0.518477, 21.090635
BONES 1
BONE 18 1.000000

VERT 14
OFFSET -6.589491, 4.644723, 21.260736
BONES 4
BONE 7 0.468173
BONE 13 0.213628
BONE 18 0.266058
BONE 11 0.052141

VERT 15
OFFSET -3.214616, 5.379421, 21.377535
BONES 4
BONE 7 0.531631
BONE 13 0.209381
BONE 18 0.244605
BONE 11 0.014383

VERT 16
OFFSET -7.358388, -0.486806, 21.167992
BONES 1
BONE 18 1.000000

VERT 17
OFFSET -3.275514, 4.423179, 10.152790
BONES 1
BONE 13 1.000000

VERT 18
OFFSET -6.588428, 3.334262, 37.209389
BONES 2
BONE 1 0.395544
BONE 11 0.604456

VERT 19
OFFSET -4.665474, -4.998546, 2.180325
BONES 1
BONE 23 1.000000

VERT 20
OFFSET -4.613270, -1.821772, 1.905973
BONES 1
BONE 23 1.000000

VERT 21
OFFSET -4.675671, 1.603590, 3.549878
BONES 1
BONE 16 1.000000

VERT 22
OFFSET 3.496593, 1.652030, 9.772811
BONES 1
BONE 12 1.000000

VERT 23
OFFSET 4.474998, 0.678241, 9.637120
BONES 1
BONE 12 1.000000

VERT 24
OFFSET 6.440746, 2.224130, 9.579550
BONES 1
BONE 12 1.000000

VERT 25
OFFSET 5.776809, 5.314126, -0.022959
BONES 1
BONE 15 1.000000

VERT 26
OFFSET 6.061415, 4.858894, 9.860425
BONES 1
BONE 12 1.000000

VERT 27
OFFSET 3.672585, -4.931579, 37.504856
BONES 2
BONE 1 0.359086
BONE 10 0.640914

VERT 28
OFFSET 7.261770, -1.233470, 36.597290
BONES 2
BONE 1 0.080529
BONE 10 0.919471

VERT 29
OFFSET 6.902714, -1.568940, -0.241015
BONES 1
BONE 22 1.000000

VERT 30
OFFSET 2.668577, -1.651438, -0.233080
BONES 1
BONE 22 1.000000

VERT 31
OFFSET 6.029289, -5.658179, 0.262340
BONES 1
BONE 22 1.000000

VERT 32
OFFSET 3.465167, -5.828613, 0.315463
BONES 1
BONE 22 1.000000

VERT 33
OFFSET 3.110085, 5.056783, -0.028451
BONES 1
BONE 15 1.000000

VERT 34
OFFSET 4.126021, -2.925736, 20.842648
BONES 1
BONE 17 1.000000

VERT 35
OFFSET 1.690655, -0.518520, 21.090645
BONES 1
BONE 17 1.000000

VERT 36
OFFSET 6.589486, 4.644596, 21.260773
BONES 4
BONE 6 0.540198
BONE 12 0.173685
BONE 17 0.277720
BONE 10 0.008397

VERT 37
OFFSET 3.214612, 5.379360, 21.377552
BONES 4
BONE 6 0.672769
BONE 12 0.114055
BONE 17 0.205344
BONE 10 0.007831

VERT 38
OFFSET 7.358384, -0.487000, 21.168034
BONES 1
BONE 17 1.000000

VERT 39
OFFSET 3.275510, 4.423178, 10.152790
BONES 1
BONE 12 1.000000

VERT 40
OFFSET 6.588423, 3.331960, 37.210026
BONES 2
BONE 1 0.395544
BONE 10 0.604456

VERT 41
OFFSET 4.665471, -4.998546, 2.180325
BONES 1
BONE 22 1.000000

VERT 42
OFFSET 4.613266, -1.821772, 1.905973
BONES 1
BONE 22 1.000000

VERT 43
OFFSET 4.675667, 1.603590, 3.549878
BONES 1
BONE 15 1.000000

VERT 44
OFFSET -0.000002, -0.425030, 32.140415
BONES 3
BONE 1 0.533345
BONE 10 0.255645
BONE 11 0.211010

VERT 45
OFFSET -0.000002, -4.847167, 37.659615
BONES 2
BONE 1 0.572901
BONE 10 0.427099

VERT 46
OFFSET -0.000002, 0.190878, 39.428341
BONES 1
BONE 1 1.000000

VERT 47
OFFSET -0.000002, 5.727656, 37.739174
BONES 3
BONE 1 0.715226
BONE 10 0.113257
BONE 11 0.171517

VERT 48
OFFSET -0.000002, 5.361199, 33.230888
BONES 3
BONE 1 0.493421
BONE 10 0.256579
BONE 11 0.250000

VERT 49
OFFSET -2.281994, -1.657370, 15.975599
BONES 1
BONE 18 1.000000

VERT 50
OFFSET -6.817915, -1.269977, 15.708314
BONES 1
BONE 18 1.000000

VERT 51
OFFSET -3.040786, -3.402303, 22.394909
BONES 1
BONE 18 1.000000

VERT 52
OFFSET -7.492719, -3.013497, 22.132401
BONES 1
BONE 18 1.000000

VERT 53
OFFSET -4.786537, -3.624556, 18.456013
BONES 1
BONE 18 1.000000

VERT 54
OFFSET 2.281990, -1.657383, 15.975602
BONES 1
BONE 17 1.000000

VERT 55
OFFSET 6.817911, -1.270012, 15.708322
BONES 1
BONE 17 1.000000

VERT 56
OFFSET 3.040781, -3.402429, 22.394932
BONES 1
BONE 17 1.000000

VERT 57
OFFSET 7.492714, -3.013783, 22.132456
BONES 1
BONE 17 1.000000

VERT 58
OFFSET 4.786533, -3.624625, 18.456024
BONES 1
BONE 17 1.000000

VERT 59
OFFSET 9.619958, -3.017152, 40.413475
BONES 2
BONE 1 0.401427
BONE 8 0.598573

VERT 60
OFFSET 11.003108, -2.912770, 40.712887
BONES 2
BONE 1 0.401427
BONE 8 0.598573

VERT 61
OFFSET 9.511061, -2.527611, 47.881596
BONES 2
BONE 1 0.401427
BONE 8 0.598573

VERT 62
OFFSET 8.079131, 3.328786, 39.571243
BONES 2
BONE 1 0.401427
BONE 8 0.598573

VERT 63
OFFSET 9.237950, 4.046391, 39.730293
BONES 2
BONE 1 0.401427
BONE 8 0.598573

VERT 64
OFFSET 7.870707, 4.121761, 46.998024
BONES 2
BONE 1 0.401427
BONE 8 0.598573

VERT 65
OFFSET 3.199475, -10.626945, 43.611721
BONES 3
BONE 1 0.067963
BONE 8 0.706153
BONE 14 0.225884

VERT 66
OFFSET 2.762766, -8.174607, 49.212341
BONES 3
BONE 1 0.067963
BONE 8 0.706153
BONE 14 0.225884

VERT 67
OFFSET 2.535671, -8.223871, 43.085022
BONES 3
BONE 1 0.067963
BONE 8 0.706153
BONE 14 0.225884

VERT 68
OFFSET 6.228778, -7.374279, 42.946236
BONES 3
BONE 1 0.067963
BONE 8 0.706153
BONE 14 0.225884

VERT 69
OFFSET 6.997439, -9.785967, 43.457104
BONES 3
BONE 1 0.067963
BONE 8 0.706153
BONE 14 0.225884

VERT 70
OFFSET 6.430431, -7.415789, 49.086506
BONES 3
BONE 1 0.067963
BONE 8 0.706153
BONE 14 0.225884

VERT 71
OFFSET 8.992242, -7.508509, 42.263885
BONES 3
BONE 1 0.047080
BONE 8 0.803063
BONE 14 0.149857

VERT 72
OFFSET 6.692793, -6.864945, 48.011787
BONES 3
BONE 1 0.047080
BONE 8 0.803063
BONE 14 0.149857

VERT 73
OFFSET 6.896651, -5.902761, 41.890854
BONES 3
BONE 1 0.047080
BONE 8 0.803063
BONE 14 0.149857

VERT 74
OFFSET 9.030037, -2.989946, 42.392296
BONES 3
BONE 1 0.047080
BONE 8 0.803063
BONE 14 0.149857

VERT 75
OFFSET 11.179801, -4.531686, 42.770714
BONES 3
BONE 1 0.047080
BONE 8 0.803063
BONE 14 0.149857

VERT 76
OFFSET 8.814722, -4.018147, 48.518784
BONES 3
BONE 1 0.047080
BONE 8 0.803063
BONE 14 0.149857

VERT 77
OFFSET -9.619963, -3.010214, 40.412064
BONES 2
BONE 1 0.401427
BONE 8 0.598573

VERT 78
OFFSET -11.003113, -2.904585, 40.711277
BONES 2
BONE 1 0.401427
BONE 8 0.598573

VERT 79
OFFSET -9.511065, -2.515452, 47.879040
BONES 2
BONE 1 0.401427
BONE 8 0.598573

VERT 80
OFFSET -8.079136, 3.332438, 39.570221
BONES 2
BONE 1 0.401427
BONE 8 0.598573

VERT 81
OFFSET -9.237955, 4.050395, 39.729118
BONES 2
BONE 1 0.401427
BONE 8 0.598573

VERT 82
OFFSET -7.870711, 4.128016, 46.996147
BONES 2
BONE 1 0.401427
BONE 8 0.598573

VERT 83
OFFSET -3.199478, -10.622568, 43.611038
BONES 3
BONE 1 0.067963
BONE 8 0.706153
BONE 14 0.225884

VERT 84
OFFSET -2.762770, -8.169550, 49.211491
BONES 3
BONE 1 0.067963
BONE 8 0.706153
BONE 14 0.225884

VERT 85
OFFSET -2.535675, -8.220847, 43.084511
BONES 3
BONE 1 0.067963
BONE 8 0.706153
BONE 14 0.225884

VERT 86
OFFSET -6.228782, -7.367243, 42.945023
BONES 3
BONE 1 0.067963
BONE 8 0.706153
BONE 14 0.225884

VERT 87
OFFSET -6.997443, -9.776897, 43.455647
BONES 3
BONE 1 0.067963
BONE 8 0.706153
BONE 14 0.225884

VERT 88
OFFSET -6.430435, -7.404576, 49.084557
BONES 3
BONE 1 0.067963
BONE 8 0.706153
BONE 14 0.225884

VERT 89
OFFSET -8.992247, -7.498991, 42.262238
BONES 3
BONE 1 0.047080
BONE 8 0.803063
BONE 14 0.149857

VERT 90
OFFSET -6.692798, -6.854210, 48.009888
BONES 3
BONE 1 0.047080
BONE 8 0.803063
BONE 14 0.149857

VERT 91
OFFSET -6.896656, -5.896129, 41.889648
BONES 3
BONE 1 0.047080
BONE 8 0.803063
BONE 14 0.149857

VERT 92
OFFSET -9.030042, -2.982081, 42.390690
BONES 3
BONE 1 0.047080
BONE 8 0.803063
BONE 14 0.149857

VERT 93
OFFSET -11.179806, -4.520855, 42.768700
BONES 3
BONE 1 0.047080
BONE 8 0.803063
BONE 14 0.149857

VERT 94
OFFSET -8.814727, -4.005501, 48.516285
BONES 3
BONE 1 0.047080
BONE 8 0.803063
BONE 14 0.149857

VERT 95
OFFSET 1.791309, -7.362089, 50.310856
BONES 3
BONE 8 0.400000
BONE 14 0.428147
BONE 27 0.171853

VERT 96
OFFSET 6.479604, -6.070926, 49.964859
BONES 3
BONE 8 0.400000
BONE 14 0.428147
BONE 27 0.171853

VERT 97
OFFSET 1.840211, -6.843227, 53.230503
BONES 3
BONE 8 0.400000
BONE 14 0.428147
BONE 27 0.171853

VERT 98
OFFSET 6.508502, -5.513558, 52.660610
BONES 3
BONE 8 0.400000
BONE 14 0.428147
BONE 27 0.171853

VERT 99
OFFSET -3.928931, -7.017961, 49.475388
BONES 3
BONE 8 0.400000
BONE 14 0.428147
BONE 28 0.171853

VERT 100
OFFSET -1.045097, -7.390957, 49.567825
BONES 3
BONE 8 0.400000
BONE 14 0.428147
BONE 28 0.171853

VERT 101
OFFSET -3.787065, -6.396499, 53.590370
BONES 3
BONE 8 0.400000
BONE 14 0.428147
BONE 28 0.171853

VERT 102
OFFSET -1.129659, -6.762344, 53.673824
BONES 3
BONE 8 0.400000
BONE 14 0.428147
BONE 28 0.171853

VERT 103
OFFSET -1.344266, -6.302862, 41.976170
BONES 2
BONE 1 0.736854
BONE 8 0.263146

VERT 104
OFFSET 1.325585, -6.280895, 41.946583
BONES 2
BONE 1 0.736153
BONE 8 0.263847

VERT 105
OFFSET 0.126546, -3.038769, 57.202442
BONES 3
BONE 21 0.850000
BONE 28 0.060480
BONE 27 0.089520

VERT 106
OFFSET 0.114590, 0.672196, 56.424099
BONES 2
BONE 14 0.850000
BONE 27 0.150000

VERT 107
OFFSET 2.481301, -1.719867, 60.470772
BONES 2
BONE 21 0.850000
BONE 27 0.150000

VERT 108
OFFSET -2.463305, -1.769359, 60.594101
BONES 3
BONE 14 0.030392
BONE 21 0.819608
BONE 28 0.150000

VERT 109
OFFSET -6.143899, -6.157876, 33.448517
BONES 3
BONE 10 0.012256
BONE 11 0.364663
BONE 3 0.623081

VERT 110
OFFSET -0.084472, -1.358305, 39.057011
BONES 1
BONE 1 1.000000

VERT 111
OFFSET 5.940588, -6.048381, 33.313816
BONES 2
BONE 10 0.424797
BONE 2 0.575203

VERT 112
OFFSET -3.230518, 6.119256, 34.522396
BONES 4
BONE 1 0.316935
BONE 10 0.053801
BONE 11 0.253586
BONE 5 0.375678

VERT 113
OFFSET 2.830754, 6.174376, 34.454430
BONES 4
BONE 1 0.295230
BONE 10 0.316289
BONE 5 0.087542
BONE 4 0.300939

VERT 114
OFFSET -0.103002, -6.582798, 32.792976
BONES 4
BONE 1 0.429224
BONE 10 0.168595
BONE 11 0.172620
BONE 2 0.229561

VERT 115
OFFSET 8.721139, 0.304646, 34.036095
BONES 4
BONE 1 0.011621
BONE 10 0.420740
BONE 2 0.471365
BONE 4 0.096273

VERT 116
OFFSET -9.023310, 0.140998, 34.234943
BONES 4
BONE 1 0.162229
BONE 11 0.322997
BONE 3 0.162229
BONE 5 0.352546

VERT 117
OFFSET 14.364052, -5.731153, 47.311905
BONES 1
BONE 41 1.000000

VERT 118
OFFSET 18.012653, -3.148597, 46.499298
BONES 2
BONE 41 0.892927
BONE 39 0.107073

VERT 119
OFFSET 15.068015, -4.430575, 45.215710
BONES 2
BONE 41 0.986171
BONE 39 0.013829

VERT 120
OFFSET 16.977671, -6.044173, 49.363632
BONES 2
BONE 33 0.091642
BONE 41 0.908358

VERT 121
OFFSET 12.479763, -0.319234, 47.503883
BONES 2
BONE 33 0.706717
BONE 57 0.293283

VERT 122
OFFSET 13.855059, 1.308057, 49.377552
BONES 2
BONE 33 0.706717
BONE 57 0.293283

VERT 123
OFFSET 14.499118, -1.456535, 52.556725
BONES 2
BONE 33 0.773412
BONE 57 0.226588

VERT 124
OFFSET 11.712069, -2.443512, 49.684940
BONES 4
BONE 14 0.027472
BONE 33 0.353489
BONE 41 0.188324
BONE 57 0.430715

VERT 125
OFFSET -14.244670, -5.808864, 47.775684
BONES 1
BONE 42 1.000000

VERT 126
OFFSET -18.153154, -3.676000, 46.836510
BONES 2
BONE 42 0.892927
BONE 40 0.107073

VERT 127
OFFSET -15.056587, -4.705556, 45.629044
BONES 2
BONE 42 0.986171
BONE 40 0.013829

VERT 128
OFFSET -16.873873, -6.269791, 49.817753
BONES 2
BONE 34 0.091642
BONE 42 0.908358

VERT 129
OFFSET -12.854599, -0.271165, 47.700096
BONES 2
BONE 34 0.706717
BONE 58 0.293283

VERT 130
OFFSET -14.398608, 1.297479, 49.485344
BONES 2
BONE 34 0.706717
BONE 58 0.293283

VERT 131
OFFSET -13.909717, -1.616244, 52.647869
BONES 2
BONE 34 0.773412
BONE 58 0.226588

VERT 132
OFFSET -11.895577, -2.186882, 49.977982
BONES 3
BONE 14 0.055504
BONE 34 0.081049
BONE 58 0.863446

VERT 133
OFFSET -2.874463, -6.259349, 52.614052
BONES 3
BONE 8 0.400000
BONE 14 0.428147
BONE 28 0.171853

VERT 134
OFFSET 3.084518, -6.222120, 52.553150
BONES 3
BONE 8 0.400000
BONE 14 0.428147
BONE 27 0.171853

VERT 135
OFFSET -2.101884, 2.436705, 61.765121
BONES 2
BONE 21 0.850000
BONE 28 0.150000

VERT 136
OFFSET 2.330986, 2.465130, 61.743568
BONES 3
BONE 14 0.014706
BONE 21 0.835294
BONE 27 0.150000

VERT 137
OFFSET -8.655908, -4.776082, 40.207439
BONES 3
BONE 1 0.605631
BONE 8 0.319468
BONE 3 0.074901

VERT 138
OFFSET -3.234907, -7.742720, 40.356213
BONES 4
BONE 1 0.655464
BONE 8 0.264818
BONE 14 0.064220
BONE 3 0.015498

VERT 139
OFFSET 8.565077, -4.623075, 40.015205
BONES 4
BONE 1 0.515234
BONE 8 0.318200
BONE 2 0.138260
BONE 4 0.028307

VERT 140
OFFSET 3.135037, -7.687836, 40.285561
BONES 4
BONE 1 0.655464
BONE 8 0.264818
BONE 14 0.064220
BONE 3 0.015498

VERT 141
OFFSET -1.068270, -5.383958, 55.608898
BONES 3
BONE 8 0.093416
BONE 21 0.833027
BONE 28 0.073557

VERT 142
OFFSET 1.330711, -5.369028, 55.585480
BONES 3
BONE 8 0.058304
BONE 21 0.895786
BONE 27 0.045910

VERT 143
OFFSET -8.718663, 0.277766, 40.343788
BONES 3
BONE 1 0.458813
BONE 8 0.141419
BONE 3 0.399768

VERT 144
OFFSET -3.284604, 6.028062, 40.518768
BONES 3
BONE 1 0.461003
BONE 8 0.516158
BONE 10 0.022839

VERT 145
OFFSET 8.540313, 0.433833, 40.150440
BONES 3
BONE 1 0.540467
BONE 8 0.117006
BONE 2 0.342527

VERT 146
OFFSET 3.011565, 6.084187, 40.447975
BONES 3
BONE 1 0.461003
BONE 8 0.516158
BONE 10 0.022839

VERT 147
OFFSET -3.111868, -3.367286, 58.835171
BONES 2
BONE 21 0.850000
BONE 28 0.150000

VERT 148
OFFSET -3.406057, 2.492635, 60.642151
BONES 2
BONE 21 0.827271
BONE 28 0.172729

VERT 149
OFFSET -2.005805, 1.882740, 61.722992
BONES 2
BONE 21 0.850000
BONE 28 0.150000

VERT 150
OFFSET -7.035671, -3.932291, 52.033974
BONES 3
BONE 8 0.228212
BONE 14 0.692310
BONE 25 0.079478

VERT 151
OFFSET -8.059766, 0.735496, 49.534115
BONES 3
BONE 8 0.564102
BONE 14 0.413564
BONE 58 0.022335

VERT 152
OFFSET -6.322364, -0.060434, 59.395935
BONES 4
BONE 21 0.305849
BONE 28 0.468756
BONE 25 0.069601
BONE 58 0.155794

VERT 153
OFFSET -6.119569, 5.139670, 52.082092
BONES 2
BONE 8 0.412676
BONE 14 0.587324

VERT 154
OFFSET 3.403856, -3.292231, 58.783813
BONES 2
BONE 21 0.850000
BONE 27 0.150000

VERT 155
OFFSET 3.630943, 2.555117, 60.576012
BONES 3
BONE 21 0.744154
BONE 27 0.152715
BONE 24 0.103131

VERT 156
OFFSET 2.258966, 1.919255, 61.692863
BONES 3
BONE 14 0.014706
BONE 21 0.835294
BONE 27 0.150000

VERT 157
OFFSET 7.480864, 0.873448, 50.748108
BONES 2
BONE 8 0.200421
BONE 14 0.799579

VERT 158
OFFSET 6.803659, -0.029671, 59.499672
BONES 4
BONE 21 0.360550
BONE 27 0.312909
BONE 24 0.297900
BONE 57 0.028642

VERT 159
OFFSET 7.208974, -3.795362, 51.868984
BONES 3
BONE 8 0.228212
BONE 14 0.692310
BONE 24 0.079478

VERT 160
OFFSET 6.106455, 5.240810, 51.950817
BONES 2
BONE 8 0.408806
BONE 14 0.591194

VERT 161
OFFSET -7.357837, -5.437951, 49.410782
BONES 3
BONE 8 0.425178
BONE 14 0.444072
BONE 28 0.130750

VERT 162
OFFSET -4.892403, -6.784461, 49.477604
BONES 3
BONE 8 0.425178
BONE 14 0.444072
BONE 28 0.130750

VERT 163
OFFSET -6.955947, -4.967104, 53.546864
BONES 3
BONE 8 0.426767
BONE 14 0.434506
BONE 28 0.138727

VERT 164
OFFSET -4.695435, -6.225975, 53.600208
BONES 3
BONE 8 0.426767
BONE 14 0.434506
BONE 28 0.138727

VERT 165
OFFSET 15.042888, -1.034800, 48.797840
BONES 1
BONE 66 1.000000

VERT 166
OFFSET 17.774931, -3.128702, 46.966438
BONES 1
BONE 66 1.000000

VERT 167
OFFSET 14.838380, -4.715337, 47.044594
BONES 1
BONE 66 1.000000

VERT 168
OFFSET 19.014843, -8.066969, 44.811810
BONES 2
BONE 66 0.905562
BONE 64 0.094438

VERT 169
OFFSET 18.061378, -9.178976, 46.046062
BONES 2
BONE 66 0.780060
BONE 64 0.219940

VERT 170
OFFSET 19.614016, -11.773937, 41.530708
BONES 1
BONE 64 1.000000

VERT 171
OFFSET 20.877913, -12.187402, 42.000000
BONES 1
BONE 64 1.000000

VERT 172
OFFSET 18.428347, -14.035551, 43.910236
BONES 1
BONE 64 1.000000

VERT 173
OFFSET 15.677507, -3.514667, 46.021320
BONES 1
BONE 66 1.000000

VERT 174
OFFSET 16.639780, -4.405925, 48.484852
BONES 1
BONE 66 1.000000

VERT 175
OFFSET 17.176811, -9.209567, 44.907875
BONES 2
BONE 66 0.752460
BONE 64 0.247540

VERT 176
OFFSET 17.720236, -8.585630, 44.320866
BONES 2
BONE 66 0.752460
BONE 64 0.247540

VERT 177
OFFSET 18.912519, -14.219646, 43.999607
BONES 1
BONE 64 1.000000

VERT 178
OFFSET -15.027807, -1.035391, 48.829201
BONES 1
BONE 67 1.000000

VERT 179
OFFSET -17.731737, -3.148372, 46.978092
BONES 1
BONE 67 1.000000

VERT 180
OFFSET -14.775392, -4.698315, 47.045574
BONES 1
BONE 67 1.000000

VERT 181
OFFSET -19.014843, -8.066969, 44.811810
BONES 2
BONE 67 0.959744
BONE 65 0.040256

VERT 182
OFFSET -18.061378, -9.178976, 46.046062
BONES 2
BONE 67 0.926888
BONE 65 0.073112

VERT 183
OFFSET -19.614016, -11.773937, 41.530708
BONES 1
BONE 65 1.000000

