// Export filename: 'C:/Program Files/Activision/Call of Duty 4 - Modern Warfare/model_export/viewmodels/hands/viewhands_op_force.XMODEL_EXPORT'
// Source filename: 'C:/Program Files/Activision/Call of Duty 4 - Modern Warfare/bin/maya/rigs/viewmodel/ViewModel_DefMesh.mb'
// Export time: Mon Jan 07 16:09:06 2008
MODEL
VERSION 6

NUMBONES 71
BONE 0 -1 "tag_view"
BONE 1 0 "tag_ads"
BONE 2 0 "tag_cambone"
BONE 3 2 "tag_camera"
BONE 4 1 "tag_torso"
BONE 5 4 "J_Shoulder_LE"
BONE 6 4 "J_Shoulder_RI"
BONE 7 3 "tag_gasmask"
BONE 8 3 "tag_gasmask2"
BONE 9 4 "tag_weapon"
BONE 10 5 "J_Elbow_LE"
BONE 11 6 "J_Elbow_RI"
BONE 12 10 "J_Sleave_Reshape_Bottom_LE_1"
BONE 13 10 "J_Sleave_Reshape_Bottom_LE_2"
BONE 14 10 "J_Sleave_Reshape_Top_LE_1"
BONE 15 10 "J_Sleave_Reshape_Top_LE_2"
BONE 16 10 "J_Sleave_Reshape_Top_LE_3"
BONE 17 11 "J_Sleave_Reshape_Top_RI_1"
BONE 18 11 "J_Sleave_Reshape_Top_RI_2"
BONE 19 11 "J_Sleave_Reshape_Top_RI_3"
BONE 20 10 "J_Wrist_LE"
BONE 21 11 "J_Wrist_RI"
BONE 22 10 "J_WristTwist_LE"
BONE 23 11 "J_WristTwist_RI"
BONE 24 20 "J_Index_LE_0"
BONE 25 21 "J_Index_RI_0"
BONE 26 20 "J_Mid_LE_0"
BONE 27 21 "J_Mid_RI_0"
BONE 28 20 "J_PinkyPalm_LE"
BONE 29 21 "J_PinkyPalm_RI"
BONE 30 20 "J_RingPalm_LE"
BONE 31 21 "J_RingPalm_RI"
BONE 32 20 "J_Thumb_LE_0"
BONE 33 21 "J_Thumb_RI_0"
BONE 34 20 "J_Webbing_LE"
BONE 35 21 "J_Webbing_RI"
BONE 36 20 "tag_knife_attach"
BONE 37 24 "J_Index_LE_1"
BONE 38 25 "J_Index_RI_1"
BONE 39 26 "J_Mid_LE_1"
BONE 40 27 "J_Mid_RI_1"
BONE 41 28 "J_Pinky_LE_0"
BONE 42 29 "J_Pinky_RI_0"
BONE 43 30 "J_Ring_LE_0"
BONE 44 31 "J_Ring_RI_0"
BONE 45 32 "J_Thumb_LE_1"
BONE 46 33 "J_Thumb_RI_1"
BONE 47 37 "J_Index_LE_2"
BONE 48 38 "J_Index_RI_2"
BONE 49 39 "J_Mid_LE_2"
BONE 50 40 "J_Mid_RI_2"
BONE 51 41 "J_Pinky_LE_1"
BONE 52 42 "J_Pinky_RI_1"
BONE 53 43 "J_Ring_LE_1"
BONE 54 44 "J_Ring_RI_1"
BONE 55 45 "J_Thumb_LE_2"
BONE 56 46 "J_Thumb_RI_2"
BONE 57 47 "J_Index_LE_3"
BONE 58 48 "J_Index_RI_3"
BONE 59 49 "J_Mid_LE_3"
BONE 60 50 "J_Mid_RI_3"
BONE 61 51 "J_Pinky_LE_2"
BONE 62 52 "J_Pinky_RI_2"
BONE 63 53 "J_Ring_LE_2"
BONE 64 54 "J_Ring_RI_2"
BONE 65 55 "J_Thumb_LE_3"
BONE 66 56 "J_Thumb_RI_3"
BONE 67 61 "J_Pinky_LE_3"
BONE 68 62 "J_Pinky_RI_3"
BONE 69 63 "J_Ring_LE_3"
BONE 70 64 "J_Ring_RI_3"

BONE 0
OFFSET 0.000000, 0.000000, 0.000000
SCALE 1.000000, 1.000000, 1.000000
X 1.000000, 0.000000, 0.000000
Y 0.000000, 1.000000, 0.000000
Z 0.000000, 0.000000, 1.000000

BONE 1
OFFSET 0.000000, 0.000000, 0.000000
SCALE 1.000000, 1.000000, 1.000000
X 1.000000, 0.000000, 0.000000
Y 0.000000, 1.000000, 0.000000
Z 0.000000, 0.000000, 1.000000

BONE 2
OFFSET 0.000000, 0.000000, 0.000000
SCALE 1.000000, 1.000000, 1.000000
X 1.000000, 0.000000, 0.000000
Y 0.000000, 1.000000, 0.000000
Z 0.000000, 0.000000, 1.000000

BONE 3
OFFSET 0.000000, 0.000000, 0.000000
SCALE 1.000000, 1.000000, 1.000000
X 1.000000, 0.000000, 0.000000
Y 0.000000, 1.000000, 0.000000
Z 0.000000, 0.000000, 1.000000

BONE 4
OFFSET -4.631834, 0.000000, -1.376955
SCALE 1.000000, 1.000000, 1.000000
X 1.000000, 0.000000, 0.000000
Y 0.000000, 1.000000, 0.000000
Z 0.000000, 0.000000, 1.000000

BONE 5
OFFSET -3.506030, 7.937290, -3.186910
SCALE 1.000000, 1.000000, 1.000000
X 0.472986, 0.011374, -0.880996
Y 0.446745, -0.864941, 0.228681
Z -0.759409, -0.501744, -0.414187

BONE 6
OFFSET -3.506032, -7.937284, -3.186909
SCALE 1.000000, 1.000000, 1.000000
X -0.472986, 0.011374, 0.880996
Y -0.446745, -0.864941, -0.228681
Z 0.759409, -0.501744, 0.414187

BONE 7
OFFSET 1.540442, 0.000000, 4.135746
SCALE 1.000000, 1.000000, 1.000000
X 1.000000, 0.000000, 0.000000
Y 0.000000, 1.000000, 0.000000
Z 0.000000, 0.000000, 1.000000

BONE 8
OFFSET -4.631834, 0.000000, -1.376955
SCALE 1.000000, 1.000000, 1.000000
X 1.000000, 0.000000, 0.000000
Y 0.000000, 1.000000, 0.000000
Z 0.000000, 0.000000, 1.000000

BONE 9
OFFSET 10.527968, 0.000000, -8.129675
SCALE 1.000000, 1.000000, 1.000000
X 1.000000, 0.000000, 0.000000
Y 0.000000, 1.000000, 0.000000
Z 0.000000, 0.000000, 1.000000

BONE 10
OFFSET 2.214219, 8.074842, -13.841592
SCALE 1.000000, 1.000000, 1.000000
X 0.999978, -0.002833, 0.005930
Y -0.005970, -0.014367, 0.999879
Z -0.002747, -0.999893, -0.014384

BONE 11
OFFSET 2.214221, -8.074842, -13.841575
SCALE 1.000000, 1.000000, 1.000000
X -0.999978, -0.002833, -0.005930
Y 0.005970, -0.014367, -0.999879
Z 0.002747, -0.999893, 0.014384

BONE 12
OFFSET 12.125037, 8.958635, -14.825972
SCALE 1.000000, 1.000000, 1.000000
X 1.000000, 0.000000, 0.000000
Y 0.000000, 1.000000, 0.000000
Z 0.000000, 0.000000, 1.000000

BONE 13
OFFSET 11.739065, 7.335669, -15.051069
SCALE 1.000000, 1.000000, 1.000000
X 1.000000, 0.000000, 0.000000
Y 0.000000, 1.000000, 0.000000
Z 0.000000, 0.000000, 1.000000

BONE 14
OFFSET 12.634503, 8.810233, -12.285378
SCALE 1.000000, 1.000000, 1.000000
X 1.000000, 0.000000, 0.000000
Y 0.000000, 1.000000, 0.000000
Z 0.000000, 0.000000, 1.000000

BONE 15
OFFSET 12.530005, 7.482795, -12.089205
SCALE 1.000000, 1.000000, 1.000000
X 1.000000, 0.000000, 0.000000
Y 0.000000, 1.000000, 0.000000
Z 0.000000, 0.000000, 1.000000

BONE 16
OFFSET 12.149994, 6.891432, -13.059547
SCALE 1.000000, 1.000000, 1.000000
X 1.000000, 0.000000, 0.000000
Y 0.000000, 1.000000, 0.000000
Z 0.000000, 0.000000, 1.000000

BONE 17
OFFSET 12.634488, -8.810236, -12.285394
SCALE 1.000000, 1.000000, 1.000000
X -1.000000, 0.000000, -0.000000
Y 0.000000, 1.000000, 0.000000
Z 0.000000, 0.000000, -1.000000

BONE 18
OFFSET 12.530000, -7.482795, -12.089212
SCALE 1.000000, 1.000000, 1.000000
X -1.000000, 0.000000, -0.000000
Y 0.000000, 1.000000, 0.000000
Z 0.000000, 0.000000, -1.000000

BONE 19
OFFSET 12.150000, -6.891418, -13.059566
SCALE 1.000000, 1.000000, 1.000000
X -1.000000, 0.000000, -0.000000
Y 0.000000, 1.000000, 0.000000
Z 0.000000, 0.000000, -1.000000

BONE 20
OFFSET 13.785073, 8.042067, -13.772971
SCALE 1.000000, 1.000000, 1.000000
X 0.996700, -0.023076, 0.077825
Y -0.077652, 0.008297, 0.996946
Z -0.023651, -0.999699, 0.006478

BONE 21
OFFSET 13.785079, -8.042048, -13.772953
SCALE 1.000000, 1.000000, 1.000000
X -0.996700, -0.023076, -0.077825
Y 0.077652, 0.008297, -0.996946
Z 0.023651, -0.999699, -0.006478

BONE 22
OFFSET 10.719465, 8.050750, -13.791152
SCALE 1.000000, 1.000000, 1.000000
X 0.999978, -0.002833, 0.005930
Y -0.005970, -0.014367, 0.999879
Z -0.002747, -0.999893, -0.014384

BONE 23
OFFSET 10.719449, -8.050748, -13.791142
SCALE 1.000000, 1.000000, 1.000000
X -0.999978, -0.002833, -0.005930
Y 0.005970, -0.014367, -0.999879
Z 0.002747, -0.999893, 0.014384

BONE 24
OFFSET 17.618980, 8.329933, -12.720215
SCALE 1.000000, 1.000000, 1.000000
X 0.770359, -0.621881, 0.140748
Y -0.611755, -0.783111, -0.111771
Z 0.179730, 0.000000, -0.983716

BONE 25
OFFSET 17.618977, -8.329922, -12.720197
SCALE 1.000000, 1.000000, 1.000000
X -0.770359, -0.621881, -0.140748
Y 0.611755, -0.783111, 0.111771
Z -0.179730, -0.000000, 0.983716

BONE 26
OFFSET 17.592691, 8.144073, -13.808888
SCALE 1.000000, 1.000000, 1.000000
X 0.786575, -0.616967, 0.025504
Y -0.616643, -0.786989, -0.019994
Z 0.032407, 0.000000, -0.999475

BONE 27
OFFSET 17.592678, -8.144055, -13.808898
SCALE 1.000000, 1.000000, 1.000000
X -0.786575, -0.616967, -0.025504
Y 0.616643, -0.786989, 0.019994
Z -0.032407, -0.000000, 0.999475

BONE 28
OFFSET 14.706850, 7.811601, -14.773290
SCALE 1.000000, 1.000000, 1.000000
X 0.860527, -0.066586, -0.505035
Y -0.090728, -0.995602, -0.023327
Z -0.501261, 0.065894, -0.862784

BONE 29
OFFSET 14.706850, -7.811614, -14.773307
SCALE 1.000000, 1.000000, 1.000000
X -0.860527, -0.066586, 0.505035
Y 0.090728, -0.995602, 0.023327
Z 0.501261, 0.065894, 0.862784

BONE 30
OFFSET 14.877762, 7.951642, -14.094536
SCALE 1.000000, 1.000000, 1.000000
X 0.972219, -0.030530, -0.232073
Y -0.040633, -0.998417, -0.038880
Z -0.230519, 0.047230, -0.971921

BONE 31
OFFSET 14.877756, -7.951653, -14.094527
SCALE 1.000000, 1.000000, 1.000000
X -0.972219, -0.030530, 0.232073
Y 0.040633, -0.998417, 0.038880
Z 0.230519, 0.047230, 0.971921

BONE 32
OFFSET 14.148777, 7.629210, -12.773211
SCALE 1.000000, 1.000000, 1.000000
X 0.614049, -0.475564, 0.629907
Y -0.500882, 0.381986, 0.776662
Z -0.609968, -0.792418, -0.003644

BONE 33
OFFSET 14.148780, -7.629212, -12.773229
SCALE 1.000000, 1.000000, 1.000000
X -0.614049, -0.475564, -0.629907
Y 0.500882, 0.381986, -0.776662
Z 0.609968, -0.792418, 0.003644

BONE 34
OFFSET 16.721630, 7.448270, -11.946650
SCALE 1.000000, 1.000000, 1.000000
X 0.946229, -0.301294, -0.117786
Y 0.309193, 0.949386, 0.055376
Z 0.095139, -0.088817, 0.991494

BONE 35
OFFSET 9.583885, -8.680950, -13.257301
SCALE 1.000000, 1.000000, 1.000000
X -0.946229, -0.301294, 0.117786
Y -0.309193, 0.949386, -0.055376
Z -0.095139, -0.088817, -0.991494

BONE 36
OFFSET 16.493113, 6.451591, -14.089364
SCALE 1.000000, 1.000000, 1.000000
X -0.281344, 0.000438, -0.959607
Y 0.023651, 0.999699, -0.006478
Z 0.959316, -0.024519, -0.281269

BONE 37
OFFSET 18.975315, 7.235017, -12.472406
SCALE 1.000000, 1.000000, 1.000000
X 0.426042, -0.903354, 0.049392
Y -0.880239, -0.426513, -0.208005
Z 0.208969, 0.045142, -0.976880

BONE 38
OFFSET 18.975315, -7.235000, -12.472402
SCALE 1.000000, 1.000000, 1.000000
X -0.426042, -0.903354, -0.049392
Y 0.880239, -0.426513, 0.208005
Z -0.208969, 0.045142, 0.976880

BONE 39
OFFSET 19.129311, 6.938792, -13.759066
SCALE 1.000000, 1.000000, 1.000000
X 0.028169, -0.999543, -0.010950
Y -0.999561, -0.028267, 0.008848
Z -0.009153, 0.010696, -0.999901

BONE 40
OFFSET 19.129292, -6.938779, -13.759055
SCALE 1.000000, 1.000000, 1.000000
X -0.028169, -0.999543, 0.010950
Y 0.999561, -0.028267, -0.008848
Z 0.009153, 0.010696, 0.999901

BONE 41
OFFSET 16.702198, 7.530317, -15.785225
SCALE 1.000000, 1.000000, 1.000000
X 0.856282, -0.436541, -0.276069
Y -0.415481, -0.899684, 0.133953
Z -0.306851, -0.000000, -0.951758

BONE 42
OFFSET 16.702206, -7.530315, -15.785236
SCALE 1.000000, 1.000000, 1.000000
X -0.856282, -0.436541, 0.276069
Y 0.415481, -0.899684, -0.133953
Z 0.306851, -0.000000, 0.951758

BONE 43
OFFSET 17.367678, 7.901457, -14.840354
SCALE 1.000000, 1.000000, 1.000000
X 0.831745, -0.508839, -0.221999
Y -0.491628, -0.860862, 0.131219
Z -0.257880, -0.000000, -0.966177

BONE 44
OFFSET 17.367678, -7.901457, -14.840354
SCALE 1.000000, 1.000000, 1.000000
X -0.831745, -0.508839, 0.221999
Y 0.491628, -0.860862, -0.131219
Z 0.257880, -0.000000, 0.966177

BONE 45
OFFSET 15.389911, 6.597012, -11.336607
SCALE 1.000000, 1.000000, 1.000000
X 0.914596, -0.402924, 0.034161
Y -0.078983, -0.095150, 0.992325
Z -0.396581, -0.910274, -0.118848

BONE 46
OFFSET 15.389921, -6.597008, -11.336615
SCALE 1.000000, 1.000000, 1.000000
X -0.914596, -0.402924, -0.034161
Y 0.078983, -0.095150, -0.992325
Z 0.396581, -0.910274, 0.118848

BONE 47
OFFSET 19.480556, 6.134072, -12.353014
SCALE 1.000000, 1.000000, 1.000000
X 0.139847, -0.988437, 0.058612
Y -0.965352, -0.149273, -0.214039
Z 0.220313, -0.026648, -0.975065

BONE 48
OFFSET 19.480551, -6.134055, -12.353031
SCALE 1.000000, 1.000000, 1.000000
X -0.139847, -0.988437, -0.058612
Y 0.965352, -0.149273, 0.214039
Z -0.220313, -0.026648, 0.975065

BONE 49
OFFSET 19.170456, 5.478823, -13.775060
SCALE 1.000000, 1.000000, 1.000000
X -0.530249, -0.847838, 0.002716
Y -0.845552, 0.529049, 0.071753
Z -0.062271, 0.035750, -0.997419

BONE 50
OFFSET 19.170473, -5.478819, -13.775079
SCALE 1.000000, 1.000000, 1.000000
X 0.530249, -0.847838, -0.002716
Y 0.845552, 0.529049, -0.071753
Z 0.062271, 0.035750, 0.997419

BONE 51
OFFSET 17.914511, 6.912269, -16.176081
SCALE 1.000000, 1.000000, 1.000000
X 0.129509, -0.990999, -0.033881
Y -0.958733, -0.133868, 0.250818
Z -0.253096, -0.000000, -0.967441

BONE 52
OFFSET 17.914528, -6.912283, -16.176064
SCALE 1.000000, 1.000000, 1.000000
X -0.129509, -0.990999, 0.033881
Y 0.958733, -0.133868, -0.250818
Z 0.253096, -0.000000, 0.967441

BONE 53
OFFSET 18.783724, 7.035159, -15.218307
SCALE 1.000000, 1.000000, 1.000000
X 0.018696, -0.999823, 0.001993
Y -0.972646, -0.017726, 0.231616
Z -0.231540, -0.006269, -0.972805

BONE 54
OFFSET 18.783741, -7.035158, -15.218307
SCALE 1.000000, 1.000000, 1.000000
X -0.018696, -0.999823, -0.001993
Y 0.972646, -0.017726, -0.231616
Z 0.231540, -0.006269, 0.972805

BONE 55
OFFSET 16.826696, 5.850290, -11.353966
SCALE 1.000000, 1.000000, 1.000000
X 0.780284, -0.439636, -0.444835
Y 0.353937, -0.276002, 0.893617
Z -0.515641, -0.854718, -0.059757

BONE 56
OFFSET 16.826693, -5.850276, -11.353976
SCALE 1.000000, 1.000000, 1.000000
X -0.780284, -0.439636, 0.444835
Y -0.353937, -0.276002, -0.893617
Z 0.515641, -0.854718, 0.059757

BONE 57
OFFSET 19.638519, 5.017599, -12.286811
SCALE 1.000000, 1.000000, 1.000000
X 0.887890, 0.449028, -0.100123
Y -0.450278, 0.892820, 0.011023
Z 0.094341, 0.035295, 0.994914

BONE 58
OFFSET 19.638504, -5.017599, -12.286811
SCALE 1.000000, 1.000000, 1.000000
X -0.887890, 0.449028, 0.100123
Y 0.450278, 0.892820, -0.011023
Z -0.094341, 0.035295, -0.994914

BONE 59
OFFSET 18.570051, 4.518455, -13.779097
SCALE 1.000000, 1.000000, 1.000000
X 0.950632, 0.309916, 0.015845
Y -0.309563, 0.950639, -0.021349
Z -0.021679, 0.015390, 0.999647

BONE 60
OFFSET 18.570040, -4.518465, -13.779095
SCALE 1.000000, 1.000000, 1.000000
X -0.950632, 0.309916, -0.015845
Y 0.309563, 0.950639, 0.021349
Z 0.021679, 0.015390, -0.999647

BONE 61
OFFSET 18.029337, 6.033617, -16.206121
SCALE 1.000000, 1.000000, 1.000000
X -0.508594, -0.843981, 0.170374
Y -0.800272, 0.536372, 0.268083
Z -0.317641, -0.000000, -0.948211

BONE 62
OFFSET 18.029331, -6.033622, -16.206102
SCALE 1.000000, 1.000000, 1.000000
X 0.508594, -0.843981, -0.170374
Y 0.800272, 0.536372, -0.268083
Z 0.317641, -0.000000, 0.948211

BONE 63
OFFSET 18.809635, 5.649475, -15.215545
SCALE 1.000000, 1.000000, 1.000000
X -0.560939, -0.817051, 0.133323
Y -0.794907, 0.576565, 0.188932
Z -0.231237, 0.000000, -0.972898

BONE 64
OFFSET 18.809647, -5.649488, -15.215551
SCALE 1.000000, 1.000000, 1.000000
X 0.560939, -0.817051, -0.133323
Y 0.794907, 0.576565, -0.188932
Z 0.231237, 0.000000, 0.972898

BONE 65
OFFSET 17.652914, 5.331044, -11.822542
SCALE 1.000000, 1.000000, 1.000000
X 0.980154, 0.167623, -0.105833
Y -0.164811, 0.985710, 0.034839
Z 0.110161, -0.016705, 0.993773

BONE 66
OFFSET 17.652914, -5.331063, -11.822559
SCALE 1.000000, 1.000000, 1.000000
X -0.980154, 0.167623, 0.105833
Y 0.164811, 0.985710, -0.034839
Z -0.110161, -0.016705, -0.993773

BONE 67
OFFSET 17.546160, 5.231812, -16.044260
SCALE 1.000000, 1.000000, 1.000000
X 0.937314, 0.308816, -0.161479
Y -0.317012, 0.948035, -0.027072
Z 0.144727, 0.076566, 0.986505

BONE 68
OFFSET 17.546143, -5.231811, -16.044252
SCALE 1.000000, 1.000000, 1.000000
X -0.937314, 0.308816, 0.161479
Y 0.317012, 0.948035, 0.027072
Z -0.144727, 0.076566, -0.986505

BONE 69
OFFSET 18.201283, 4.763361, -15.070953
SCALE 1.000000, 1.000000, 1.000000
X 0.902287, 0.340068, -0.265014
Y -0.319075, 0.940102, 0.120000
Z 0.289948, -0.023715, 0.956748

BONE 70
OFFSET 18.201300, -4.763347, -15.070945
SCALE 1.000000, 1.000000, 1.000000
X -0.902287, 0.340068, 0.265014
Y 0.319075, 0.940102, -0.120000
Z -0.289948, -0.023715, -0.956748

NUMVERTS 2212
VERT 0
OFFSET 10.972042, 7.119117, -15.457712
BONES 4
BONE 10 0.341669
BONE 22 0.035622
BONE 13 0.622439
BONE 12 0.000271

VERT 1
OFFSET 11.078957, 7.837932, -15.815362
BONES 4
BONE 10 0.669567
BONE 22 0.050000
BONE 13 0.167480
BONE 12 0.112952

VERT 2
OFFSET 12.633148, 7.891179, -15.500443
BONES 5
BONE 10 0.507911
BONE 22 0.038763
BONE 13 0.160047
BONE 12 0.284502
BONE 14 0.008776

VERT 3
OFFSET 12.664876, 7.345921, -15.220528
BONES 4
BONE 10 0.569695
BONE 22 0.050000
BONE 13 0.285682
BONE 16 0.094624

VERT 4
OFFSET 11.795158, 7.225034, -15.375213
BONES 4
BONE 10 0.479581
BONE 22 0.050000
BONE 13 0.470039
BONE 12 0.000380

VERT 5
OFFSET 11.145085, 8.899250, -15.525661
BONES 3
BONE 10 0.738359
BONE 22 0.050000
BONE 12 0.211641

VERT 6
OFFSET 12.655925, 8.553837, -15.530432
BONES 4
BONE 10 0.289516
BONE 22 0.021103
BONE 12 0.666812
BONE 14 0.022570

VERT 7
OFFSET 11.277176, 9.407557, -14.854509
BONES 4
BONE 10 0.413459
BONE 22 0.030613
BONE 12 0.526274
BONE 14 0.029653

VERT 8
OFFSET 12.773511, 9.158977, -15.224607
BONES 4
BONE 10 0.289516
BONE 22 0.021103
BONE 12 0.666812
BONE 14 0.022570

VERT 9
OFFSET 11.399940, 9.631201, -13.987257
BONES 4
BONE 10 0.448428
BONE 22 0.041053
BONE 12 0.311691
BONE 14 0.198828

VERT 10
OFFSET 13.091046, 9.415514, -14.328664
BONES 4
BONE 10 0.230000
BONE 22 0.010183
BONE 12 0.729060
BONE 14 0.030756

VERT 11
OFFSET 11.345207, 9.628963, -13.098042
BONES 4
BONE 10 0.448428
BONE 22 0.041053
BONE 12 0.311691
BONE 14 0.198828

VERT 12
OFFSET 12.430491, 9.561954, -12.991200
BONES 4
BONE 10 0.386184
BONE 22 0.043690
BONE 12 0.307639
BONE 14 0.262487

VERT 13
OFFSET 11.244186, 9.499173, -12.520095
BONES 3
BONE 10 0.664761
BONE 22 0.050000
BONE 14 0.285239

VERT 14
OFFSET 12.310182, 9.443934, -12.371856
BONES 3
BONE 10 0.456966
BONE 22 0.050000
BONE 14 0.493034

VERT 15
OFFSET 12.288669, 9.179753, -12.156461
BONES 3
BONE 10 0.456966
BONE 22 0.050000
BONE 14 0.493034

VERT 16
OFFSET 11.346624, 9.235241, -12.198014
BONES 3
BONE 10 0.571242
BONE 22 0.050000
BONE 14 0.378758

VERT 17
OFFSET 11.334139, 8.863524, -12.009310
BONES 3
BONE 10 0.571242
BONE 22 0.050000
BONE 14 0.378758

VERT 18
OFFSET 12.229724, 8.835338, -11.933965
BONES 3
BONE 10 0.499556
BONE 22 0.050000
BONE 14 0.450444

VERT 19
OFFSET 12.216751, 8.461492, -11.793999
BONES 4
BONE 10 0.432422
BONE 22 0.049684
BONE 15 0.280266
BONE 14 0.237628

VERT 20
OFFSET 11.297809, 8.517444, -11.895704
BONES 4
BONE 10 0.586349
BONE 22 0.053363
BONE 15 0.207229
BONE 14 0.153058

VERT 21
OFFSET 11.277450, 8.067295, -11.897242
BONES 4
BONE 10 0.591030
BONE 22 0.046570
BONE 15 0.353515
BONE 14 0.008885

VERT 22
OFFSET 12.184699, 8.091187, -11.764322
BONES 4
BONE 10 0.383809
BONE 22 0.050000
BONE 15 0.532959
BONE 14 0.033232

VERT 23
OFFSET 12.097685, 7.568567, -11.844382
BONES 3
BONE 10 0.340870
BONE 22 0.050000
BONE 15 0.609130

VERT 24
OFFSET 11.091058, 7.627589, -11.918899
BONES 3
BONE 10 0.625728
BONE 22 0.032933
BONE 15 0.341339

VERT 25
OFFSET 11.057877, 7.303758, -12.355972
BONES 4
BONE 10 0.341212
BONE 22 0.032038
BONE 16 0.256353
BONE 15 0.370396

VERT 26
OFFSET 12.033154, 7.295512, -12.111177
BONES 5
BONE 10 0.390728
BONE 22 0.033740
BONE 16 0.025570
BONE 15 0.502854
BONE 14 0.047108

VERT 27
OFFSET 12.004600, 7.147247, -12.494419
BONES 4
BONE 10 0.303345
BONE 22 0.054021
BONE 16 0.243023
BONE 15 0.399611

VERT 28
OFFSET 10.961256, 7.045749, -12.698088
BONES 4
BONE 10 0.242161
BONE 22 0.022738
BONE 16 0.472229
BONE 15 0.262873

VERT 29
OFFSET 10.963043, 6.914818, -13.185870
BONES 4
BONE 10 0.292718
BONE 22 0.027485
BONE 16 0.570819
BONE 15 0.108979

VERT 30
OFFSET 11.897293, 6.862334, -12.922470
BONES 4
BONE 10 0.321315
BONE 22 0.044962
BONE 16 0.394546
BONE 15 0.239176

VERT 31
OFFSET 12.003219, 6.821844, -13.379435
BONES 4
BONE 10 0.311572
BONE 22 0.043599
BONE 16 0.412905
BONE 15 0.231924

VERT 32
OFFSET 10.963328, 6.751441, -13.588030
BONES 5
BONE 10 0.310997
BONE 22 0.036734
BONE 13 0.093444
BONE 16 0.494837
BONE 15 0.063988

VERT 33
OFFSET 10.989884, 6.589556, -14.052041
BONES 4
BONE 10 0.336994
BONE 22 0.049888
BONE 13 0.226344
BONE 16 0.386773

VERT 34
OFFSET 11.883611, 6.552899, -14.034644
BONES 4
BONE 10 0.336994
BONE 22 0.049888
BONE 13 0.226344
BONE 16 0.386773

VERT 35
OFFSET 12.008505, 6.677024, -14.515218
BONES 4
BONE 10 0.498052
BONE 22 0.053950
BONE 13 0.124292
BONE 16 0.323705

VERT 36
OFFSET 11.025259, 6.407673, -14.457889
BONES 4
BONE 10 0.374758
BONE 22 0.055478
BONE 13 0.251708
BONE 16 0.318056

VERT 37
OFFSET 10.983793, 6.746091, -14.970163
BONES 4
BONE 10 0.479581
BONE 22 0.050000
BONE 13 0.470039
BONE 12 0.000380

VERT 38
OFFSET 11.891652, 6.945428, -14.942031
BONES 5
BONE 10 0.489071
BONE 22 0.052029
BONE 13 0.292408
BONE 12 0.000185
BONE 16 0.166307

VERT 39
OFFSET 10.453953, 6.755934, -14.986065
BONES 5
BONE 10 0.393039
BONE 22 0.037766
BONE 13 0.462275
BONE 12 0.001435
BONE 16 0.105484

VERT 40
OFFSET 10.458789, 6.563030, -14.447370
BONES 5
BONE 5 0.000198
BONE 10 0.436128
BONE 22 0.051886
BONE 13 0.194893
BONE 16 0.316895

VERT 41
OFFSET 10.409053, 6.632254, -13.945410
BONES 5
BONE 5 0.000133
BONE 10 0.292587
BONE 22 0.034809
BONE 13 0.130748
BONE 16 0.541723

VERT 42
OFFSET 10.433422, 6.804333, -13.529292
BONES 5
BONE 10 0.310997
BONE 22 0.036734
BONE 13 0.093444
BONE 16 0.494837
BONE 15 0.063988

VERT 43
OFFSET 10.437156, 6.942178, -13.061542
BONES 4
BONE 10 0.279739
BONE 22 0.026266
BONE 16 0.545509
BONE 15 0.148485

VERT 44
OFFSET 10.557794, 7.200662, -12.539186
BONES 4
BONE 10 0.262751
BONE 22 0.024671
BONE 16 0.427353
BONE 15 0.285225

VERT 45
OFFSET 10.540009, 7.383713, -12.122922
BONES 4
BONE 10 0.346879
BONE 22 0.032571
BONE 16 0.244003
BONE 15 0.376548

VERT 46
OFFSET 10.584256, 7.633401, -11.835365
BONES 3
BONE 10 0.625728
BONE 22 0.032933
BONE 15 0.341339

VERT 47
OFFSET 10.597271, 8.017040, -11.777586
BONES 4
BONE 10 0.629923
BONE 22 0.020144
BONE 15 0.346090
BONE 14 0.003843

VERT 48
OFFSET 10.668750, 8.557489, -11.824702
BONES 4
BONE 10 0.758366
BONE 22 0.031172
BONE 15 0.121053
BONE 14 0.089409

VERT 49
OFFSET 10.686490, 9.110762, -11.907935
BONES 3
BONE 10 0.854988
BONE 22 0.050000
BONE 14 0.095012

VERT 50
OFFSET 10.746122, 9.372972, -12.298866
BONES 3
BONE 10 0.902491
BONE 22 0.050000
BONE 14 0.047509

VERT 51
OFFSET 10.757569, 9.649112, -12.706943
BONES 3
BONE 10 0.902491
BONE 22 0.050000
BONE 14 0.047509

VERT 52
OFFSET 10.808038, 9.867012, -13.123591
BONES 4
BONE 10 0.448428
BONE 22 0.041053
BONE 12 0.311691
BONE 14 0.198828

VERT 53
OFFSET 10.064859, 10.095221, -14.179230
BONES 4
BONE 5 0.004508
BONE 10 0.755492
BONE 22 0.040000
BONE 12 0.200000

VERT 54
OFFSET 10.191778, 10.059327, -13.057907
BONES 5
BONE 5 0.002513
BONE 10 0.549132
BONE 22 0.036326
BONE 12 0.335856
BONE 14 0.076173

VERT 55
OFFSET 10.094983, 9.692668, -15.096493
BONES 4
BONE 5 0.001520
BONE 10 0.609926
BONE 22 0.034137
BONE 12 0.354417

VERT 56
OFFSET 10.105800, 9.092772, -15.857540
BONES 5
BONE 5 0.002520
BONE 10 0.722738
BONE 22 0.050000
BONE 13 0.149918
BONE 12 0.074824

VERT 57
OFFSET 10.070456, 7.684410, -16.141541
BONES 4
BONE 10 0.669567
BONE 22 0.050000
BONE 13 0.167480
BONE 12 0.112952

VERT 58
OFFSET 9.899011, 7.317419, -15.421133
BONES 5
BONE 10 0.182150
BONE 22 0.012105
BONE 13 0.779465
BONE 12 0.002300
BONE 16 0.023981

VERT 59
OFFSET 9.457293, 6.365943, -14.359560
BONES 5
BONE 5 0.001112
BONE 10 0.607394
BONE 22 0.040286
BONE 13 0.083855
BONE 16 0.267353

VERT 60
OFFSET 10.003299, 6.466594, -14.437356
BONES 5
BONE 5 0.000714
BONE 10 0.536477
BONE 22 0.042781
BONE 13 0.147296
BONE 16 0.272732

VERT 61
OFFSET 9.951824, 6.425911, -13.716402
BONES 5
BONE 5 0.000635
BONE 10 0.477396
BONE 22 0.038069
BONE 13 0.131075
BONE 16 0.352825

VERT 62
OFFSET 9.496073, 6.322323, -13.720415
BONES 5
BONE 5 0.001112
BONE 10 0.607394
BONE 22 0.040286
BONE 13 0.083855
BONE 16 0.267353

VERT 63
OFFSET 9.783878, 6.755769, -12.738055
BONES 5
BONE 5 0.000338
BONE 10 0.403565
BONE 22 0.026393
BONE 16 0.374870
BONE 15 0.194833

VERT 64
OFFSET 9.958484, 6.719616, -13.269247
BONES 4
BONE 5 0.000420
BONE 10 0.501219
BONE 22 0.032780
BONE 16 0.465581

VERT 65
OFFSET 9.990665, 6.942677, -12.850628
BONES 4
BONE 10 0.242161
BONE 22 0.022738
BONE 16 0.472229
BONE 15 0.262873

VERT 66
OFFSET 9.514621, 6.757799, -12.097108
BONES 5
BONE 5 0.000459
BONE 10 0.696219
BONE 22 0.036667
BONE 16 0.076155
BONE 15 0.190500

VERT 67
OFFSET 10.003328, 7.151794, -12.442503
BONES 4
BONE 10 0.297079
BONE 22 0.027895
BONE 16 0.352537
BONE 15 0.322489

VERT 68
OFFSET 10.032886, 7.325877, -12.044880
BONES 4
BONE 10 0.375478
BONE 22 0.035256
BONE 16 0.181673
BONE 15 0.407593

VERT 69
OFFSET 9.466887, 7.146814, -11.846474
BONES 4
BONE 5 0.000545
BONE 10 0.696090
BONE 22 0.036665
BONE 15 0.266700

VERT 70
OFFSET 9.522022, 7.530282, -11.675233
BONES 4
BONE 5 0.000471
BONE 10 0.601788
BONE 22 0.031698
BONE 15 0.366043

VERT 71
OFFSET 10.001232, 7.524073, -11.704422
BONES 4
BONE 5 0.000433
BONE 10 0.553218
BONE 22 0.029140
BONE 15 0.417210

VERT 72
OFFSET 10.020528, 8.050066, -11.688118
BONES 4
BONE 5 0.000963
BONE 10 0.721180
BONE 22 0.038008
BONE 15 0.239849

VERT 73
OFFSET 9.570030, 7.882435, -11.614648
BONES 4
BONE 5 0.000978
BONE 10 0.731852
BONE 22 0.038570
BONE 15 0.228600

VERT 74
OFFSET 9.552768, 8.551668, -11.645592
BONES 4
BONE 5 0.002940
BONE 10 0.874670
BONE 22 0.046190
BONE 15 0.076200

VERT 75
OFFSET 10.042891, 8.508228, -11.766569
BONES 4
BONE 5 0.006343
BONE 10 0.779700
BONE 22 0.099657
BONE 15 0.114300

VERT 76
OFFSET 10.078938, 9.044104, -11.800649
BONES 3
BONE 5 0.006082
BONE 10 0.943918
BONE 22 0.050000

VERT 77
OFFSET 9.562035, 9.120635, -11.890393
BONES 3
BONE 5 0.006082
BONE 10 0.943918
BONE 22 0.050000

VERT 78
OFFSET 9.541044, 9.532105, -12.404675
BONES 3
BONE 5 0.006082
BONE 10 0.943918
BONE 22 0.050000

VERT 79
OFFSET 10.067989, 9.518336, -12.225895
BONES 3
BONE 5 0.006082
BONE 10 0.943918
BONE 22 0.050000

VERT 80
OFFSET 10.114868, 9.639149, -12.851799
BONES 3
BONE 5 0.006082
BONE 10 0.943918
BONE 22 0.050000

VERT 81
OFFSET 9.689629, 10.214933, -12.757748
BONES 3
BONE 5 0.006888
BONE 10 0.943112
BONE 22 0.050000

VERT 82
OFFSET 9.119184, 10.082713, -14.288576
BONES 4
BONE 5 0.004508
BONE 10 0.755492
BONE 22 0.040000
BONE 12 0.200000

VERT 83
OFFSET 9.228228, 10.439024, -12.886594
BONES 3
BONE 5 0.006888
BONE 10 0.943112
BONE 22 0.050000

VERT 84
OFFSET 9.122974, 9.457926, -15.304649
BONES 4
BONE 5 0.006543
BONE 10 0.753829
BONE 22 0.040020
BONE 12 0.199608

VERT 85
OFFSET 9.112141, 8.808322, -16.151884
BONES 3
BONE 5 0.032731
BONE 10 0.917269
BONE 22 0.050000

VERT 86
OFFSET 9.050222, 7.570339, -16.138145
BONES 3
BONE 5 0.032731
BONE 10 0.917269
BONE 22 0.050000

VERT 87
OFFSET 9.169343, 7.048236, -15.550496
BONES 5
BONE 10 0.306957
BONE 22 0.020399
BONE 13 0.628357
BONE 12 0.003876
BONE 16 0.040412

VERT 88
OFFSET 8.364892, 6.556990, -14.078203
BONES 5
BONE 5 0.001160
BONE 10 0.620302
BONE 22 0.040506
BONE 13 0.079166
BONE 16 0.258866

VERT 89
OFFSET 9.034564, 6.415414, -14.067096
BONES 5
BONE 5 0.001121
BONE 10 0.609822
BONE 22 0.040327
BONE 13 0.082973
BONE 16 0.265756

VERT 90
OFFSET 9.009447, 6.545095, -13.441713
BONES 5
BONE 5 0.001160
BONE 10 0.620302
BONE 22 0.040506
BONE 13 0.079166
BONE 16 0.258866

VERT 91
OFFSET 8.450080, 6.547808, -13.446910
BONES 5
BONE 5 0.001160
BONE 10 0.620302
BONE 22 0.040506
BONE 13 0.079166
BONE 16 0.258866

VERT 92
OFFSET 8.519261, 6.501094, -12.833525
BONES 4
BONE 5 0.002169
BONE 10 0.882043
BONE 22 0.046537
BONE 16 0.069250

VERT 93
OFFSET 9.008885, 6.658140, -12.864024
BONES 5
BONE 5 0.001160
BONE 10 0.620302
BONE 22 0.040506
BONE 13 0.079166
BONE 16 0.258866

VERT 94
OFFSET 9.010621, 6.614394, -12.292306
BONES 4
BONE 5 0.000566
BONE 10 0.860061
BONE 22 0.045296
BONE 16 0.094076

VERT 95
OFFSET 8.533319, 6.626402, -12.313152
BONES 4
BONE 5 0.001484
BONE 10 0.917435
BONE 22 0.048364
BONE 16 0.032717

VERT 96
OFFSET 8.541756, 6.665775, -11.783942
BONES 4
BONE 5 0.001484
BONE 10 0.917435
BONE 22 0.048364
BONE 16 0.032717

VERT 97
OFFSET 9.025276, 6.658500, -11.765422
BONES 5
BONE 5 0.001428
BONE 10 0.882481
BONE 22 0.046521
BONE 16 0.031470
BONE 15 0.038100

VERT 98
OFFSET 9.048264, 7.023804, -11.467610
BONES 4
BONE 5 0.000525
BONE 10 0.913280
BONE 22 0.048095
BONE 15 0.038100

VERT 99
OFFSET 8.563188, 7.034873, -11.471425
BONES 3
BONE 5 0.000546
BONE 10 0.949454
BONE 22 0.050000

VERT 100
OFFSET 9.078169, 7.529489, -11.337707
BONES 3
BONE 5 0.000546
BONE 10 0.949454
BONE 22 0.050000

VERT 101
OFFSET 8.774041, 8.062161, -11.371780
BONES 3
BONE 5 0.002821
BONE 10 0.947179
BONE 22 0.050000

VERT 102
OFFSET 8.416217, 8.191666, -11.191138
BONES 3
BONE 5 0.002821
BONE 10 0.947179
BONE 22 0.050000

VERT 103
OFFSET 8.591825, 7.581380, -11.332745
BONES 3
BONE 5 0.000546
BONE 10 0.949454
BONE 22 0.050000

VERT 104
OFFSET 8.610793, 8.892357, -11.604651
BONES 3
BONE 5 0.005553
BONE 10 0.955428
BONE 22 0.039019

VERT 105
OFFSET 9.132848, 8.709471, -11.618925
BONES 3
BONE 5 0.005489
BONE 10 0.944511
BONE 22 0.050000

VERT 106
OFFSET 9.081791, 9.028659, -11.748691
BONES 3
BONE 5 0.006082
BONE 10 0.943918
BONE 22 0.050000

VERT 107
OFFSET 8.680356, 9.200034, -11.844455
BONES 3
BONE 5 0.006082
BONE 10 0.943918
BONE 22 0.050000

VERT 108
OFFSET 8.714538, 9.699036, -12.064079
BONES 3
BONE 5 0.006082
BONE 10 0.943918
BONE 22 0.050000

VERT 109
OFFSET 9.183926, 9.446701, -12.237873
BONES 3
BONE 5 0.006082
BONE 10 0.943918
BONE 22 0.050000

VERT 110
OFFSET 9.223271, 10.152982, -12.434958
BONES 3
BONE 5 0.006888
BONE 10 0.943112
BONE 22 0.050000

VERT 111
OFFSET 8.706593, 10.588902, -12.935668
BONES 3
BONE 5 0.006888
BONE 10 0.943112
BONE 22 0.050000

VERT 112
OFFSET 8.045954, 10.090424, -14.615739
BONES 2
BONE 5 0.005932
BONE 10 0.994068

VERT 113
OFFSET 8.184237, 10.746732, -12.941381
BONES 3
BONE 5 0.007085
BONE 10 0.970089
BONE 22 0.022826

VERT 114
OFFSET 7.997813, 9.209887, -15.510295
BONES 4
BONE 5 0.006543
BONE 10 0.753829
BONE 22 0.040020
BONE 12 0.199608

VERT 115
OFFSET 8.142720, 8.550662, -16.546360
BONES 3
BONE 5 0.032731
BONE 10 0.917269
BONE 22 0.050000

VERT 116
OFFSET 8.000457, 6.905786, -16.247721
BONES 3
BONE 5 0.010444
BONE 10 0.939556
BONE 22 0.050000

VERT 117
OFFSET 7.836355, 6.439987, -15.410933
BONES 4
BONE 5 0.008455
BONE 10 0.760570
BONE 22 0.040475
BONE 13 0.190500

VERT 118
OFFSET 6.814762, 6.113473, -13.828343
BONES 3
BONE 5 0.020761
BONE 10 0.953336
BONE 22 0.025903

VERT 119
OFFSET 7.806751, 6.395439, -14.044117
BONES 4
BONE 5 0.000228
BONE 10 0.981150
BONE 22 0.005153
BONE 16 0.013468

VERT 120
OFFSET 7.921540, 6.408647, -13.391401
BONES 4
BONE 5 0.002169
BONE 10 0.882043
BONE 22 0.046537
BONE 16 0.069250

VERT 121
OFFSET 6.783655, 6.145925, -13.112118
BONES 3
BONE 5 0.002361
BONE 10 0.960115
BONE 22 0.037524

VERT 122
OFFSET 6.802392, 6.254298, -12.479557
BONES 3
BONE 5 0.015029
BONE 10 0.971759
BONE 22 0.013212

VERT 123
OFFSET 8.025321, 6.354234, -12.803674
BONES 4
BONE 5 0.002169
BONE 10 0.882043
BONE 22 0.046537
BONE 16 0.069250

VERT 124
OFFSET 8.048996, 6.301192, -12.274110
BONES 4
BONE 5 0.002169
BONE 10 0.882043
BONE 22 0.046537
BONE 16 0.069250

VERT 125
OFFSET 6.823998, 6.417865, -12.151247
BONES 3
BONE 5 0.008035
BONE 10 0.969217
BONE 22 0.022748

VERT 126
OFFSET 6.850394, 6.645695, -11.814340
BONES 3
BONE 5 0.008035
BONE 10 0.969217
BONE 22 0.022748

VERT 127
OFFSET 8.061467, 6.708181, -11.786369
BONES 4
BONE 5 0.001484
BONE 10 0.917435
BONE 22 0.048364
BONE 16 0.032717

VERT 128
OFFSET 8.085758, 7.119144, -11.492884
BONES 3
BONE 5 0.002076
BONE 10 0.947924
BONE 22 0.050000

VERT 129
OFFSET 6.864815, 7.145685, -11.346550
BONES 3
BONE 5 0.005398
BONE 10 0.984232
BONE 22 0.010370

VERT 130
OFFSET 6.942902, 8.111476, -11.186482
BONES 3
BONE 5 0.009159
BONE 10 0.978771
BONE 22 0.012071

VERT 131
OFFSET 8.110046, 7.721860, -11.221548
BONES 3
BONE 5 0.002076
BONE 10 0.947924
BONE 22 0.050000

VERT 132
OFFSET 8.159223, 8.588482, -11.146052
BONES 3
BONE 5 0.005553
BONE 10 0.955428
BONE 22 0.039019

VERT 133
OFFSET 6.978781, 8.990638, -11.254865
BONES 3
BONE 5 0.023141
BONE 10 0.969162
BONE 22 0.007698

VERT 134
OFFSET 7.054051, 9.463125, -11.525311
BONES 3
BONE 5 0.023141
BONE 10 0.969162
BONE 22 0.007698

VERT 135
OFFSET 8.191083, 9.181646, -11.434654
BONES 3
BONE 5 0.005553
BONE 10 0.955428
BONE 22 0.039019

VERT 136
OFFSET 8.152557, 9.574142, -11.716046
BONES 3
BONE 5 0.007675
BONE 10 0.958423
BONE 22 0.033903

VERT 137
OFFSET 6.989637, 9.984276, -11.878403
BONES 3
BONE 5 0.037122
BONE 10 0.962819
BONE 22 0.000059

VERT 138
OFFSET 7.096316, 10.325659, -12.051530
BONES 3
BONE 5 0.037122
BONE 10 0.962819
BONE 22 0.000059

VERT 139
OFFSET 8.149241, 10.159155, -11.929195
BONES 3
BONE 5 0.007675
BONE 10 0.958423
BONE 22 0.033903

VERT 140
OFFSET 8.131276, 10.541015, -12.503365
BONES 3
BONE 5 0.007085
BONE 10 0.970089
BONE 22 0.022826

VERT 141
OFFSET 7.166038, 10.733783, -12.499886
BONES 3
BONE 5 0.007085
BONE 10 0.970089
BONE 22 0.022826

VERT 142
OFFSET 7.297774, 11.008712, -13.080705
BONES 3
BONE 5 0.007085
BONE 10 0.970089
BONE 22 0.022826

VERT 143
OFFSET 6.417324, 10.489487, -14.713449
BONES 2
BONE 5 0.033809
BONE 10 0.966191

VERT 144
OFFSET 6.399939, 11.026338, -13.248576
BONES 2
BONE 5 0.033809
BONE 10 0.966191

VERT 145
OFFSET 6.364735, 8.915942, -16.019188
BONES 2
BONE 5 0.032384
BONE 10 0.967616

VERT 146
OFFSET 6.331926, 8.268699, -16.900503
BONES 2
BONE 5 0.030016
BONE 10 0.969984

VERT 147
OFFSET 6.218620, 6.318943, -16.355986
BONES 2
BONE 5 0.029591
BONE 10 0.970409

VERT 148
OFFSET 5.848913, 5.954981, -15.135901
BONES 3
BONE 5 0.020761
BONE 10 0.953336
BONE 22 0.025903

VERT 149
OFFSET 4.053497, 6.258708, -13.316700
BONES 2
BONE 5 0.004683
BONE 10 0.995317

VERT 150
OFFSET 5.830849, 6.007058, -13.646272
BONES 2
BONE 5 0.021314
BONE 10 0.978687

VERT 151
OFFSET 5.708472, 6.251901, -12.921467
BONES 3
BONE 5 0.015197
BONE 10 0.982598
BONE 22 0.002206

VERT 152
OFFSET 4.952985, 6.297595, -12.518353
BONES 3
BONE 5 0.015197
BONE 10 0.982598
BONE 22 0.002206

VERT 153
OFFSET 4.919281, 6.547557, -12.262089
BONES 3
BONE 5 0.015197
BONE 10 0.982598
BONE 22 0.002206

VERT 154
OFFSET 5.590577, 6.493112, -12.301468
BONES 3
BONE 5 0.015197
BONE 10 0.982598
BONE 22 0.002206

VERT 155
OFFSET 5.737134, 6.627883, -11.705090
BONES 3
BONE 5 0.005415
BONE 10 0.987284
BONE 22 0.007301

VERT 156
OFFSET 4.933392, 6.872847, -11.877081
BONES 3
BONE 5 0.008218
BONE 10 0.991298
BONE 22 0.000484

VERT 157
OFFSET 4.931106, 7.681462, -11.391425
BONES 1
BONE 10 1.000000

VERT 158
OFFSET 5.655853, 7.483547, -11.467701
BONES 3
BONE 5 0.005451
BONE 10 0.993807
BONE 22 0.000743

VERT 159
OFFSET 5.687134, 8.232496, -11.147290
BONES 3
BONE 5 0.009261
BONE 10 0.989742
BONE 22 0.000997

VERT 160
OFFSET 4.882356, 8.631813, -11.223837
BONES 1
BONE 10 1.000000

VERT 161
OFFSET 4.873663, 9.407629, -11.075676
BONES 1
BONE 10 1.000000

VERT 162
OFFSET 5.775632, 9.024244, -11.065818
BONES 2
BONE 5 0.107875
BONE 10 0.892125

VERT 163
OFFSET 5.851376, 9.381540, -11.323325
BONES 2
BONE 5 0.107875
BONE 10 0.892125

VERT 164
OFFSET 4.821453, 9.849695, -11.393978
BONES 1
BONE 10 1.000000

VERT 165
OFFSET 4.789223, 10.205191, -11.684292
BONES 2
BONE 5 0.037124
BONE 10 0.962876

VERT 166
OFFSET 5.901535, 9.824876, -11.639417
BONES 3
BONE 5 0.037122
BONE 10 0.962819
BONE 22 0.000059

VERT 167
OFFSET 5.943419, 10.133808, -12.008451
BONES 2
BONE 5 0.035040
BONE 10 0.964960

VERT 168
OFFSET 4.735950, 10.496001, -12.107825
BONES 2
BONE 5 0.037124
BONE 10 0.962876

VERT 169
OFFSET 4.713986, 10.749557, -12.365428
BONES 2
BONE 5 0.037124
BONE 10 0.962876

VERT 170
OFFSET 6.030778, 10.462413, -12.247533
BONES 2
BONE 5 0.035040
BONE 10 0.964960

VERT 171
OFFSET 6.176037, 10.895632, -12.809405
BONES 2
BONE 5 0.035040
BONE 10 0.964960

VERT 172
OFFSET 4.752879, 10.861148, -13.121189
BONES 2
BONE 5 0.000234
BONE 10 0.999766

VERT 173
OFFSET 4.861751, 10.948474, -13.746763
BONES 2
BONE 5 0.000234
BONE 10 0.999766

VERT 174
OFFSET 3.093990, 9.457321, -15.495985
BONES 2
BONE 5 0.003886
BONE 10 0.996114

VERT 175
OFFSET 3.208449, 10.521390, -14.321929
BONES 2
BONE 5 0.000234
BONE 10 0.999766

VERT 176
OFFSET 3.281454, 8.072736, -16.452742
BONES 1
BONE 10 1.000000

VERT 177
OFFSET 3.673292, 6.827135, -16.930864
BONES 2
BONE 5 0.077560
BONE 10 0.922440

VERT 178
OFFSET 3.980279, 5.683062, -16.109718
BONES 2
BONE 5 0.077560
BONE 10 0.922440

VERT 179
OFFSET 3.951260, 5.895691, -14.866933
BONES 2
BONE 5 0.077560
BONE 10 0.922440

VERT 180
OFFSET 1.973346, 6.235443, -12.552985
BONES 2
BONE 5 0.091153
BONE 10 0.908847

VERT 181
OFFSET 1.978458, 5.732326, -14.168008
BONES 2
BONE 5 0.038617
BONE 10 0.961383

VERT 182
OFFSET 4.250522, 6.615726, -11.956463
BONES 3
BONE 5 0.008218
BONE 10 0.991298
BONE 22 0.000484

VERT 183
OFFSET 2.970285, 7.222365, -11.494945
BONES 2
BONE 5 0.123821
BONE 10 0.876179

VERT 184
OFFSET 4.199342, 8.178893, -11.346952
BONES 2
BONE 5 0.004772
BONE 10 0.995228

VERT 185
OFFSET 2.993649, 9.388844, -10.829157
BONES 2
BONE 5 0.194396
BONE 10 0.805604

VERT 186
OFFSET 4.137583, 8.973219, -10.969808
BONES 2
BONE 5 0.009694
BONE 10 0.990306

VERT 187
OFFSET 3.950849, 9.725153, -11.139066
BONES 2
BONE 5 0.068111
BONE 10 0.931889

VERT 188
OFFSET 2.720882, 10.165422, -11.129899
BONES 2
BONE 5 0.032616
BONE 10 0.967384

VERT 189
OFFSET 3.685911, 10.530362, -11.535260
BONES 2
BONE 5 0.068111
BONE 10 0.931889

VERT 190
OFFSET 2.396531, 10.792459, -11.538480
BONES 2
BONE 5 0.175516
BONE 10 0.824484

VERT 191
OFFSET 3.344823, 11.010376, -12.800653
BONES 2
BONE 5 0.000234
BONE 10 0.999766

VERT 192
OFFSET 1.988358, 10.915600, -12.945347
BONES 2
BONE 5 0.032616
BONE 10 0.967384

VERT 193
OFFSET 1.791346, 10.168005, -14.787389
BONES 2
BONE 5 0.003886
BONE 10 0.996114

VERT 194
OFFSET 1.981774, 9.049738, -15.811199
BONES 1
BONE 10 1.000000

VERT 195
OFFSET 0.251941, 7.534387, -16.014202
BONES 2
BONE 5 0.280441
BONE 10 0.719559

VERT 196
OFFSET 0.689769, 6.153097, -16.285357
BONES 2
BONE 5 0.187310
BONE 10 0.812690

VERT 197
OFFSET 1.403043, 5.380058, -15.046878
BONES 2
BONE 5 0.038617
BONE 10 0.961383

VERT 198
OFFSET 2.468707, 7.573739, -10.750190
BONES 2
BONE 5 0.541783
BONE 10 0.458217

VERT 199
OFFSET 2.236866, 8.754463, -10.360472
BONES 2
BONE 5 0.636107
BONE 10 0.363893

VERT 200
OFFSET 1.634444, 9.835865, -10.978657
BONES 2
BONE 5 0.280216
BONE 10 0.719784

VERT 201
OFFSET 0.889972, 10.764878, -11.915198
BONES 2
BONE 5 0.175516
BONE 10 0.824484

VERT 202
OFFSET 0.043938, 10.718636, -13.798000
BONES 2
BONE 5 0.507738
BONE 10 0.492262

VERT 203
OFFSET -0.160902, 9.579863, -15.302727
BONES 2
BONE 5 0.508337
BONE 10 0.491663

VERT 204
OFFSET -0.010531, 8.485743, -15.588487
BONES 2
BONE 5 0.470440
BONE 10 0.529560

VERT 205
OFFSET 1.495881, 7.400734, -10.308718
BONES 2
BONE 5 0.706889
BONE 10 0.293111

VERT 206
OFFSET 0.031295, 5.704108, -13.163553
BONES 2
BONE 5 0.719361
BONE 10 0.280639

VERT 207
OFFSET 1.686940, 8.335924, -9.585872
BONES 2
BONE 5 0.889039
