iwmap 4
"000_Global" flags  active
"The Map" flags 
// entity 0
{
"classname" "worldspawn"
// brush 0
{
 ( 38 89 0 ) ( 9 89 0 ) ( 9 -2 0 ) clip 64 64 0 0 0 0 lightmap_gray 16384 16384 0 0 0 0
 ( 1 -2 77 ) ( 1 89 77 ) ( 30 89 77 ) clip 64 64 0 0 0 0 lightmap_gray 16384 16384 0 0 0 0
 ( -3 -2 80 ) ( 26 -2 80 ) ( 26 -2 72 ) clip 64 64 0 -1 0 0 lightmap_gray 16384 16384 0 0 0 0
 ( 26 -2 80 ) ( 26 89 80 ) ( 26 89 72 ) clip 64 64 0 -1 0 0 lightmap_gray 16384 16384 0 0 0 0
 ( 26 89 80 ) ( -3 89 80 ) ( -3 89 72 ) clip 64 64 0 -1 0 0 lightmap_gray 16384 16384 0 0 0 0
 ( -3 89 80 ) ( -3 -2 80 ) ( -3 -2 72 ) clip 64 64 0 -1 0 0 lightmap_gray 16384 16384 0 0 0 0
}
}
// entity 1
{
"classname" "func_group"
// brush 0
 {
  mesh
  {
  contents nonColliding;
   me_clothes1
   lightmap_gray
   2 2 16 8
   (
	v -5 12 75 c 176 255 192 255 t 352.25659 570.3678 -0.25 -4.6875
	v -5 13 35 c 176 255 192 255 t 353.2804 956.41449 -0.25 -2.1875
   )
   (
	v 27 14 75 c 176 255 192 255 t 2.0504878 577.53613 1.75 -4.6875
	v 27 15 35 c 176 255 192 255 t 3.0759413 963.58167 1.75 -2.1875
   )
  }
 }
// brush 1
 {
  mesh
  {
  contents nonColliding;
   me_clothes1
   lightmap_gray
   2 2 16 8
   (
	v -5 13 35 c 176 255 192 255 t 353.2804 956.41449 -0.25 -2.1875
	v -5 12 75 c 176 255 192 255 t 352.25659 570.3678 -0.25 -4.6875
   )
   (
	v 27 15 35 c 176 255 192 255 t 3.0759413 963.58167 1.75 -2.1875
	v 27 14 75 c 176 255 192 255 t 2.0504878 577.53613 1.75 -4.6875
   )
  }
 }
}
// entity 2
{
"classname" "func_group"
// brush 0
 {
  mesh
  {
  contents nonColliding;
   me_clothes1
   lightmap_gray
   4 2 16 8
   (
	v 27 6 75 t 293.88806 22.917629 1.75 -4.6875
	v 27 4 35 t 294.60318 438.90204 1.75 -2.1875
   )
   (
	v 27 6 75 t 533.62439 22.323364 1.75 -4.6875
	v 27 4 35 t 524.14972 436.52487 1.75 -2.1875
   )
   (
	v 27 6 75 t 613.53583 22.125278 1.75 -4.6875
	v 27 4 35 t 612.10565 353.32837 1.75 -2.1875
   )
   (
	v -5 4 75 t 1008.9848 22.917629 -0.25 -4.6875
	v -5 6 35 t 1007.5546 354.12067 -0.25 -2.1875
   )
  }
 }
// brush 1
 {
  mesh
  {
  contents nonColliding;
   me_clothes1
   lightmap_gray
   4 2 16 8
   (
	v 27 4 35 t 294.60318 438.90204 1.75 -2.1875
	v 27 6 75 t 293.88806 22.917629 1.75 -4.6875
   )
   (
	v 27 4 35 t 524.14972 436.52487 1.75 -2.1875
	v 27 6 75 t 533.62439 22.323364 1.75 -4.6875
   )
   (
	v 27 4 35 t 612.10565 353.32837 1.75 -2.1875
	v 27 6 75 t 613.53583 22.125278 1.75 -4.6875
   )
   (
	v -5 6 35 t 1007.5546 354.12067 -0.25 -2.1875
	v -5 4 75 t 1008.9848 22.917629 -0.25 -4.6875
   )
  }
 }
}
// entity 3
{
"classname" "func_group"
// brush 0
 {
  mesh
  {
  contents nonColliding;
   me_clothes1
   lightmap_gray
   2 2 16 8
   (
	v -5 64 75 c 176 255 192 255 t 352.25659 570.3678 -0.25 -4.6875
	v -5 64 35 c 176 255 192 255 t 353.2804 956.41449 -0.25 -2.1875
   )
   (
	v 27 60 75 c 176 255 192 255 t 2.0504878 577.53613 1.75 -4.6875
	v 27 64 35 c 176 255 192 255 t 3.0759413 963.58167 1.75 -2.1875
   )
  }
 }
// brush 1
 {
  mesh
  {
  contents nonColliding;
   me_clothes1
   lightmap_gray
   2 2 16 8
   (
	v -5 64 35 c 176 255 192 255 t 353.2804 956.41449 -0.25 -2.1875
	v -5 64 75 c 176 255 192 255 t 352.25659 570.3678 -0.25 -4.6875
   )
   (
	v 27 64 35 c 176 255 192 255 t 3.0759413 963.58167 1.75 -2.1875
	v 27 60 75 c 176 255 192 255 t 2.0504878 577.53613 1.75 -4.6875
   )
  }
 }
}
// entity 4
{
"classname" "func_group"
// brush 0
 {
  mesh
  {
  contents nonColliding;
   me_clothes1
   lightmap_gray
   2 3 16 8
   (
	v 27 76 11 t -661.5022 718.84814 1.75 -0.6875
	v 27 76 45 t -340.99115 720.896 1.75 -2.8125
	v 27 74 75 t -20.480106 722.94379 1.75 -4.6875
   )
   (
	v -5 76 11 t -660.47894 1021.9493 -0.25 -0.6875
	v -5 72 45 t -339.9675 1023.9978 -0.25 -2.8125
	v -5 72 75 t -19.456064 1026.0463 -0.25 -4.6875
   )
  }
 }
// brush 1
 {
  mesh
  {
  contents nonColliding;
   me_clothes1
   lightmap_gray
   2 3 16 8
   (
	v 27 74 75 t -20.480106 722.94379 1.75 -4.6875
	v 27 76 45 t -340.99115 720.896 1.75 -2.8125
	v 27 76 11 t -661.5022 718.84814 1.75 -0.6875
   )
   (
	v -5 72 75 t -19.456064 1026.0463 -0.25 -4.6875
	v -5 72 45 t -339.9675 1023.9978 -0.25 -2.8125
	v -5 76 11 t -660.47894 1021.9493 -0.25 -0.6875
   )
  }
 }
}
// entity 5
{
"classname" "func_group"
// brush 0
 {
  mesh
  {
  contents nonColliding;
   me_clothes1
   lightmap_gray
   4 2 16 8
   (
	v 27 84 35 t 294.60318 438.90204 1.75 -2.1875
	v 27 82 75 t 293.88806 22.917629 1.75 -4.6875
   )
   (
	v 27 84 35 t 524.14972 436.52487 1.75 -2.1875
	v 27 82 75 t 533.62439 22.323364 1.75 -4.6875
   )
   (
	v 27 84 35 t 612.10565 353.32837 1.75 -2.1875
	v 27 82 75 t 613.53583 22.125278 1.75 -4.6875
   )
   (
	v -5 82 35 t 1007.5546 354.12067 -0.25 -2.1875
	v -5 80 75 t 1008.9848 22.917629 -0.25 -4.6875
   )
  }
 }
// brush 1
 {
  mesh
  {
  contents nonColliding;
   me_clothes1
   lightmap_gray
   4 2 16 8
   (
	v 27 82 75 t 293.88806 22.917629 1.75 -4.6875
	v 27 84 35 t 294.60318 438.90204 1.75 -2.1875
   )
   (
	v 27 82 75 t 533.62439 22.323364 1.75 -4.6875
	v 27 84 35 t 524.14972 436.52487 1.75 -2.1875
   )
   (
	v 27 82 75 t 613.53583 22.125278 1.75 -4.6875
	v 27 84 35 t 612.10565 353.32837 1.75 -2.1875
   )
   (
	v -5 80 75 t 1008.9848 22.917629 -0.25 -4.6875
	v -5 82 35 t 1007.5546 354.12067 -0.25 -2.1875
   )
  }
 }
}
// entity 6
{
"classname" "func_group"
// brush 0
 {
  mesh
  {
  contents nonColliding;
   me_clothes1
   lightmap_gray
   2 2 16 8
   (
	v -5 9 75 c 176 255 192 255 t 352.25659 570.3678 -0.25 -4.6875
	v -5 11 35 c 176 255 192 255 t 353.2804 956.41449 -0.25 -2.1875
   )
   (
	v 27 7 75 c 176 255 192 255 t 2.0504878 577.53613 1.75 -4.6875
	v 27 7 35 c 176 255 192 255 t 3.0759413 963.58167 1.75 -2.1875
   )
  }
 }
// brush 1
 {
  mesh
  {
  contents nonColliding;
   me_clothes1
   lightmap_gray
   2 2 16 8
   (
	v -5 11 35 c 176 255 192 255 t 353.2804 956.41449 -0.25 -2.1875
	v -5 9 75 c 176 255 192 255 t 352.25659 570.3678 -0.25 -4.6875
   )
   (
	v 27 7 35 c 176 255 192 255 t 3.0759413 963.58167 1.75 -2.1875
	v 27 7 75 c 176 255 192 255 t 2.0504878 577.53613 1.75 -4.6875
   )
  }
 }
}
// entity 7
{
"classname" "func_group"
// brush 0
 {
  mesh
  {
  contents nonColliding;
   me_clothes1
   lightmap_gray
   2 3 16 8
   (
	v 27 69 11 t -661.5022 718.84814 1.75 -0.6875
	v 27 70 45 t -340.99115 720.896 1.75 -2.8125
	v 27 66 75 t -20.480106 722.94379 1.75 -4.6875
   )
   (
	v -5 69 11 t -660.47894 1021.9493 -0.25 -0.6875
	v -5 66 45 t -339.9675 1023.9978 -0.25 -2.8125
	v -5 66 75 t -19.456064 1026.0463 -0.25 -4.6875
   )
  }
 }
// brush 1
 {
  mesh
  {
  contents nonColliding;
   me_clothes1
   lightmap_gray
   2 3 16 8
   (
	v 27 66 75 t -20.480106 722.94379 1.75 -4.6875
	v 27 70 45 t -340.99115 720.896 1.75 -2.8125
	v 27 69 11 t -661.5022 718.84814 1.75 -0.6875
   )
   (
	v -5 66 75 t -19.456064 1026.0463 -0.25 -4.6875
	v -5 66 45 t -339.9675 1023.9978 -0.25 -2.8125
	v -5 69 11 t -660.47894 1021.9493 -0.25 -0.6875
   )
  }
 }
}
// entity 8
{
"classname" "func_group"
// brush 0
 {
  mesh
  {
  contents nonColliding;
   me_clothes1
   lightmap_gray
   4 2 16 8
   (
	v 27 80 35 t 294.60318 438.90204 1.75 -2.1875
	v 27 78 75 t 293.88806 22.917629 1.75 -4.6875
   )
   (
	v 27 80 35 t 524.14972 436.52487 1.75 -2.1875
	v 27 78 75 t 533.62439 22.323364 1.75 -4.6875
   )
   (
	v 27 80 35 t 612.10565 353.32837 1.75 -2.1875
	v 27 78 75 t 613.53583 22.125278 1.75 -4.6875
   )
   (
	v -5 78 35 t 1007.5546 354.12067 -0.25 -2.1875
	v -5 78 75 t 1008.9848 22.917629 -0.25 -4.6875
   )
  }
 }
// brush 1
 {
  mesh
  {
  contents nonColliding;
   me_clothes1
   lightmap_gray
   4 2 16 8
   (
	v 27 78 75 t 293.88806 22.917629 1.75 -4.6875
	v 27 80 35 t 294.60318 438.90204 1.75 -2.1875
   )
   (
	v 27 78 75 t 533.62439 22.323364 1.75 -4.6875
	v 27 80 35 t 524.14972 436.52487 1.75 -2.1875
   )
   (
	v 27 78 75 t 613.53583 22.125278 1.75 -4.6875
	v 27 80 35 t 612.10565 353.32837 1.75 -2.1875
   )
   (
	v -5 78 75 t 1008.9848 22.917629 -0.25 -4.6875
	v -5 78 35 t 1007.5546 354.12067 -0.25 -2.1875
   )
  }
 }
}
// entity 9
{
"classname" "func_group"
// brush 0
 {
  mesh
  {
  contents nonColliding;
   me_clothes1
   lightmap_gray
   4 2 16 8
   (
	v 27 10 75 t 293.88806 22.917629 1.75 -4.6875
	v 27 12 35 t 294.60318 438.90204 1.75 -2.1875
   )
   (
	v 27 10 75 t 533.62439 22.323364 1.75 -4.6875
	v 27 12 35 t 524.14972 436.52487 1.75 -2.1875
   )
   (
	v 27 10 75 t 613.53583 22.125278 1.75 -4.6875
	v 27 12 35 t 612.10565 353.32837 1.75 -2.1875
   )
   (
	v -5 12 75 t 1008.9848 22.917629 -0.25 -4.6875
	v -5 12 35 t 1007.5546 354.12067 -0.25 -2.1875
   )
  }
 }
// brush 1
 {
  mesh
  {
  contents nonColliding;
   me_clothes1
   lightmap_gray
   4 2 16 8
   (
	v 27 12 35 t 294.60318 438.90204 1.75 -2.1875
	v 27 10 75 t 293.88806 22.917629 1.75 -4.6875
   )
   (
	v 27 12 35 t 524.14972 436.52487 1.75 -2.1875
	v 27 10 75 t 533.62439 22.323364 1.75 -4.6875
   )
   (
	v 27 12 35 t 612.10565 353.32837 1.75 -2.1875
	v 27 10 75 t 613.53583 22.125278 1.75 -4.6875
   )
   (
	v -5 12 35 t 1007.5546 354.12067 -0.25 -2.1875
	v -5 12 75 t 1008.9848 22.917629 -0.25 -4.6875
   )
  }
 }
}
// entity 10
{
"classname" "func_group"
// brush 0
 {
  mesh
  {
  contents nonColliding;
   me_clothes1
   lightmap_gray
   2 2 16 8
   (
	v -5 23 35 c 176 255 192 255 t 353.2804 956.41449 -0.25 -2.1875
	v -5 22 75 c 176 255 192 255 t 352.25659 570.3678 -0.25 -4.6875
   )
   (
	v 27 25 35 c 176 255 192 255 t 3.0759413 963.58167 1.75 -2.1875
	v 27 24 75 c 176 255 192 255 t 2.0504878 577.53613 1.75 -4.6875
   )
  }
 }
// brush 1
 {
  mesh
  {
  contents nonColliding;
   me_clothes1
   lightmap_gray
   2 2 16 8
   (
	v -5 22 75 c 176 255 192 255 t 352.25659 570.3678 -0.25 -4.6875
	v -5 23 35 c 176 255 192 255 t 353.2804 956.41449 -0.25 -2.1875
   )
   (
	v 27 24 75 c 176 255 192 255 t 2.0504878 577.53613 1.75 -4.6875
	v 27 25 35 c 176 255 192 255 t 3.0759413 963.58167 1.75 -2.1875
   )
  }
 }
}
// entity 11
{
"classname" "func_group"
// brush 0
 {
  mesh
  {
  contents nonColliding;
   me_clothes1
   lightmap_gray
   2 2 16 8
   (
	v -5 21 35 c 176 255 192 255 t 353.2804 956.41449 -0.25 -2.1875
	v -5 19 75 c 176 255 192 255 t 352.25659 570.3678 -0.25 -4.6875
   )
   (
	v 27 17 35 c 176 255 192 255 t 3.0759413 963.58167 1.75 -2.1875
	v 27 17 75 c 176 255 192 255 t 2.0504878 577.53613 1.75 -4.6875
   )
  }
 }
// brush 1
 {
  mesh
  {
  contents nonColliding;
   me_clothes1
   lightmap_gray
   2 2 16 8
   (
	v -5 19 75 c 176 255 192 255 t 352.25659 570.3678 -0.25 -4.6875
	v -5 21 35 c 176 255 192 255 t 353.2804 956.41449 -0.25 -2.1875
   )
   (
	v 27 17 75 c 176 255 192 255 t 2.0504878 577.53613 1.75 -4.6875
	v 27 17 35 c 176 255 192 255 t 3.0759413 963.58167 1.75 -2.1875
   )
  }
 }
}
// entity 12
{
"classname" "func_group"
// brush 0
 {
  mesh
  {
  contents nonColliding;
   me_clothes1
   lightmap_gray
   4 2 16 8
   (
	v 27 22 35 t 294.60318 438.90204 1.75 -2.1875
	v 27 20 75 t 293.88806 22.917629 1.75 -4.6875
   )
   (
	v 27 22 35 t 524.14972 436.52487 1.75 -2.1875
	v 27 20 75 t 533.62439 22.323364 1.75 -4.6875
   )
   (
	v 27 22 35 t 612.10565 353.32837 1.75 -2.1875
	v 27 20 75 t 613.53583 22.125278 1.75 -4.6875
   )
   (
	v -5 22 35 t 1007.5546 354.12067 -0.25 -2.1875
	v -5 22 75 t 1008.9848 22.917629 -0.25 -4.6875
   )
  }
 }
// brush 1
 {
  mesh
  {
  contents nonColliding;
   me_clothes1
   lightmap_gray
   4 2 16 8
   (
	v 27 20 75 t 293.88806 22.917629 1.75 -4.6875
	v 27 22 35 t 294.60318 438.90204 1.75 -2.1875
   )
   (
	v 27 20 75 t 533.62439 22.323364 1.75 -4.6875
	v 27 22 35 t 524.14972 436.52487 1.75 -2.1875
   )
   (
	v 27 20 75 t 613.53583 22.125278 1.75 -4.6875
	v 27 22 35 t 612.10565 353.32837 1.75 -2.1875
   )
   (
	v -5 22 75 t 1008.9848 22.917629 -0.25 -4.6875
	v -5 22 35 t 1007.5546 354.12067 -0.25 -2.1875
   )
  }
 }
}
// entity 13
{
"origin" "11.0 43.5 0.0"
"angles" "0 270 0"
"model" "com_clothing_rack_1"
"classname" "misc_model"
}
// entity 14
{
"model" "com_cardboardbox01"
"classname" "misc_model"
"origin" "11.5 14.0 6.0"
"angles" "0 180 0"
}
// entity 15
{
"model" "com_cardboardbox02"
"classname" "misc_model"
"origin" "10.5 34.0 6.0"
}
// entity 16
{
"angles" "0 0 -89.0001"
"origin" "10.5 26.0 35.9"
"classname" "misc_model"
"model" "com_cardboardbox01"
}
// entity 17
{
"model" "com_cardboardbox01"
"classname" "misc_model"
"origin" "10.5 46.0 46.0"
"angles" "0 0 -15.7005"
}
// entity 18
{
"model" "com_cardboardbox01"
"classname" "misc_model"
"origin" "10.5 57.0 24.0"
"angles" "0 180 0"
}
// entity 19
{
"model" "com_cardboardbox01"
"classname" "misc_model"
"origin" "10.5 57.0 6.0"
}
