// Export filename: `C:/Program Files/Activision/Call of Duty 4 - Modern Warfare/xanim_export/viewmodels/M16/m16_sprint_in.XANIM_EXPORT`
// Source filename: `C:/Program Files/Activision/Call of Duty 4 - Modern Warfare/bin/maya/animation_src/viewmodel/m16/viewmodel_m16_animation.mb`
// Export time: Mon Jan 07 16:17:00 2008

ANIMATION
VERSION 3

NUMPARTS 78
PART 0 "tag_ads"
PART 1 "tag_torso"
PART 2 "J_Shoulder_LE"
PART 3 "J_Elbow_LE"
PART 4 "J_WristTwist_LE"
PART 5 "J_Sleave_Reshape_Bottom_LE_1"
PART 6 "J_Sleave_Reshape_Bottom_LE_2"
PART 7 "J_Sleave_Reshape_Top_LE_1"
PART 8 "J_Sleave_Reshape_Top_LE_2"
PART 9 "J_Sleave_Reshape_Top_LE_3"
PART 10 "J_Wrist_LE"
PART 11 "J_Thumb_LE_0"
PART 12 "J_Thumb_LE_1"
PART 13 "J_Thumb_LE_2"
PART 14 "J_Thumb_LE_3"
PART 15 "J_PinkyPalm_LE"
PART 16 "J_Pinky_LE_0"
PART 17 "J_Pinky_LE_1"
PART 18 "J_Pinky_LE_2"
PART 19 "J_Pinky_LE_3"
PART 20 "J_RingPalm_LE"
PART 21 "J_Ring_LE_0"
PART 22 "J_Ring_LE_1"
PART 23 "J_Ring_LE_2"
PART 24 "J_Ring_LE_3"
PART 25 "J_Webbing_LE"
PART 26 "J_Index_LE_0"
PART 27 "J_Index_LE_1"
PART 28 "J_Index_LE_2"
PART 29 "J_Index_LE_3"
PART 30 "J_Mid_LE_0"
PART 31 "J_Mid_LE_1"
PART 32 "J_Mid_LE_2"
PART 33 "J_Mid_LE_3"
PART 34 "tag_knife_attach"
PART 35 "tag_weapon"
PART 36 "J_Shoulder_RI"
PART 37 "J_Elbow_RI"
PART 38 "J_WristTwist_RI"
PART 39 "J_Sleave_Reshape_Top_RI_3"
PART 40 "J_Sleave_Reshape_Top_RI_2"
PART 41 "J_Sleave_Reshape_Top_RI_1"
PART 42 "J_Wrist_RI"
PART 43 "J_Thumb_RI_0"
PART 44 "J_Thumb_RI_1"
PART 45 "J_Thumb_RI_2"
PART 46 "J_Thumb_RI_3"
PART 47 "J_PinkyPalm_RI"
PART 48 "J_Pinky_RI_0"
PART 49 "J_Pinky_RI_1"
PART 50 "J_Pinky_RI_2"
PART 51 "J_Pinky_RI_3"
PART 52 "J_RingPalm_RI"
PART 53 "J_Ring_RI_0"
PART 54 "J_Ring_RI_1"
PART 55 "J_Ring_RI_2"
PART 56 "J_Ring_RI_3"
PART 57 "J_Webbing_RI"
PART 58 "J_Index_RI_0"
PART 59 "J_Index_RI_1"
PART 60 "J_Index_RI_2"
PART 61 "J_Index_RI_3"
PART 62 "J_Mid_RI_0"
PART 63 "J_Mid_RI_1"
PART 64 "J_Mid_RI_2"
PART 65 "J_Mid_RI_3"
PART 66 "tag_cambone"
PART 67 "tag_camera"
PART 68 "tag_gasmask"
PART 69 "tag_gasmask2"
PART 70 "J_Gun"
PART 71 "TAG_BRASS"
PART 72 "TAG_FLASH"
PART 73 "TAG_CLIP"
PART 74 "J_Clip_Release"
PART 75 "TAG_REFLEX_SIGHT"
PART 76 "TAG_ACOG"
PART 77 "TAG_IRON_SIGHT"

FRAMERATE 30
NUMFRAMES 11

FRAME 410
PART 0
OFFSET 0.0000 0.0000 0.0000
SCALE 1 1 1
X 1.0000 0.0000 0.0000
Y 0.0000 1.0000 0.0000
Z 0.0000 0.0000 1.0000

PART 1
OFFSET -7.6807 -2.7496 1.5396
SCALE 1 1 1
X 1.0000 0.0000 0.0000
Y 0.0000 1.0000 0.0000
Z 0.0000 0.0000 1.0000

PART 2
OFFSET -3.2132 8.4660 -2.3313
SCALE 1 1 1
X 0.7253 -0.3235 -0.6076
Y -0.1633 -0.9383 0.3047
Z -0.6688 -0.1218 -0.7334

PART 3
OFFSET 5.5588 4.5531 -9.6800
SCALE 1 1 1
X 0.7649 -0.4789 0.4307
Y -0.4280 0.1219 0.8955
Z -0.4814 -0.8694 -0.1117

PART 4
OFFSET 12.0648 0.4797 -6.0164
SCALE 1 1 1
X 0.7649 -0.4789 0.4307
Y 0.1107 0.7565 0.6445
Z -0.6345 -0.4453 0.6317

PART 5
OFFSET 14.3239 1.2573 -5.9225
SCALE 1 1 1
X 0.7688 -0.4772 0.4257
Y 0.4853 0.8689 0.0976
Z -0.4165 0.1315 0.8996

PART 6
OFFSET 13.0263 -0.7939 -6.7855
SCALE 1 1 1
X 0.7688 -0.4772 0.4257
Y 0.4853 0.8689 0.0976
Z -0.4165 0.1315 0.8996

PART 7
OFFSET 13.5851 0.9499 -3.7361
SCALE 1 1 1
X 0.7688 -0.4772 0.4257
Y 0.4853 0.8689 0.0976
Z -0.4165 0.1315 0.8996

PART 8
OFFSET 12.7681 -0.3663 -3.9820
SCALE 1 1 1
X 0.7688 -0.4772 0.4257
Y 0.4853 0.8689 0.0976
Z -0.4165 0.1315 0.8996

PART 9
OFFSET 12.1657 -1.2350 -4.7632
SCALE 1 1 1
X 0.7688 -0.4772 0.4257
Y 0.4853 0.8689 0.0976
Z -0.4165 0.1315 0.8996

PART 10
OFFSET 14.4097 -0.9885 -4.6958
SCALE 1 1 1
X 0.9587 -0.2742 0.0754
Y 0.1691 0.7628 0.6241
Z -0.2286 -0.5856 0.7777

PART 11
OFFSET 14.9103 -0.6162 -3.7403
SCALE 1 1 1
X 0.9398 -0.0723 0.3340
Y 0.0268 0.9899 0.1389
Z -0.3407 -0.1216 0.9323

PART 12
OFFSET 16.9220 -0.6802 -2.9537
SCALE 1 1 1
X 0.9386 -0.3291 0.1033
Y 0.2596 0.8711 0.4168
Z -0.2272 -0.3644 0.9031

PART 13
OFFSET 18.3963 -1.3044 -2.7107
SCALE 1 1 1
X 0.9436 -0.0618 0.3254
Y -0.0297 0.9627 0.2689
Z -0.3299 -0.2634 0.9065

PART 14
OFFSET 19.4011 -1.3668 -2.3127
SCALE 1 1 1
X 0.9023 0.3220 -0.2867
Y -0.2854 -0.0523 -0.9570
Z -0.3231 0.9453 0.0447

PART 15
OFFSET 14.9937 -2.1557 -5.1432
SCALE 1 1 1
X 0.5702 -0.8139 0.1110
Y -0.5222 -0.2548 0.8139
Z -0.6342 -0.5221 -0.5703

PART 16
OFFSET 16.3033 -3.9397 -4.7108
SCALE 1 1 1
X -0.1118 -0.2032 0.9727
Y -0.5601 0.8214 0.1072
Z -0.8208 -0.5329 -0.2057

PART 17
OFFSET 16.1450 -4.2274 -3.3336
SCALE 1 1 1
X -0.4400 0.4089 0.7995
Y -0.3846 0.7187 -0.5792
Z -0.8115 -0.5623 -0.1590

PART 18
OFFSET 15.7549 -3.8649 -2.6248
SCALE 1 1 1
X -0.5268 0.6154 0.5864
Y -0.1772 0.5952 -0.7838
Z -0.8313 -0.5168 -0.2045

PART 19
OFFSET 15.2544 -3.2802 -2.0677
SCALE 1 1 1
X 0.6344 -0.7696 0.0731
Y 0.1001 -0.0120 -0.9949
Z 0.7665 0.6385 0.0695

PART 20
OFFSET 15.3489 -1.6273 -4.8204
SCALE 1 1 1
X 0.7751 -0.6240 0.0993
Y -0.4690 -0.4628 0.7522
Z -0.4234 -0.6296 -0.6514

PART 21
OFFSET 17.3079 -3.3302 -4.6760
SCALE 1 1 1
X -0.0461 -0.6293 0.7758
Y -0.5818 0.6482 0.4912
Z -0.8120 -0.4287 -0.3960

PART 22
OFFSET 17.2294 -4.4015 -3.3551
SCALE 1 1 1
X -0.5705 0.4380 0.6948
Y -0.1470 0.7778 -0.6110
Z -0.8080 -0.4507 -0.3793

PART 23
OFFSET 16.4388 -3.7945 -2.3922
SCALE 1 1 1
X -0.5889 0.6941 0.4140
Y 0.0782 0.5588 -0.8256
Z -0.8044 -0.4538 -0.3834

PART 24
OFFSET 15.8001 -3.0417 -1.9432
SCALE 1 1 1
X 0.3982 -0.9102 0.1135
Y 0.4361 0.0790 -0.8964
Z 0.8070 0.4065 0.4284

PART 25
OFFSET 17.5112 -0.9365 -3.0558
SCALE 1 1 1
X 0.8058 -0.5684 0.1664
Y 0.5038 0.5100 -0.6972
Z 0.3114 0.6457 0.6973

PART 26
OFFSET 18.3579 -1.2640 -4.2205
SCALE 1 1 1
X 0.6938 -0.6985 -0.1756
Y -0.2795 -0.4858 0.8282
Z -0.6638 -0.5255 -0.5322

PART 27
OFFSET 19.5794 -2.4937 -4.5297
SCALE 1 1 1
X 0.0189 -0.7682 0.6399
Y -0.7590 0.4056 0.5094
Z -0.6509 -0.4953 -0.5754

PART 28
OFFSET 19.6419 -3.3976 -3.7169
SCALE 1 1 1
X -0.5676 -0.0895 0.8184
Y -0.4879 0.8373 -0.2468
Z -0.6632 -0.5394 -0.5189

PART 29
OFFSET 19.0008 -3.4987 -2.7924
SCALE 1 1 1
X 0.4386 -0.8784 -0.1896
Y 0.4791 0.4071 -0.7777
Z 0.7603 0.2503 0.5994

PART 30
OFFSET 18.0312 -2.1673 -4.7661
SCALE 1 1 1
X 0.3588 -0.8120 0.4604
Y -0.6603 0.1278 0.7400
Z -0.6597 -0.5695 -0.4903

PART 31
OFFSET 18.7322 -3.7536 -3.8668
SCALE 1 1 1
X -0.6180 0.0655 0.7835
Y -0.3866 0.8424 -0.3754
Z -0.6846 -0.5349 -0.4952

PART 32
OFFSET 17.8295 -3.6579 -2.7224
SCALE 1 1 1
X -0.7196 0.3601 0.5937
Y -0.0992 0.7929 -0.6012
Z -0.6873 -0.4915 -0.5349

PART 33
OFFSET 17.0097 -3.2540 -2.0534
SCALE 1 1 1
X 0.6591 -0.7512 -0.0370
Y 0.3350 0.3373 -0.8798
Z 0.6734 0.5674 0.4739

PART 34
OFFSET 16.5695 -3.0354 -3.6428
SCALE 1 1 1
X -0.4985 -0.6157 -0.6102
Y 0.2286 0.5856 -0.7777
Z 0.8362 -0.5272 -0.1512

PART 35
OFFSET 7.8313 -2.9010 -5.2087
SCALE 1 1 1
X 1.0000 0.0000 0.0000
Y 0.0000 1.0000 0.0000
Z 0.0000 0.0000 1.0000

PART 36
OFFSET -13.3341 -6.7471 -6.3406
SCALE 1 1 1
X -0.8317 0.3598 0.4228
Y -0.1880 -0.8991 0.3954
Z 0.5224 0.2494 0.8154

PART 37
OFFSET -3.2753 -11.0985 -11.4543
SCALE 1 1 1
X -0.6378 -0.6267 -0.4477
Y 0.7631 -0.4352 -0.4778
Z 0.1046 -0.6464 0.7558

PART 38
OFFSET 2.1494 -5.7682 -7.6460
SCALE 1 1 1
X -0.6378 -0.6267 -0.4477
Y 0.6522 -0.1303 -0.7468
Z 0.4097 -0.7683 0.4918

PART 39
OFFSET 2.4352 -3.7864 -7.6153
SCALE 1 1 1
X -0.6426 -0.6223 -0.4470
Y -0.1137 0.6544 -0.7476
Z 0.7577 -0.4296 -0.4913

PART 40
OFFSET 2.0606 -3.6171 -6.4619
SCALE 1 1 1
X -0.6426 -0.6223 -0.4470
Y -0.1137 0.6544 -0.7476
Z 0.7577 -0.4296 -0.4913

PART 41
OFFSET 2.3757 -4.5220 -5.4233
SCALE 1 1 1
X -0.6426 -0.6223 -0.4470
Y -0.1137 0.6544 -0.7476
Z 0.7577 -0.4296 -0.4913

PART 42
OFFSET 4.1047 -3.8469 -6.2734
SCALE 1 1 1
X -0.9957 0.0900 -0.0226
Y 0.0206 -0.0225 -0.9995
Z -0.0905 -0.9957 0.0205

PART 43
OFFSET 4.5698 -3.4569 -5.3071
SCALE 1 1 1
X -0.7592 -0.6153 -0.2121
Y 0.0695 0.2474 -0.9664
Z 0.6472 -0.7484 -0.1450

PART 44
OFFSET 6.1651 -2.1121 -4.7449
SCALE 1 1 1
X -0.5869 -0.2971 0.7532
Y -0.6207 -0.4322 -0.6541
Z 0.5199 -0.8514 0.0692

PART 45
OFFSET 7.0172 -1.5629 -6.0076
SCALE 1 1 1
X 0.2835 0.1079 0.9529
Y -0.7846 -0.5453 0.2952
Z 0.5514 -0.8313 -0.0699

PART 46
OFFSET 6.6988 -1.6323 -7.0398
SCALE 1 1 1
X -0.3066 0.5013 0.8091
Y -0.3478 0.7323 -0.5855
Z -0.8860 -0.4609 -0.0502

PART 47
OFFSET 4.9876 -3.7459 -7.3287
SCALE 1 1 1
X -0.8299 0.0936 0.5500
Y -0.0632 -0.9953 0.0740
Z 0.5543 0.0266 0.8319

PART 48
OFFSET 6.9408 -3.8303 -8.4523
SCALE 1 1 1
X -0.4072 -0.9119 0.0514
Y 0.7867 -0.3788 -0.4875
Z 0.4640 -0.1581 0.8716

PART 49
OFFSET 7.5174 -2.5393 -8.5250
SCALE 1 1 1
X 0.6972 -0.5535 -0.4555
Y 0.5783 0.8098 -0.0988
Z 0.4235 -0.1945 0.8848

PART 50
OFFSET 6.8992 -2.0485 -8.1212
SCALE 1 1 1
X 0.8664 0.2957 -0.4023
Y -0.2060 0.9457 0.2515
Z 0.4549 -0.1351 0.8803

PART 51
OFFSET 6.0761 -2.3295 -7.7390
SCALE 1 1 1
X -0.5992 -0.8003 0.0225
Y -0.6556 0.5065 0.5600
Z -0.4596 0.3208 -0.8282

PART 52
OFFSET 5.1802 -3.8899 -6.6566
SCALE 1 1 1
X -0.9507 0.1278 0.2827
Y -0.1105 -0.9909 0.0766
Z 0.2899 0.0416 0.9562

PART 53
OFFSET 7.6021 -4.2497 -7.5305
SCALE 1 1 1
X -0.4141 -0.8733 0.2568
Y 0.7738 -0.4863 -0.4060
Z 0.4794 0.0306 0.8771

PART 54
OFFSET 8.3071 -2.7630 -7.9678
SCALE 1 1 1
X 0.7704 -0.5008 -0.3946
Y 0.4396 0.8655 -0.2401
Z 0.4617 0.0115 0.8870

PART 55
OFFSET 7.2393 -2.0690 -7.4210
SCALE 1 1 1
X 0.8811 0.1309 -0.4545
Y -0.1229 0.9913 0.0472
Z 0.4567 0.0143 0.8895

PART 56
OFFSET 6.2837 -2.2109 -6.9281
SCALE 1 1 1
X -0.6292 -0.6728 0.3891
Y -0.6252 0.7356 0.2609
Z -0.4618 -0.0791 -0.8835

PART 57
OFFSET -0.1053 -3.9869 -5.5112
SCALE 1 1 1
X -0.9660 -0.1878 0.1778
Y -0.2020 0.9772 -0.0652
Z -0.1615 -0.0989 -0.9819

PART 58
OFFSET 7.9352 -4.5508 -5.4239
SCALE 1 1 1
X -0.9620 -0.2681 0.0523
Y 0.2714 -0.9597 0.0733
Z 0.0305 0.0847 0.9959

PART 59
OFFSET 9.6289 -4.0788 -5.5159
SCALE 1 1 1
X -0.9794 -0.1965 0.0473
Y 0.2011 -0.9708 0.1308
Z 0.0202 0.1376 0.9903

PART 60
OFFSET 10.8207 -3.8315 -5.5133
SCALE 1 1 1
X -0.9971 -0.0658 -0.0374
Y 0.0615 -0.9924 0.1064
Z -0.0441 0.1038 0.9936

PART 61
OFFSET 11.9470 -3.7572 -5.4711
SCALE 1 1 1
X 0.2567 0.9465 0.1956
Y 0.9664 -0.2485 -0.0658
Z -0.0136 0.2059 -0.9785

PART 62
OFFSET 7.8676 -4.3870 -6.5143
SCALE 1 1 1
X -0.4124 -0.8710 0.2671
Y 0.8599 -0.4690 -0.2015
Z 0.3008 0.1465 0.9424

PART 63
OFFSET 8.6733 -2.6855 -7.0361
SCALE 1 1 1
X 0.8512 -0.4786 -0.2152
Y 0.4068 0.8609 -0.3056
Z 0.3315 0.1726 0.9275

PART 64
OFFSET 7.4300 -1.9864 -6.7218
SCALE 1 1 1
X 0.9065 0.1938 -0.3751
Y -0.2637 0.9537 -0.1447
Z 0.3296 0.2301 0.9156

PART 65
OFFSET 6.4008 -2.2069 -6.3035
SCALE 1 1 1
X -0.5477 -0.7724 0.3215
Y -0.7586 0.6206 0.1986
Z -0.3529 -0.1351 -0.9259

PART 66
OFFSET 0.0000 0.0000 0.0000
SCALE 1 1 1
X 1.0000 0.0000 0.0000
Y 0.0000 1.0000 0.0000
Z 0.0000 0.0000 1.0000

PART 67
OFFSET 0.0000 0.0000 0.0000
SCALE 1 1 1
X 1.0000 0.0000 0.0000
Y 0.0000 1.0000 0.0000
Z 0.0000 0.0000 1.0000

PART 68
OFFSET 1.5404 0.0000 4.1357
SCALE 1 1 1
X 1.0000 0.0000 0.0000
Y 0.0000 1.0000 0.0000
Z 0.0000 0.0000 1.0000

PART 69
OFFSET -4.6318 0.0000 -1.3770
SCALE 1 1 1
X 1.0000 0.0000 0.0000
Y 0.0000 1.0000 0.0000
Z 0.0000 0.0000 1.0000

PART 70
OFFSET 7.8313 -2.9010 -5.2087
SCALE 1 1 1
X 1.0000 0.0000 0.0000
Y 0.0000 1.0000 0.0000
Z 0.0000 0.0000 1.0000

PART 71
OFFSET 12.3941 -3.5916 -2.9826
SCALE 1 1 1
X 0.0000 -0.8192 0.5736
Y 1.0000 0.0000 -0.0000
Z -0.0000 0.5736 0.8192

PART 72
OFFSET 35.5445 -2.8852 -2.7048
SCALE 1 1 1
X 1.0000 0.0000 0.0000
Y 0.0000 1.0000 0.0000
Z 0.0000 0.0000 1.0000

PART 73
OFFSET 12.1249 -2.9094 -3.9233
SCALE 1 1 1
X 1.0000 0.0000 0.0000
Y 0.0000 1.0000 0.0000
Z 0.0000 0.0000 1.0000

PART 74
OFFSET 6.5463 -2.9010 -2.3346
SCALE 1 1 1
X 1.0000 0.0000 0.0000
Y 0.0000 1.0000 0.0000
Z 0.0000 0.0000 1.0000

PART 75
OFFSET 9.6569 -2.9010 -1.8697
SCALE 1 1 1
X 1.0000 0.0000 0.0000
Y 0.0000 1.0000 0.0000
Z 0.0000 0.0000 1.0000

PART 76
OFFSET 9.6569 -2.9010 -1.8697
SCALE 1 1 1
X 1.0000 0.0000 0.0000
Y 0.0000 1.0000 0.0000
Z 0.0000 0.0000 1.0000

PART 77
OFFSET 9.6569 -2.9010 -1.8697
SCALE 1 1 1
X 1.0000 0.0000 0.0000
Y 0.0000 1.0000 0.0000
Z 0.0000 0.0000 1.0000


FRAME 411
PART 0
OFFSET 0.0000 0.0000 0.0000
SCALE 1 1 1
X 1.0000 0.0000 0.0000
Y 0.0000 1.0000 0.0000
Z 0.0000 0.0000 1.0000

PART 1
OFFSET -7.6807 -2.7496 1.5396
SCALE 1 1 1
X 1.0000 0.0000 0.0000
Y 0.0000 1.0000 0.0000
Z 0.0000 0.0000 1.0000

PART 2
OFFSET -3.2134 8.4641 -2.3319
SCALE 1 1 1
X 0.7144 -0.3087 -0.6280
Y -0.1461 -0.9435 0.2976
Z -0.6843 -0.1209 -0.7191

PART 3
OFFSET 5.4266 4.7309 -9.9263
SCALE 1 1 1
X 0.7652 -0.4713 0.4387
Y -0.4352 0.1236 0.8918
Z -0.4745 -0.8733 -0.1105

PART 4
OFFSET 11.9347 0.7226 -6.1952
SCALE 1 1 1
X 0.7652 -0.4713 0.4387
Y 0.1191 0.7732 0.6229
Z -0.6327 -0.4244 0.6477

PART 5
OFFSET 14.1873 1.5224 -6.0825
SCALE 1 1 1
X 0.7691 -0.4696 0.4336
Y 0.4785 0.8728 0.0965
Z -0.4238 0.1333 0.8959

PART 6
OFFSET 12.9106 -0.5482 -6.9508
SCALE 1 1 1
X 0.7691 -0.4696 0.4336
Y 0.4785 0.8728 0.0965
Z -0.4238 0.1333 0.8959

PART 7
OFFSET 13.4403 1.2207 -3.9097
SCALE 1 1 1
X 0.7691 -0.4696 0.4336
Y 0.4785 0.8728 0.0965
Z -0.4238 0.1333 0.8959

PART 8
OFFSET 12.6295 -0.1077 -4.1514
SCALE 1 1 1
X 0.7691 -0.4696 0.4336
Y 0.4785 0.8728 0.0965
Z -0.4238 0.1333 0.8959

PART 9
OFFSET 12.0195 -1.0026 -4.9178
SCALE 1 1 1
X 0.7691 -0.4696 0.4336
Y 0.4785 0.8728 0.0965
Z -0.4238 0.1333 0.8959

PART 10
OFFSET 14.2805 -0.7221 -4.8504
SCALE 1 1 1
X 0.9728 -0.2177 0.0796
Y 0.1283 0.7915 0.5976
Z -0.1931 -0.5711 0.7978

PART 11
OFFSET 14.7625 -0.2907 -3.9103
SCALE 1 1 1
X 0.9434 -0.0087 0.3315
Y -0.0280 0.9940 0.1059
Z -0.3305 -0.1092 0.9375

PART 12
OFFSET 16.7771 -0.2164 -3.1321
SCALE 1 1 1
X 0.9561 -0.2716 0.1100
Y 0.2107 0.8980 0.3862
Z -0.2037 -0.3461 0.9158

PART 13
OFFSET 18.2852 -0.7472 -2.8751
SCALE 1 1 1
X 0.9464 0.0029 0.3229
Y -0.0837 0.9680 0.2367
Z -0.3119 -0.2511 0.9163

PART 14
OFFSET 19.2930 -0.7391 -2.4798
SCALE 1 1 1
X 0.8817 0.3629 -0.3014
Y -0.2845 -0.1006 -0.9534
Z -0.3763 0.9264 0.0145

PART 15
OFFSET 14.9273 -1.8692 -5.2617
SCALE 1 1 1
X 0.6141 -0.7777 0.1346
Y -0.5045 -0.2557 0.8247
Z -0.6070 -0.5743 -0.5493

PART 16
OFFSET 16.3335 -3.5643 -4.7782
SCALE 1 1 1
X -0.0960 -0.1779 0.9794
Y -0.6061 0.7909 0.0843
Z -0.7896 -0.5855 -0.1837

PART 17
OFFSET 16.1976 -3.8162 -3.3916
SCALE 1 1 1
X -0.4596 0.4085 0.7886
Y -0.4277 0.6764 -0.5996
Z -0.7783 -0.6129 -0.1362

PART 18
OFFSET 15.7901 -3.4540 -2.6924
SCALE 1 1 1
X -0.5590 0.6026 0.5695
Y -0.2144 0.5585 -0.8014
Z -0.8010 -0.5701 -0.1830

PART 19
OFFSET 15.2590 -2.8815 -2.1514
SCALE 1 1 1
X 0.6780 -0.7291 0.0939
Y 0.0967 -0.0382 -0.9946
Z 0.7287 0.6834 0.0446

PART 20
OFFSET 15.2534 -1.3114 -4.9584
SCALE 1 1 1
X 0.8088 -0.5765 0.1158
Y -0.4401 -0.4628 0.7695
Z -0.3900 -0.6733 -0.6281

PART 21
OFFSET 17.3044 -2.8975 -4.7681
SCALE 1 1 1
X -0.0119 -0.6055 0.7957
Y -0.6153 0.6317 0.4715
Z -0.7882 -0.4840 -0.3801

PART 22
OFFSET 17.2841 -3.9284 -3.4133
SCALE 1 1 1
X -0.5927 0.4290 0.6817
Y -0.1888 0.7488 -0.6354
Z -0.7830 -0.5052 -0.3628

PART 23
OFFSET 16.4627 -3.3338 -2.4685
SCALE 1 1 1
X -0.6249 0.6746 0.3929
Y 0.0477 0.5353 -0.8433
Z -0.7792 -0.5082 -0.3668

PART 24
OFFSET 15.7850 -2.6022 -2.0425
SCALE 1 1 1
X 0.4464 -0.8835 0.1418
Y 0.4307 0.0733 -0.8995
Z 0.7843 0.4626 0.4133

PART 25
OFFSET 17.3793 -0.4427 -3.2285
SCALE 1 1 1
X 0.8368 -0.5167 0.1812
Y 0.4723 0.5137 -0.7163
Z 0.2771 0.6849 0.6739

PART 26
OFFSET 18.2394 -0.7613 -4.3860
SCALE 1 1 1
X 0.7311 -0.6642 -0.1558
Y -0.2493 -0.4727 0.8452
Z -0.6351 -0.5791 -0.5112

PART 27
OFFSET 19.5266 -1.9308 -4.6603
SCALE 1 1 1
X 0.0638 -0.7442 0.6649
Y -0.7788 0.3795 0.4994
Z -0.6240 -0.5497 -0.5554

PART 28
OFFSET 19.6421 -2.8021 -3.8183
SCALE 1 1 1
X -0.5591 -0.0935 0.8238
Y -0.5346 0.8001 -0.2720
Z -0.6337 -0.5925 -0.4974

PART 29
OFFSET 19.0105 -2.9077 -2.8878
SCALE 1 1 1
X 0.4864 -0.8585 -0.1626
Y 0.4531 0.4069 -0.7932
Z 0.7471 0.3121 0.5869

PART 30
OFFSET 17.9619 -1.6992 -4.8997
SCALE 1 1 1
X 0.4050 -0.7749 0.4852
Y -0.6641 0.1155 0.7387
Z -0.6285 -0.6214 -0.4678

PART 31
OFFSET 18.7531 -3.2130 -3.9518
SCALE 1 1 1
X -0.6182 0.0572 0.7840
Y -0.4342 0.8065 -0.4012
Z -0.6552 -0.5884 -0.4738

PART 32
OFFSET 17.8502 -3.1295 -2.8067
SCALE 1 1 1
X -0.7367 0.3392 0.5850
Y -0.1452 0.7656 -0.6267
Z -0.6604 -0.5466 -0.5148

PART 33
OFFSET 17.0112 -2.7498 -2.1473
SCALE 1 1 1
X 0.6998 -0.7141 -0.0154
Y 0.3129 0.3258 -0.8922
Z 0.6421 0.6196 0.4514

PART 34
OFFSET 16.5544 -2.6092 -3.7408
SCALE 1 1 1
X -0.4653 -0.6626 -0.5869
Y 0.1931 0.5711 -0.7978
Z 0.8638 -0.4846 -0.1378

PART 35
OFFSET 7.8174 -3.0139 -5.2665
SCALE 1 1 1
X 0.9984 0.0557 -0.0050
Y -0.0558 0.9979 -0.0332
Z 0.0032 0.0334 0.9994

PART 36
OFFSET -13.3341 -6.7471 -6.3406
SCALE 1 1 1
X -0.8228 0.3711 0.4304
Y -0.2054 -0.9004 0.3836
Z 0.5299 0.2272 0.8171

PART 37
OFFSET -3.3830 -11.2348 -11.5463
SCALE 1 1 1
X -0.6507 -0.6079 -0.4551
Y 0.7536 -0.4432 -0.4855
Z 0.0934 -0.6588 0.7465

PART 38
OFFSET 2.1513 -6.0645 -7.6757
SCALE 1 1 1
X -0.6507 -0.6079 -0.4551
Y 0.6396 -0.1156 -0.7600
Z 0.4094 -0.7856 0.4640

PART 39
OFFSET 2.4790 -4.0859 -7.6273
SCALE 1 1 1
X -0.6554 -0.6034 -0.4542
Y -0.1024 0.6668 -0.7381
Z 0.7483 -0.4373 -0.4988

PART 40
OFFSET 2.1126 -3.9307 -6.4679
SCALE 1 1 1
X -0.6554 -0.6034 -0.4542
Y -0.1024 0.6668 -0.7381
Z 0.7483 -0.4373 -0.4988

PART 41
OFFSET 2.4130 -4.8647 -5.4325
SCALE 1 1 1
X -0.6554 -0.6034 -0.4542
Y -0.1024 0.6668 -0.7381
Z 0.7483 -0.4373 -0.4988

PART 42
OFFSET 4.1460 -4.2009 -6.2805
SCALE 1 1 1
X -0.9992 0.0337 -0.0206
Y 0.0187 -0.0547 -0.9983
Z -0.0347 -0.9979 0.0540

PART 43
OFFSET 4.5917 -3.7535 -5.3300
SCALE 1 1 1
X -0.7243 -0.6634 -0.1878
Y 0.0525 0.2184 -0.9744
Z 0.6875 -0.7157 -0.1234

PART 44
OFFSET 6.1113 -2.3039 -4.8207
SCALE 1 1 1
X -0.5670 -0.3040 0.7656
Y -0.5977 -0.4877 -0.6363
Z 0.5668 -0.8183 0.0948

PART 45
OFFSET 6.9274 -1.7506 -6.1052
SCALE 1 1 1
X 0.2801 0.1553 0.9473
Y -0.7520 -0.5779 0.3171
Z 0.5967 -0.8012 -0.0450

PART 46
OFFSET 6.6101 -1.8721 -7.1330
SCALE 1 1 1
X -0.3316 0.5102 0.7936
Y -0.3900 0.6918 -0.6077
Z -0.8591 -0.5110 -0.0304

PART 47
OFFSET 5.0186 -4.0862 -7.3430
SCALE 1 1 1
X -0.8321 0.0656 0.5507
Y -0.0073 -0.9942 0.1073
Z 0.5545 0.0852 0.8278

PART 48
OFFSET 6.9699 -4.0992 -8.4730
SCALE 1 1 1
X -0.3556 -0.9309 0.0837
Y 0.8050 -0.3505 -0.4786
Z 0.4748 -0.1028 0.8740

PART 49
OFFSET 7.4734 -2.7812 -8.5914
SCALE 1 1 1
X 0.7256 -0.5288 -0.4403
Y 0.5319 0.8370 -0.1285
Z 0.4365 -0.1410 0.8886

PART 50
OFFSET 6.8300 -2.3124 -8.2010
SCALE 1 1 1
X 0.8473 0.3299 -0.4163
Y -0.2576 0.9406 0.2211
Z 0.4645 -0.0800 0.8820

PART 51
OFFSET 6.0250 -2.6259 -7.8055
SCALE 1 1 1
X -0.5535 -0.8312 0.0521
Y -0.6810 0.4877 0.5462
Z -0.4794 0.2668 -0.8360

PART 52
OFFSET 5.2211 -4.1967 -6.6675
SCALE 1 1 1
X -0.9554 0.0841 0.2830
Y -0.0548 -0.9924 0.1100
Z 0.2901 0.0896 0.9528

PART 53
OFFSET 7.6565 -4.4501 -7.5411
SCALE 1 1 1
X -0.3639 -0.8859 0.2877
Y 0.7984 -0.4558 -0.3935
Z 0.4797 0.0865 0.8731

PART 54
OFFSET 8.2760 -2.9419 -8.0310
SCALE 1 1 1
X 0.7959 -0.4700 -0.3816
Y 0.3899 0.8801 -0.2708
Z 0.4631 0.0668 0.8838

PART 55
OFFSET 7.1729 -2.2905 -7.5022
SCALE 1 1 1
X 0.8710 0.1645 -0.4630
Y -0.1779 0.9839 0.0149
Z 0.4580 0.0694 0.8863

PART 56
OFFSET 6.2283 -2.4689 -7.0000
SCALE 1 1 1
X -0.5895 -0.6934 0.4144
Y -0.6644 0.7079 0.2395
Z -0.4594 -0.1342 -0.8780

PART 57
OFFSET -0.0471 -4.5495 -5.4930
SCALE 1 1 1
X -0.9534 -0.2353 0.1887
Y -0.2564 0.9617 -0.0966
Z -0.1588 -0.1405 -0.9773

PART 58
OFFSET 8.0125 -4.6617 -5.4274
SCALE 1 1 1
X -0.9450 -0.3203 0.0663
Y 0.3258 -0.9397 0.1038
Z 0.0291 0.1197 0.9924

PART 59
OFFSET 9.6763 -4.0977 -5.5442
SCALE 1 1 1
X -0.9666 -0.2495 0.0590
Y 0.2559 -0.9530 0.1620
Z 0.0158 0.1717 0.9850

PART 60
OFFSET 10.8523 -3.7840 -5.5561
SCALE 1 1 1
X -0.9920 -0.1229 -0.0299
Y 0.1177 -0.9833 0.1392
Z -0.0465 0.1345 0.9898

PART 61
OFFSET 11.9728 -3.6451 -5.5223
SCALE 1 1 1
X 0.2036 0.9655 0.1625
Y 0.9786 -0.1959 -0.0625
Z -0.0285 0.1718 -0.9847

PART 62
OFFSET 7.9325 -4.5384 -6.5223
SCALE 1 1 1
X -0.3623 -0.8832 0.2979
Y 0.8841 -0.4269 -0.1902
Z 0.2951 0.1945 0.9355

PART 63
OFFSET 8.6403 -2.8131 -7.1042
SCALE 1 1 1
X 0.8759 -0.4374 -0.2035
Y 0.3572 0.8715 -0.3360
Z 0.3243 0.2216 0.9196

PART 64
OFFSET 7.3609 -2.1741 -6.8071
SCALE 1 1 1
X 0.8931 0.2313 -0.3858
Y -0.3170 0.9321 -0.1749
Z 0.3192 0.2785 0.9058

PART 65
OFFSET 6.3469 -2.4375 -6.3766
SCALE 1 1 1
X -0.5027 -0.7906 0.3497
Y -0.7914 0.5837 0.1817
Z -0.3477 -0.1854 -0.9191

PART 66
OFFSET 0.0000 0.0000 0.0000
SCALE 1 1 1
X 1.0000 0.0000 0.0000
Y 0.0000 1.0000 0.0000
Z 0.0000 0.0000 1.0000

PART 67
OFFSET 0.0000 0.0000 0.0000
SCALE 1 1 1
X 1.0000 0.0000 0.0000
Y 0.0000 1.0000 0.0000
Z 0.0000 0.0000 1.0000

PART 68
OFFSET 1.5404 0.0000 4.1357
SCALE 1 1 1
X 1.0000 0.0000 0.0000
Y 0.0000 1.0000 0.0000
Z 0.0000 0.0000 1.0000

PART 69
OFFSET -4.6318 0.0000 -1.3770
SCALE 1 1 1
X 1.0000 0.0000 0.0000
Y 0.0000 1.0000 0.0000
Z 0.0000 0.0000 1.0000

PART 70
OFFSET 7.8174 -3.0139 -5.2665
SCALE 1 1 1
X 0.9984 0.0557 -0.0050
Y -0.0558 0.9979 -0.0332
Z 0.0032 0.0334 0.9994

PART 71
OFFSET 12.4186 -3.3746 -3.0416
SCALE 1 1 1
X 0.0475 -0.7983 0.6004
Y 0.9984 0.0557 -0.0050
Z -0.0294 0.5997 0.7997

PART 72
OFFSET 35.4943 -1.3716 -2.9035
SCALE 1 1 1
X 0.9984 0.0557 -0.0050
Y -0.0558 0.9979 -0.0332
Z 0.0032 0.0334 0.9994

PART 73
OFFSET 12.1088 -2.7403 -4.0030
SCALE 1 1 1
X 0.9984 0.0557 -0.0050
Y -0.0558 0.9979 -0.0332
Z 0.0032 0.0334 0.9994

PART 74
OFFSET 6.5435 -2.9894 -2.3876
SCALE 1 1 1
X 0.9984 0.0557 -0.0050
Y -0.0558 0.9979 -0.0332
Z 0.0032 0.0334 0.9994

PART 75
OFFSET 9.6507 -2.8007 -1.9385
SCALE 1 1 1
X 0.9984 0.0557 -0.0050
Y -0.0558 0.9979 -0.0332
Z 0.0032 0.0334 0.9994

PART 76
OFFSET 9.6507 -2.8007 -1.9385
SCALE 1 1 1
X 0.9984 0.0557 -0.0050
Y -0.0558 0.9979 -0.0332
Z 0.0032 0.0334 0.9994

PART 77
OFFSET 9.6507 -2.8007 -1.9385
SCALE 1 1 1
X 0.9984 0.0557 -0.0050
Y -0.0558 0.9979 -0.0332
Z 0.0032 0.0334 0.9994


FRAME 412
PART 0
OFFSET 0.0000 0.0000 0.0000
SCALE 1 1 1
X 1.0000 0.0000 0.0000
Y 0.0000 1.0000 0.0000
Z 0.0000 0.0000 1.0000

PART 1
OFFSET -7.6807 -2.7496 1.5396
SCALE 1 1 1
X 1.0000 0.0000 0.0000
Y 0.0000 1.0000 0.0000
Z 0.0000 0.0000 1.0000

PART 2
OFFSET -3.2142 8.4586 -2.3335
SCALE 1 1 1
X 0.6842 -0.2730 -0.6763
Y -0.1053 -0.9546 0.2788
Z -0.7217 -0.1195 -0.6818

PART 3
OFFSET 5.0600 5.1571 -10.5128
SCALE 1 1 1
X 0.7657 -0.4536 0.4560
Y -0.4511 0.1266 0.8834
Z -0.4585 -0.8821 -0.1077

PART 4
OFFSET 11.5724 1.2987 -6.6343
SCALE 1 1 1
X 0.7657 -0.4536 0.4560
Y 0.1491 0.8148 0.5603
Z -0.6257 -0.3610 0.6915

PART 5
OFFSET 13.8069 2.1511 -6.4762
SCALE 1 1 1
X 0.7696 -0.4520 0.4510
Y 0.4628 0.8815 0.0937
Z -0.4399 0.1366 0.8876

PART 6
OFFSET 12.5805 0.0354 -7.3598
SCALE 1 1 1
X 0.7696 -0.4520 0.4510
Y 0.4628 0.8815 0.0937
Z -0.4399 0.1366 0.8876

PART 7
OFFSET 13.0469 1.8609 -4.3409
SCALE 1 1 1
X 0.7696 -0.4520 0.4510
Y 0.4628 0.8815 0.0937
Z -0.4399 0.1366 0.8876

PART 8
OFFSET 12.2483 0.5031 -4.5705
SCALE 1 1 1
X 0.7696 -0.4520 0.4510
Y 0.4628 0.8815 0.0937
Z -0.4399 0.1366 0.8876

PART 9
OFFSET 11.6054 -0.4659 -5.2911
SCALE 1 1 1
X 0.7696 -0.4520 0.4510
Y 0.4628 0.8815 0.0937
Z -0.4399 0.1366 0.8876

PART 10
OFFSET 13.9198 -0.0921 -5.2364
SCALE 1 1 1
X 0.9934 -0.0721 0.0890
Y 0.0143 0.8491 0.5280
Z -0.1136 -0.5232 0.8446

PART 11
OFFSET 14.3338 0.4801 -4.3401
SCALE 1 1 1
X 0.9343 0.1513 0.3228
Y -0.1673 0.9856 0.0224
Z -0.3147 -0.0749 0.9462

PART 12
OFFSET 16.3158 0.9008 -3.5887
SCALE 1 1 1
X 0.9845 -0.1240 0.1242
Y 0.0806 0.9481 0.3076
Z -0.1559 -0.2928 0.9434

PART 13
OFFSET 17.8828 0.6113 -3.3009
SCALE 1 1 1
X 0.9354 0.1634 0.3134
Y -0.2203 0.9630 0.1552
Z -0.2765 -0.2142 0.9368

PART 14
OFFSET 18.8780 0.7946 -2.9164
SCALE 1 1 1
X 0.8227 0.4567 -0.3384
Y -0.2642 -0.2198 -0.9391
Z -0.5033 0.8620 -0.0602

PART 15
OFFSET 14.7221 -1.1680 -5.5557
SCALE 1 1 1
X 0.7157 -0.6710 0.1934
Y -0.4662 -0.2528 0.8478
Z -0.5200 -0.6970 -0.4938

PART 16
OFFSET 16.3488 -2.6052 -4.9452
SCALE 1 1 1
X -0.0718 -0.1075 0.9916
Y -0.7122 0.7015 0.0244
Z -0.6983 -0.7045 -0.1269

PART 17
OFFSET 16.2471 -2.7574 -3.5413
SCALE 1 1 1
X -0.5145 0.4037 0.7566
Y -0.5180 0.5568 -0.6493
Z -0.6834 -0.7259 -0.0774

PART 18
OFFSET 15.7910 -2.3995 -2.8705
SCALE 1 1 1
X -0.6399 0.5629 0.5231
Y -0.2897 0.4538 -0.8427
Z -0.7118 -0.6908 -0.1273

PART 19
OFFSET 15.1831 -1.8647 -2.3736
SCALE 1 1 1
X 0.7742 -0.6155 0.1473
Y 0.1032 -0.1069 -0.9889
Z 0.6244 0.7808 -0.0193

PART 20
OFFSET 14.9660 -0.5465 -5.3032
SCALE 1 1 1
X 0.8811 -0.4462 0.1564
Y -0.3732 -0.4533 0.8094
Z -0.2903 -0.7716 -0.5660

PART 21
OFFSET 17.2180 -1.8092 -4.9993
SCALE 1 1 1
X 0.0678 -0.5333 0.8432
Y -0.6991 0.5776 0.4215
Z -0.7118 -0.6181 -0.3337

PART 22
OFFSET 17.3334 -2.7171 -3.5637
SCALE 1 1 1
X -0.6497 0.3981 0.6476
Y -0.2872 0.6603 -0.6940
Z -0.7038 -0.6369 -0.3147

PART 23
OFFSET 16.4329 -2.1654 -2.6662
SCALE 1 1 1
X -0.7142 0.6121 0.3396
Y -0.0223 0.4650 -0.8850
Z -0.6996 -0.6396 -0.3184

PART 24
OFFSET 15.6584 -1.5016 -2.2978
SCALE 1 1 1
X 0.5635 -0.7986 0.2116
Y 0.4211 0.0572 -0.9052
Z 0.7108 0.5992 0.3685

PART 25
OFFSET 16.9441 0.7536 -3.6711
SCALE 1 1 1
X 0.9003 -0.3775 0.2164
Y 0.3978 0.5125 -0.7610
Z 0.1764 0.7713 0.6116

PART 26
OFFSET 17.8437 0.4620 -4.8054
SCALE 1 1 1
X 0.8174 -0.5662 -0.1060
Y -0.1832 -0.4300 0.8841
Z -0.5461 -0.7032 -0.4552

PART 27
OFFSET 19.2829 -0.5348 -4.9921
SCALE 1 1 1
X 0.1654 -0.6692 0.7244
Y -0.8258 0.3076 0.4727
Z -0.5392 -0.6764 -0.5018

PART 28
OFFSET 19.5168 -1.3074 -4.0809
SCALE 1 1 1
X -0.5430 -0.1011 0.8337
Y -0.6406 0.6917 -0.3334
Z -0.5430 -0.7151 -0.4403

PART 29
OFFSET 18.9035 -1.4215 -3.1393
SCALE 1 1 1
X 0.6023 -0.7927 -0.0943
Y 0.3940 0.3980 -0.8285
Z 0.6942 0.4619 0.5521

PART 30
OFFSET 17.7019 -0.5453 -5.2361
SCALE 1 1 1
X 0.5081 -0.6670 0.5449
Y -0.6759 0.0833 0.7323
Z -0.5338 -0.7404 -0.4085

PART 31
OFFSET 18.6945 -1.8484 -4.1717
SCALE 1 1 1
X -0.6224 0.0360 0.7818
Y -0.5417 0.7012 -0.4635
Z -0.5649 -0.7121 -0.4169

PART 32
OFFSET 17.7854 -1.7958 -3.0297
SCALE 1 1 1
X -0.7787 0.2809 0.5610
Y -0.2491 0.6822 -0.6874
Z -0.5758 -0.6750 -0.4613

PART 33
OFFSET 16.8995 -1.4829 -2.3971
SCALE 1 1 1
X 0.7930 -0.6080 0.0384
Y 0.2668 0.2900 -0.9191
Z 0.5476 0.7391 0.3922

PART 34
OFFSET 16.4323 -1.5424 -3.9926
SCALE 1 1 1
X -0.3662 -0.7682 -0.5252
Y 0.1136 0.5232 -0.8446
Z 0.9236 -0.3689 -0.1043

PART 35
OFFSET 7.8428 -3.2920 -5.4017
SCALE 1 1 1
X 0.9808 0.1941 -0.0185
Y -0.1950 0.9739 -0.1162
Z -0.0046 0.1176 0.9930

PART 36
OFFSET -13.3341 -6.7471 -6.3406
SCALE 1 1 1
X -0.8064 0.3898 0.4448
Y -0.2453 -0.9047 0.3482
Z 0.5382 0.1717 0.8252

PART 37
OFFSET -3.5821 -11.4617 -11.7196
SCALE 1 1 1
X -0.6878 -0.5531 -0.4701
Y 0.7231 -0.4657 -0.5102
Z 0.0633 -0.6909 0.7202

PART 38
OFFSET 2.2683 -6.7576 -7.7213
SCALE 1 1 1
X -0.6878 -0.5531 -0.4701
Y 0.6097 -0.0887 -0.7877
Z 0.3939 -0.8284 0.3982

PART 39
OFFSET 2.7133 -4.7964 -7.6207
SCALE 1 1 1
X -0.6923 -0.5484 -0.4690
Y -0.0717 0.6990 -0.7115
Z 0.7180 -0.4589 -0.5233

PART 40
OFFSET 2.3716 -4.6754 -6.4475
SCALE 1 1 1
X -0.6923 -0.5484 -0.4690
Y -0.0717 0.6990 -0.7115
Z 0.7180 -0.4589 -0.5233

PART 41
OFFSET 2.6307 -5.6824 -5.4317
SCALE 1 1 1
X -0.6923 -0.5484 -0.4690
Y -0.0717 0.6990 -0.7115
Z 0.7180 -0.4589 -0.5233

PART 42
OFFSET 4.3770 -5.0620 -6.2801
SCALE 1 1 1
X -0.9940 -0.1083 -0.0145
Y 0.0292 -0.1354 -0.9904
Z 0.1053 -0.9849 0.1378

PART 43
OFFSET 4.7528 -4.4782 -5.3745
SCALE 1 1 1
X -0.6237 -0.7716 -0.1251
Y 0.0243 0.1407 -0.9897
Z 0.7813 -0.6203 -0.0690

PART 44
OFFSET 6.0527 -2.7927 -5.0020
SCALE 1 1 1
X -0.5211 -0.3147 0.7934
Y -0.5215 -0.6184 -0.5879
Z 0.6756 -0.7201 0.1581

PART 45
OFFSET 6.7871 -2.2408 -6.3355
SCALE 1 1 1
X 0.2527 0.2722 0.9285
Y -0.6645 -0.6486 0.3710
Z 0.7032 -0.7108 0.0170

PART 46
OFFSET 6.4930 -2.4917 -7.3466
SCALE 1 1 1
X -0.4021 0.5239 0.7509
Y -0.4812 0.5768 -0.6601
Z -0.7789 -0.6268 0.0201

PART 47
OFFSET 5.2281 -4.9164 -7.3562
SCALE 1 1 1
X -0.8347 -0.0053 0.5506
Y 0.1317 -0.9729 0.1903
Z 0.5347 0.2314 0.8128

PART 48
OFFSET 7.1654 -4.7515 -8.4982
SCALE 1 1 1
X -0.2219 -0.9611 0.1646
Y 0.8476 -0.2735 -0.4546
Z 0.4819 0.0386 0.8754

PART 49
OFFSET 7.4795 -3.3908 -8.7312
SCALE 1 1 1
X 0.7938 -0.4573 -0.4009
Y 0.4098 0.8893 -0.2030
Z 0.4493 -0.0031 0.8934

PART 50
OFFSET 6.7757 -2.9854 -8.3758
SCALE 1 1 1
X 0.7939 0.4089 -0.4499
Y -0.3875 0.9106 0.1437
Z 0.4685 0.0603 0.8814

PART 51
OFFSET 6.0214 -3.3738 -7.9484
SCALE 1 1 1
X -0.4317 -0.8931 0.1265
Y -0.7443 0.4319 0.5094
Z -0.5096 0.1258 -0.8512

PART 52
OFFSET 5.4420 -4.9401 -6.6755
SCALE 1 1 1
X -0.9586 -0.0268 0.2834
Y 0.0845 -0.9775 0.1933
Z 0.2719 0.2093 0.9393

PART 53
OFFSET 7.8915 -4.9231 -7.5464
SCALE 1 1 1
X -0.2371 -0.9006 0.3642
Y 0.8556 -0.3711 -0.3609
Z 0.4602 0.2260 0.8585

PART 54
OFFSET 8.2951 -3.3898 -8.1664
SCALE 1 1 1
X 0.8551 -0.3845 -0.3479
Y 0.2635 0.9000 -0.3471
Z 0.4466 0.2051 0.8709

PART 55
OFFSET 7.1100 -2.8569 -7.6843
SCALE 1 1 1
X 0.8407 0.2451 -0.4828
Y -0.3140 0.9471 -0.0661
Z 0.4411 0.2072 0.8732

PART 56
OFFSET 6.1982 -3.1226 -7.1607
SCALE 1 1 1
X -0.4878 -0.7316 0.4763
Y -0.7578 0.6257 0.1851
Z -0.4334 -0.2706 -0.8596

PART 57
OFFSET 0.2717 -5.9260 -5.4291
SCALE 1 1 1
X -0.9116 -0.3495 0.2162
Y -0.3883 0.9048 -0.1746
Z -0.1346 -0.2432 -0.9606

PART 58
OFFSET 8.2673 -4.9040 -5.4255
SCALE 1 1 1
X -0.8906 -0.4434 0.1017
Y 0.4548 -0.8724 0.1793
Z 0.0092 0.2060 0.9785

PART 59
OFFSET 9.8353 -4.1234 -5.6046
SCALE 1 1 1
X -0.9221 -0.3767 0.0885
Y 0.3868 -0.8906 0.2392
Z -0.0113 0.2548 0.9669

PART 60
OFFSET 10.9556 -3.6499 -5.6535
SCALE 1 1 1
X -0.9648 -0.2630 -0.0104
Y 0.2543 -0.9417 0.2202
Z -0.0677 0.2098 0.9754

PART 61
OFFSET 12.0453 -3.3529 -5.6417
SCALE 1 1 1
X 0.0655 0.9947 0.0790
Y 0.9966 -0.0612 -0.0547
Z -0.0496 0.0823 -0.9954

PART 62
OFFSET 8.1741 -4.8858 -6.5262
SCALE 1 1 1
X -0.2359 -0.8969 0.3741
Y 0.9357 -0.3135 -0.1615
Z 0.2621 0.3119 0.9132

PART 63
OFFSET 8.6350 -3.1337 -7.2570
SCALE 1 1 1
X 0.9292 -0.3262 -0.1738
Y 0.2325 0.8815 -0.4110
Z 0.2873 0.3415 0.8949

PART 64
OFFSET 7.2778 -2.6572 -7.0031
SCALE 1 1 1
X 0.8530 0.3206 -0.4117
Y -0.4439 0.8606 -0.2497
Z 0.2743 0.3958 0.8764

PART 65
OFFSET 6.3094 -3.0226 -6.5431
SCALE 1 1 1
X -0.3881 -0.8208 0.4192
Y -0.8659 0.4805 0.1391
Z -0.3156 -0.3090 -0.8972

PART 66
OFFSET 0.0000 0.0000 0.0000
SCALE 1 1 1
X 1.0000 0.0000 0.0000
Y 0.0000 1.0000 0.0000
Z 0.0000 0.0000 1.0000

PART 67
OFFSET 0.0000 0.0000 0.0000
SCALE 1 1 1
X 1.0000 0.0000 0.0000
Y 0.0000 1.0000 0.0000
Z 0.0000 0.0000 1.0000

PART 68
OFFSET 1.5404 0.0000 4.1357
SCALE 1 1 1
X 1.0000 0.0000 0.0000
Y 0.0000 1.0000 0.0000
Z 0.0000 0.0000 1.0000

PART 69
OFFSET -4.6318 0.0000 -1.3770
SCALE 1 1 1
X 1.0000 0.0000 0.0000
Y 0.0000 1.0000 0.0000
Z 0.0000 0.0000 1.0000

PART 70
OFFSET 7.8428 -3.2920 -5.4017
SCALE 1 1 1
X 0.9808 0.1941 -0.0185
Y -0.1950 0.9739 -0.1162
Z -0.0046 0.1176 0.9930

PART 71
OFFSET 12.4425 -2.8170 -3.1952
SCALE 1 1 1
X 0.1571 -0.7303 0.6648
Y 0.9808 0.1941 -0.0185
Z -0.1156 0.6549 0.7468

PART 72
OFFSET 35.0094 2.3980 -3.4296
SCALE 1 1 1
X 0.9808 0.1941 -0.0185
Y -0.1950 0.9739 -0.1162
Z -0.0046 0.1176 0.9930

PART 73
OFFSET 12.0498 -2.3155 -4.2036
SCALE 1 1 1
X 0.9808 0.1941 -0.0185
Y -0.1950 0.9739 -0.1162
Z -0.0046 0.1176 0.9930

PART 74
OFFSET 6.5694 -3.2035 -2.5238
SCALE 1 1 1
X 0.9808 0.1941 -0.0185
Y -0.1950 0.9739 -0.1162
Z -0.0046 0.1176 0.9930

PART 75
OFFSET 9.6182 -2.5449 -2.1196
SCALE 1 1 1
X 0.9808 0.1941 -0.0185
Y -0.1950 0.9739 -0.1162
Z -0.0046 0.1176 0.9930

PART 76
OFFSET 9.6182 -2.5449 -2.1196
SCALE 1 1 1
X 0.9808 0.1941 -0.0185
Y -0.1950 0.9739 -0.1162
Z -0.0046 0.1176 0.9930

PART 77
OFFSET 9.6182 -2.5449 -2.1196
SCALE 1 1 1
X 0.9808 0.1941 -0.0185
Y -0.1950 0.9739 -0.1162
Z -0.0046 0.1176 0.9930


FRAME 413
PART 0
OFFSET 0.0000 0.0000 0.0000
SCALE 1 1 1
X 1.0000 0.0000 0.0000
Y 0.0000 1.0000 0.0000
Z 0.0000 0.0000 1.0000

PART 1
OFFSET -7.6807 -2.7496 1.5396
SCALE 1 1 1
X 1.0000 0.0000 0.0000
Y 0.0000 1.0000 0.0000
Z 0.0000 0.0000 1.0000

PART 2
OFFSET -3.2153 8.4498 -2.3361
SCALE 1 1 1
X 0.6393 -0.2300 -0.7337
Y -0.0581 -0.9659 0.2521
Z -0.7667 -0.1186 -0.6309

PART 3
OFFSET 4.5167 5.6688 -11.2100
SCALE 1 1 1
X 0.7664 -0.4345 0.4731
Y -0.4672 0.1283 0.8748
Z -0.4408 -0.8915 -0.1047

PART 4
OFFSET 11.0354 1.9732 -7.1861
SCALE 1 1 1
X 0.7664 -0.4345 0.4731
Y 0.2063 0.8640 0.4593
Z -0.6083 -0.2545 0.7518

PART 5
OFFSET 13.2441 2.8869 -6.9734
SCALE 1 1 1
X 0.7704 -0.4328 0.4681
Y 0.4453 0.8908 0.0908
Z -0.4563 0.1385 0.8790

PART 6
OFFSET 12.0774 0.7204 -7.8812
SCALE 1 1 1
X 0.7704 -0.4328 0.4681
Y 0.4453 0.8908 0.0908
Z -0.4563 0.1385 0.8790

PART 7
OFFSET 12.4833 2.6068 -4.8927
SCALE 1 1 1
X 0.7704 -0.4328 0.4681
Y 0.4453 0.8908 0.0908
Z -0.4563 0.1385 0.8790

PART 8
OFFSET 11.6928 1.2134 -5.1029
SCALE 1 1 1
X 0.7704 -0.4328 0.4681
Y 0.4453 0.8908 0.0908
Z -0.4563 0.1385 0.8790

PART 9
OFFSET 10.9794 0.1303 -5.7476
SCALE 1 1 1
X 0.7704 -0.4328 0.4681
Y 0.4453 0.8908 0.0908
Z -0.4563 0.1385 0.8790

PART 10
OFFSET 13.3850 0.6412 -5.7358
SCALE 1 1 1
X 0.9876 0.1228 0.0982
Y -0.1534 0.8893 0.4308
Z -0.0344 -0.4405 0.8971

PART 11
OFFSET 13.6671 1.3738 -4.9075
SCALE 1 1 1
X 0.8833 0.3553 0.3057
Y -0.3457 0.9343 -0.0871
Z -0.3166 -0.0288 0.9481

PART 12
OFFSET 15.5211 2.2322 -4.2038
SCALE 1 1 1
X 0.9874 0.0751 0.1391
Y -0.1024 0.9743 0.2008
Z -0.1205 -0.2125 0.9697

PART 13
OFFSET 17.1078 2.2716 -3.8825
SCALE 1 1 1
X 0.8820 0.3672 0.2953
Y -0.3974 0.9165 0.0471
Z -0.2533 -0.1589 0.9543

PART 14
OFFSET 18.0433 2.6770 -3.5187
SCALE 1 1 1
X 0.7319 0.5620 -0.3853
Y -0.1980 -0.3656 -0.9095
Z -0.6520 0.7419 -0.1563

PART 15
OFFSET 14.3780 -0.2962 -5.9327
SCALE 1 1 1
X 0.8217 -0.5033 0.2675
Y -0.4307 -0.2408 0.8698
Z -0.3733 -0.8299 -0.4146

PART 16
OFFSET 16.2257 -1.3357 -5.1646
SCALE 1 1 1
X -0.0717 -0.0114 0.9974
Y -0.8299 0.5554 -0.0533
Z -0.5533 -0.8315 -0.0493

PART 17
OFFSET 16.1242 -1.3519 -3.7526
SCALE 1 1 1
X -0.5960 0.3801 0.7073
Y -0.5981 0.3776 -0.7069
Z -0.5358 -0.8444 0.0023

PART 18
OFFSET 15.5957 -1.0148 -3.1255
SCALE 1 1 1
X -0.7438 0.4872 0.4577
Y -0.3506 0.2986 -0.8876
Z -0.5691 -0.8207 -0.0512

PART 19
OFFSET 14.8891 -0.5520 -2.6907
SCALE 1 1 1
X 0.8713 -0.4413 0.2146
Y 0.1420 -0.1918 -0.9711
Z 0.4698 0.8766 -0.1044

PART 20
OFFSET 14.4980 0.3834 -5.7501
SCALE 1 1 1
X 0.9443 -0.2564 0.2062
Y -0.3016 -0.4240 0.8540
Z -0.1316 -0.8686 -0.4777

PART 21
OFFSET 16.9360 -0.4019 -5.3047
SCALE 1 1 1
X 0.1435 -0.4186 0.8968
Y -0.8024 0.4812 0.3530
Z -0.5793 -0.7702 -0.2668

PART 22
OFFSET 17.1802 -1.1145 -3.7779
SCALE 1 1 1
X -0.7266 0.3390 0.5976
Y -0.3858 0.5184 -0.7632
Z -0.5685 -0.7851 -0.2459

PART 23
OFFSET 16.1732 -0.6446 -2.9497
SCALE 1 1 1
X -0.8215 0.5034 0.2678
Y -0.0854 0.3557 -0.9307
Z -0.5638 -0.7874 -0.2493

PART 24
OFFSET 15.2822 -0.0986 -2.6593
SCALE 1 1 1
X 0.6941 -0.6544 0.3000
Y 0.4252 0.0364 -0.9044
Z 0.5809 0.7553 0.3035

PART 25
OFFSET 16.1674 2.1956 -4.2683
SCALE 1 1 1
X 0.9493 -0.1790 0.2585
Y 0.3139 0.4916 -0.8123
Z 0.0183 0.8522 0.5228

PART 26
OFFSET 17.1302 1.9540 -5.3617
SCALE 1 1 1
X 0.9095 -0.4135 -0.0413
Y -0.1208 -0.3580 0.9259
Z -0.3977 -0.8371 -0.3756

PART 27
OFFSET 18.7316 1.2259 -5.4343
SCALE 1 1 1
X 0.2692 -0.5446 0.7943
Y -0.8785 0.1992 0.4343
Z -0.3947 -0.8147 -0.4248

PART 28
OFFSET 19.0829 0.6133 -4.4429
SCALE 1 1 1
X -0.5336 -0.1087 0.8387
Y -0.7490 0.5212 -0.4090
Z -0.3927 -0.8465 -0.3595

PART 29
OFFSET 18.4802 0.4905 -3.4955
SCALE 1 1 1
X 0.7394 -0.6732 -0.0049
Y 0.3327 0.3717 -0.8667
Z 0.5853 0.6392 0.4988

PART 30
OFFSET 17.1851 0.8971 -5.6786
SCALE 1 1 1
X 0.6096 -0.4986 0.6163
Y -0.6958 0.0359 0.7173
Z -0.3798 -0.8661 -0.3251

PART 31
OFFSET 18.3760 -0.0769 -4.4747
SCALE 1 1 1
X -0.6357 0.0049 0.7719
Y -0.6507 0.5346 -0.5393
Z -0.4153 -0.8451 -0.3366

PART 32
OFFSET 17.4475 -0.0697 -3.3472
SCALE 1 1 1
X -0.8293 0.1913 0.5251
Y -0.3547 0.5459 -0.7591
Z -0.4318 -0.8157 -0.3848

PART 33
OFFSET 16.5055 0.1408 -2.7547
SCALE 1 1 1
X 0.8900 -0.4432 0.1068
Y 0.2294 0.2330 -0.9450
Z 0.3940 0.8656 0.3090

PART 34
OFFSET 16.0927 -0.1765 -4.3347
SCALE 1 1 1
X -0.2073 -0.8749 -0.4376
Y 0.0344 0.4405 -0.8971
Z 0.9777 -0.2010 -0.0612

PART 35
OFFSET 8.0031 -3.6250 -5.5570
SCALE 1 1 1
X 0.9287 0.3688 -0.0381
Y -0.3676 0.9027 -0.2236
Z -0.0481 0.2217 0.9739

PART 36
OFFSET -13.3341 -6.7471 -6.3406
SCALE 1 1 1
X -0.8012 0.3948 0.4497
Y -0.2854 -0.9126 0.2928
Z 0.5259 0.1062 0.8439

PART 37
OFFSET -3.6442 -11.5216 -11.7787
SCALE 1 1 1
X -0.7420 -0.4695 -0.4786
Y 0.6701 -0.4952 -0.5530
Z 0.0226 -0.7310 0.6820

PART 38
OFFSET 2.6665 -7.5286 -7.7078
SCALE 1 1 1
X -0.7420 -0.4695 -0.4786
Y 0.5732 -0.0738 -0.8161
Z 0.3478 -0.8799 0.3239

PART 39
OFFSET 3.2788 -5.6132 -7.5313
SCALE 1 1 1
X -0.7460 -0.4645 -0.4772
Y -0.0301 0.7394 -0.6726
Z 0.6653 -0.4874 -0.5655

PART 40
OFFSET 2.9782 -5.5341 -6.3419
SCALE 1 1 1
X -0.7460 -0.4645 -0.4772
Y -0.0301 0.7394 -0.6726
Z 0.6653 -0.4874 -0.5655

PART 41
OFFSET 3.1774 -6.6253 -5.3741
SCALE 1 1 1
X -0.7460 -0.4645 -0.4772
Y -0.0301 0.7394 -0.6726
Z 0.6653 -0.4874 -0.5655

PART 42
OFFSET 4.9411 -6.0893 -6.2405
SCALE 1 1 1
X -0.9567 -0.2909 -0.0042
Y 0.0755 -0.2342 -0.9692
Z 0.2810 -0.9276 0.2461

PART 43
OFFSET 5.1832 -5.3515 -5.4043
SCALE 1 1 1
X -0.4686 -0.8825 -0.0400
Y 0.0201 0.0347 -0.9992
Z 0.8832 -0.4691 0.0015

PART 44
OFFSET 6.1434 -3.4245 -5.2182
SCALE 1 1 1
X -0.4720 -0.3177 0.8224
Y -0.3861 -0.7641 -0.5168
Z 0.7925 -0.5615 0.2380

PART 45
OFFSET 6.7936 -2.8944 -6.6033
SCALE 1 1 1
X 0.1778 0.4132 0.8931
Y -0.5424 -0.7161 0.4393
Z 0.8211 -0.5625 0.0968

PART 46
OFFSET 6.5730 -3.3034 -7.5810
SCALE 1 1 1
X -0.5080 0.5188 0.6876
Y -0.5641 0.4030 -0.7207
Z -0.6510 -0.7540 0.0880

PART 47
OFFSET 5.7747 -5.9065 -7.3245
SCALE 1 1 1
X -0.8316 -0.0997 0.5463
Y 0.3036 -0.9053 0.2970
Z 0.4650 0.4129 0.7832

PART 48
OFFSET 7.6738 -5.5113 -8.4743
SCALE 1 1 1
X -0.0455 -0.9619 0.2695
Y 0.8933 -0.1599 -0.4200
Z 0.4471 0.2216 0.8666

PART 49
OFFSET 7.7382 -4.1495 -8.8558
SCALE 1 1 1
X 0.8729 -0.3435 -0.3464
Y 0.2442 0.9224 -0.2994
Z 0.4223 0.1768 0.8890

PART 50
OFFSET 6.9642 -3.8449 -8.5487
SCALE 1 1 1
X 0.7153 0.4973 -0.4910
Y -0.5511 0.8334 0.0414
Z 0.4298 0.2410 0.8702

PART 51
OFFSET 6.2846 -4.3174 -8.0823
SCALE 1 1 1
X -0.2633 -0.9384 0.2237
Y -0.8220 0.3396 0.4571
Z -0.5050 -0.0635 -0.8608

PART 52
OFFSET 5.9742 -5.8163 -6.6450
SCALE 1 1 1
X -0.9435 -0.1725 0.2829
