// Export filename: `C:/Program Files/Activision/Call of Duty 4 - Modern Warfare/xanim_export/viewmodels/M16/m16_knife_melee_2.XANIM_EXPORT`
// Source filename: `C:/Program Files/Activision/Call of Duty 4 - Modern Warfare/bin/maya/animation_src/viewmodel/m16/viewmodel_m16_animation.mb`
// Export time: Mon Jan 07 16:17:04 2008

ANIMATION
VERSION 3

NUMPARTS 78
PART 0 "tag_ads"
PART 1 "tag_torso"
PART 2 "J_Shoulder_LE"
PART 3 "J_Elbow_LE"
PART 4 "J_WristTwist_LE"
PART 5 "J_Sleave_Reshape_Bottom_LE_1"
PART 6 "J_Sleave_Reshape_Bottom_LE_2"
PART 7 "J_Sleave_Reshape_Top_LE_1"
PART 8 "J_Sleave_Reshape_Top_LE_2"
PART 9 "J_Sleave_Reshape_Top_LE_3"
PART 10 "J_Wrist_LE"
PART 11 "J_Thumb_LE_0"
PART 12 "J_Thumb_LE_1"
PART 13 "J_Thumb_LE_2"
PART 14 "J_Thumb_LE_3"
PART 15 "J_PinkyPalm_LE"
PART 16 "J_Pinky_LE_0"
PART 17 "J_Pinky_LE_1"
PART 18 "J_Pinky_LE_2"
PART 19 "J_Pinky_LE_3"
PART 20 "J_RingPalm_LE"
PART 21 "J_Ring_LE_0"
PART 22 "J_Ring_LE_1"
PART 23 "J_Ring_LE_2"
PART 24 "J_Ring_LE_3"
PART 25 "J_Webbing_LE"
PART 26 "J_Index_LE_0"
PART 27 "J_Index_LE_1"
PART 28 "J_Index_LE_2"
PART 29 "J_Index_LE_3"
PART 30 "J_Mid_LE_0"
PART 31 "J_Mid_LE_1"
PART 32 "J_Mid_LE_2"
PART 33 "J_Mid_LE_3"
PART 34 "tag_knife_attach"
PART 35 "tag_weapon"
PART 36 "J_Shoulder_RI"
PART 37 "J_Elbow_RI"
PART 38 "J_WristTwist_RI"
PART 39 "J_Sleave_Reshape_Top_RI_3"
PART 40 "J_Sleave_Reshape_Top_RI_2"
PART 41 "J_Sleave_Reshape_Top_RI_1"
PART 42 "J_Wrist_RI"
PART 43 "J_Thumb_RI_0"
PART 44 "J_Thumb_RI_1"
PART 45 "J_Thumb_RI_2"
PART 46 "J_Thumb_RI_3"
PART 47 "J_PinkyPalm_RI"
PART 48 "J_Pinky_RI_0"
PART 49 "J_Pinky_RI_1"
PART 50 "J_Pinky_RI_2"
PART 51 "J_Pinky_RI_3"
PART 52 "J_RingPalm_RI"
PART 53 "J_Ring_RI_0"
PART 54 "J_Ring_RI_1"
PART 55 "J_Ring_RI_2"
PART 56 "J_Ring_RI_3"
PART 57 "J_Webbing_RI"
PART 58 "J_Index_RI_0"
PART 59 "J_Index_RI_1"
PART 60 "J_Index_RI_2"
PART 61 "J_Index_RI_3"
PART 62 "J_Mid_RI_0"
PART 63 "J_Mid_RI_1"
PART 64 "J_Mid_RI_2"
PART 65 "J_Mid_RI_3"
PART 66 "tag_cambone"
PART 67 "tag_camera"
PART 68 "tag_gasmask"
PART 69 "tag_gasmask2"
PART 70 "J_Gun"
PART 71 "TAG_BRASS"
PART 72 "TAG_FLASH"
PART 73 "TAG_CLIP"
PART 74 "J_Clip_Release"
PART 75 "TAG_REFLEX_SIGHT"
PART 76 "TAG_ACOG"
PART 77 "TAG_IRON_SIGHT"

FRAMERATE 30
NUMFRAMES 36

FRAME 932
PART 0
OFFSET 0.0000 0.0000 0.0000
SCALE 1 1 1
X 1.0000 0.0000 0.0000
Y 0.0000 1.0000 0.0000
Z 0.0000 0.0000 1.0000

PART 1
OFFSET -7.5508 -2.9683 1.4846
SCALE 1 1 1
X 1.0000 0.0000 0.0000
Y 0.0000 1.0000 0.0000
Z 0.0000 0.0000 1.0000

PART 2
OFFSET -0.8945 3.7100 -7.3745
SCALE 1 1 1
X 0.3465 -0.7862 -0.5117
Y -0.8426 -0.0211 -0.5382
Z 0.4123 0.6176 -0.6697

PART 3
OFFSET 3.2964 -5.7982 -13.5626
SCALE 1 1 1
X -0.5635 -0.8241 0.0566
Y -0.6461 0.4825 0.5914
Z -0.5147 0.2967 -0.8044

PART 4
OFFSET -1.4969 -12.8079 -13.0808
SCALE 1 1 1
X -0.5635 -0.8241 0.0566
Y -0.8051 0.5326 -0.2611
Z 0.1850 -0.1927 -0.9637

PART 5
OFFSET -1.1079 -14.7517 -12.4078
SCALE 1 1 1
X -0.5583 -0.8278 0.0553
Y 0.5255 -0.3012 0.7957
Z -0.6420 0.4733 0.6032

PART 6
OFFSET -1.3958 -14.2025 -14.5014
SCALE 1 1 1
X -0.5583 -0.8278 0.0553
Y 0.5255 -0.3012 0.7957
Z -0.6420 0.4733 0.6032

PART 7
OFFSET -2.6665 -13.8315 -11.7397
SCALE 1 1 1
X -0.5583 -0.8278 0.0553
Y 0.5255 -0.3012 0.7957
Z -0.6420 0.4733 0.6032

PART 8
OFFSET -3.9065 -13.3564 -12.8847
SCALE 1 1 1
X -0.5583 -0.8278 0.0553
Y 0.5255 -0.3012 0.7957
Z -0.6420 0.4733 0.6032

PART 9
OFFSET -4.2204 -12.7153 -13.4058
SCALE 1 1 1
X -0.5583 -0.8278 0.0553
Y 0.5255 -0.3012 0.7957
Z -0.6420 0.4733 0.6032

PART 10
OFFSET -3.2245 -15.3344 -12.9072
SCALE 1 1 1
X -0.1380 -0.9200 -0.3669
Y -0.8729 0.2880 -0.3938
Z 0.4680 0.2659 -0.8428

PART 11
OFFSET -3.9368 -15.3611 -13.7983
SCALE 1 1 1
X -0.2057 -0.2756 -0.9390
Y -0.8634 0.5029 0.0415
Z 0.4607 0.8192 -0.3414

PART 12
OFFSET -4.4412 -15.8601 -15.8395
SCALE 1 1 1
X 0.4862 -0.7701 -0.4131
Y -0.6068 0.0427 -0.7937
Z 0.6288 0.6365 -0.4465

PART 13
OFFSET -3.5497 -17.0346 -16.5089
SCALE 1 1 1
X 0.8444 -0.3685 0.3889
Y 0.1232 -0.5729 -0.8103
Z 0.5214 0.7321 -0.4383

PART 14
OFFSET -2.6107 -17.4093 -16.1223
SCALE 1 1 1
X 0.3138 -0.8604 0.4016
Y -0.9205 -0.1719 0.3509
Z -0.2329 -0.4798 -0.8459

PART 15
OFFSET -2.3121 -16.3676 -12.9663
SCALE 1 1 1
X 0.2769 -0.9273 -0.2517
Y 0.2234 0.3169 -0.9218
Z 0.9346 0.1991 0.2949

PART 16
OFFSET -1.7986 -18.4413 -13.6878
SCALE 1 1 1
X 0.1955 -0.2118 -0.9576
Y 0.0470 0.9773 -0.2065
Z 0.9796 -0.0047 0.2011

PART 17
OFFSET -1.5217 -18.7411 -15.0435
SCALE 1 1 1
X 0.0836 0.9545 -0.2863
Y -0.1392 0.2957 0.9451
Z 0.9867 -0.0392 0.1576

PART 18
OFFSET -1.4475 -17.8949 -15.2973
SCALE 1 1 1
X -0.0644 0.9158 0.3965
Y -0.2152 -0.4007 0.8906
Z 0.9745 -0.0280 0.2228

PART 19
OFFSET -1.5087 -17.0248 -14.9207
SCALE 1 1 1
X 0.0434 -0.4449 -0.8945
Y 0.0021 -0.8953 0.4454
Z -0.9991 -0.0212 -0.0379

PART 20
OFFSET -2.9879 -16.4156 -13.1911
SCALE 1 1 1
X 0.1122 -0.9505 -0.2899
Y 0.5033 0.3059 -0.8082
Z 0.8568 -0.0552 0.5126

PART 21
OFFSET -2.5805 -18.8973 -13.8495
SCALE 1 1 1
X 0.2707 -0.1615 -0.9490
Y 0.1113 0.9845 -0.1358
Z 0.9562 -0.0688 0.2845

PART 22
OFFSET -2.1196 -19.1724 -15.4652
SCALE 1 1 1
X 0.1283 0.9772 -0.1689
Y -0.2406 0.1959 0.9506
Z 0.9621 -0.0814 0.2603

PART 23
OFFSET -1.9417 -17.8180 -15.6993
SCALE 1 1 1
X -0.1010 0.7698 0.6303
Y -0.2561 -0.6323 0.7312
Z 0.9614 -0.0876 0.2610

PART 24
OFFSET -2.0512 -16.9831 -15.0158
SCALE 1 1 1
X 0.2763 -0.2738 -0.9212
Y -0.1930 -0.9548 0.2260
Z -0.9415 0.1154 -0.3167

PART 25
OFFSET -4.7852 -17.5705 -15.1152
SCALE 1 1 1
X 0.1691 -0.8474 -0.5034
Y -0.5216 -0.5103 0.6838
Z -0.8363 0.1470 -0.5283

PART 26
OFFSET -4.5946 -18.8007 -14.3206
SCALE 1 1 1
X 0.3676 -0.0022 -0.9300
Y 0.2779 0.9546 0.1076
Z 0.8875 -0.2980 0.3515

PART 27
OFFSET -3.9474 -18.8045 -15.9580
SCALE 1 1 1
X 0.4376 0.8725 -0.2172
Y -0.2291 0.3417 0.9114
Z 0.8695 -0.3491 0.3494

PART 28
OFFSET -3.4682 -17.7225 -16.2432
SCALE 1 1 1
X -0.0186 0.7584 0.6515
Y -0.4495 -0.5884 0.6721
Z 0.8931 -0.2804 0.3518

PART 29
OFFSET -3.4892 -16.8659 -15.5073
SCALE 1 1 1
X 0.6630 0.2054 -0.7199
Y -0.2363 -0.8550 -0.4617
Z -0.7103 0.4762 -0.5183

PART 30
OFFSET -3.5490 -18.9674 -14.0055
SCALE 1 1 1
X 0.2629 -0.0153 -0.9647
Y 0.2648 0.9626 0.0569
Z 0.9278 -0.2704 0.2571

PART 31
OFFSET -3.0355 -18.9972 -15.8901
SCALE 1 1 1
X 0.2828 0.9571 -0.0622
Y -0.2673 0.1410 0.9532
Z 0.9212 -0.2530 0.2957

PART 32
OFFSET -2.6223 -17.5992 -15.9810
SCALE 1 1 1
X -0.0910 0.6571 0.7483
Y -0.4304 -0.7036 0.5655
Z 0.8980 -0.2706 0.3468

PART 33
OFFSET -2.7188 -16.8564 -15.1314
SCALE 1 1 1
X 0.2873 -0.0372 -0.9571
Y -0.2031 -0.9789 -0.0229
Z -0.9361 0.2010 -0.2888

PART 34
OFFSET -2.4152 -17.5786 -14.9740
SCALE 1 1 1
X 0.8650 0.0574 0.4984
Y -0.4680 -0.2659 0.8428
Z 0.1809 -0.9623 -0.2032

PART 35
OFFSET -0.8790 -11.6841 -19.5434
SCALE 1 1 1
X 0.4425 -0.1304 -0.8872
Y 0.4924 0.8622 0.1188
Z 0.7495 -0.4894 0.4457

PART 36
OFFSET -13.2043 -6.9658 -6.3956
SCALE 1 1 1
X 0.1358 0.6371 0.7587
Y -0.2390 -0.7221 0.6492
Z 0.9615 -0.2695 0.0542

PART 37
OFFSET -14.8471 -14.6710 -15.5713
SCALE 1 1 1
X -0.9554 -0.2747 0.1083
Y 0.0789 -0.5908 -0.8030
Z 0.2845 -0.7586 0.5861

PART 38
OFFSET -6.7208 -12.3347 -16.4920
SCALE 1 1 1
X -0.9554 -0.2747 0.1083
Y -0.1290 0.0585 -0.9899
Z 0.2656 -0.9598 -0.0913

PART 39
OFFSET -5.7839 -10.5567 -16.9938
SCALE 1 1 1
X -0.9567 -0.2691 0.1114
Y -0.2829 0.7678 -0.5748
Z 0.0691 -0.5814 -0.8107

PART 40
OFFSET -5.2580 -10.5487 -15.8692
SCALE 1 1 1
X -0.9567 -0.2691 0.1114
Y -0.2829 0.7678 -0.5748
Z 0.0691 -0.5814 -0.8107

PART 41
OFFSET -4.6841 -11.8609 -15.0405
SCALE 1 1 1
X -0.9567 -0.2691 0.1114
Y -0.2829 0.7678 -0.5748
Z 0.0691 -0.5814 -0.8107

PART 42
OFFSET -3.7918 -11.4926 -16.8239
SCALE 1 1 1
X -0.4132 0.2185 0.8840
Y -0.7511 0.4672 -0.4665
Z -0.5149 -0.8567 -0.0289

PART 43
OFFSET -2.6697 -11.6900 -16.7595
SCALE 1 1 1
X -0.7979 -0.3278 0.5059
Y -0.5718 0.6772 -0.4630
Z -0.1909 -0.6587 -0.7278

PART 44
OFFSET -0.8802 -11.0136 -17.7646
SCALE 1 1 1
X 0.1586 -0.5483 0.8211
Y -0.9778 0.0284 0.2078
Z -0.1373 -0.8358 -0.5316

PART 45
OFFSET -1.1792 -10.0332 -19.0182
SCALE 1 1 1
X 0.8928 -0.4103 0.1860
Y -0.3944 -0.5123 0.7629
Z -0.2177 -0.7545 -0.6192

PART 46
OFFSET -2.1280 -9.5463 -19.2040
SCALE 1 1 1
X 0.7176 0.0762 0.6922
Y -0.2322 0.9633 0.1346
Z -0.6566 -0.2573 0.7090

PART 47
OFFSET -4.1424 -11.0042 -18.0657
SCALE 1 1 1
X 0.0911 -0.0802 0.9926
Y -0.4626 -0.8861 -0.0292
Z 0.8819 -0.4565 -0.1178

PART 48
OFFSET -4.1618 -10.7817 -20.3095
SCALE 1 1 1
X -0.5907 -0.7583 0.2759
Y -0.2038 -0.1906 -0.9603
Z 0.7808 -0.6234 -0.0420

PART 49
OFFSET -3.3255 -9.7082 -20.7001
SCALE 1 1 1
X -0.3054 -0.3453 -0.8874
Y 0.5806 0.6712 -0.4610
Z 0.7548 -0.6560 -0.0045

PART 50
OFFSET -3.0547 -9.4021 -19.9133
SCALE 1 1 1
X 0.2274 0.3389 -0.9129
Y 0.5630 0.7191 0.4072
Z 0.7945 -0.6066 -0.0273

PART 51
OFFSET -3.2708 -9.7240 -19.0460
SCALE 1 1 1
X -0.6423 -0.6229 0.4465
Y 0.3791 0.2482 0.8915
Z -0.6661 0.7419 0.0768

PART 52
OFFSET -3.6242 -11.4824 -17.9541
SCALE 1 1 1
X -0.1458 0.0959 0.9847
Y -0.4794 -0.8775 0.0144
Z 0.8654 -0.4699 0.1739

PART 53
OFFSET -3.3848 -11.6807 -20.5352
SCALE 1 1 1
X -0.4207 -0.8246 0.3781
Y -0.2014 -0.3215 -0.9252
Z 0.8846 -0.4654 -0.0308

PART 54
OFFSET -2.6686 -10.2768 -21.1789
SCALE 1 1 1
X -0.2014 -0.3391 -0.9189
Y 0.4408 0.8064 -0.3942
Z 0.8747 -0.4844 -0.0129

PART 55
OFFSET -2.3895 -9.8067 -19.9054
SCALE 1 1 1
X 0.1137 0.2204 -0.9688
Y 0.4691 0.8476 0.2479
Z 0.8758 -0.4826 -0.0070

PART 56
OFFSET -2.5127 -10.0457 -18.8547
SCALE 1 1 1
X -0.3180 -0.6885 0.6518
Y 0.2811 0.5881 0.7584
Z -0.9055 0.4244 0.0065

PART 57
OFFSET -5.1522 -11.4373 -12.7655
SCALE 1 1 1
X -0.3867 -0.1230 0.9140
Y 0.3429 0.9008 0.2663
Z -0.8561 0.4164 -0.3062

PART 58
OFFSET -1.8068 -13.0149 -19.9275
SCALE 1 1 1
X -0.5150 -0.0982 0.8515
Y -0.3179 -0.9007 -0.2962
Z 0.7961 -0.4232 0.4326

PART 59
OFFSET -0.9000 -12.8420 -21.4268
SCALE 1 1 1
X -0.4951 -0.0482 0.8675
Y -0.3026 -0.9264 -0.2242
Z 0.8144 -0.3735 0.4441

PART 60
OFFSET -0.2486 -12.8061 -22.4544
SCALE 1 1 1
X -0.4995 0.1098 0.8593
Y -0.3939 -0.9122 -0.1124
Z 0.7716 -0.3946 0.4989

PART 61
OFFSET 0.3156 -12.9301 -23.4250
SCALE 1 1 1
X 0.7352 0.6768 -0.0380
Y 0.2509 -0.3238 -0.9123
Z -0.6297 0.6612 -0.4079

PART 62
OFFSET -2.5733 -12.3311 -20.3341
SCALE 1 1 1
X -0.4112 -0.8279 0.3815
Y -0.0015 -0.4179 -0.9085
Z 0.9116 -0.3741 0.1706

PART 63
OFFSET -1.7700 -10.7138 -21.0794
SCALE 1 1 1
X -0.0203 -0.4184 -0.9080
Y 0.3749 0.8388 -0.3948
Z 0.9269 -0.3484 0.1398

PART 64
OFFSET -1.7404 -10.1027 -19.7531
SCALE 1 1 1
X 0.2154 0.2324 -0.9485
Y 0.2444 0.9275 0.2828
Z 0.9454 -0.2927 0.1430

PART 65
OFFSET -1.9909 -10.3632 -18.6797
SCALE 1 1 1
X -0.3817 -0.7519 0.5375
Y 0.1187 0.5368 0.8353
Z -0.9166 0.3827 -0.1156

PART 66
OFFSET 0.0000 0.0000 0.0000
SCALE 1 1 1
X 1.0000 0.0000 0.0000
Y 0.0000 1.0000 0.0000
Z 0.0000 0.0000 1.0000

PART 67
OFFSET 0.0000 0.0000 0.0000
SCALE 1 1 1
X 1.0000 0.0000 0.0000
Y 0.0000 1.0000 0.0000
Z 0.0000 0.0000 1.0000

PART 68
OFFSET 1.5404 0.0000 4.1357
SCALE 1 1 1
X 1.0000 0.0000 0.0000
Y 0.0000 1.0000 0.0000
Z 0.0000 0.0000 1.0000

PART 69
OFFSET -4.6318 0.0000 -1.3770
SCALE 1 1 1
X 1.0000 0.0000 0.0000
Y 0.0000 1.0000 0.0000
Z 0.0000 0.0000 1.0000

PART 70
OFFSET -0.8790 -11.6841 -19.5434
SCALE 1 1 1
X 0.4425 -0.1304 -0.8872
Y 0.4924 0.8622 0.1188
Z 0.7495 -0.4894 0.4457

PART 71
OFFSET 2.4683 -13.9641 -22.6815
SCALE 1 1 1
X 0.0266 -0.9870 0.1583
Y 0.4425 -0.1304 -0.8872
Z 0.8964 0.0936 0.4333

PART 72
OFFSET 13.2677 -16.5103 -43.0140
SCALE 1 1 1
X 0.4425 -0.1304 -0.8872
Y 0.4924 0.8622 0.1188
Z 0.7495 -0.4894 0.4457

PART 73
OFFSET 1.9801 -12.8805 -22.7809
SCALE 1 1 1
X 0.4425 -0.1304 -0.8872
Y 0.4924 0.8622 0.1188
Z 0.7495 -0.4894 0.4457

PART 74
OFFSET 0.7065 -12.9232 -17.1222
SCALE 1 1 1
X 0.4425 -0.1304 -0.8872
Y 0.4924 0.8622 0.1188
Z 0.7495 -0.4894 0.4457

PART 75
OFFSET 2.4314 -13.5565 -19.6749
SCALE 1 1 1
X 0.4425 -0.1304 -0.8872
Y 0.4924 0.8622 0.1188
Z 0.7495 -0.4894 0.4457

PART 76
OFFSET 2.4314 -13.5565 -19.6749
SCALE 1 1 1
X 0.4425 -0.1304 -0.8872
Y 0.4924 0.8622 0.1188
Z 0.7495 -0.4894 0.4457

PART 77
OFFSET 2.4314 -13.5565 -19.6749
SCALE 1 1 1
X 0.4425 -0.1304 -0.8872
Y 0.4924 0.8622 0.1188
Z 0.7495 -0.4894 0.4457


FRAME 933
PART 0
OFFSET 0.0000 0.0000 0.0000
SCALE 1 1 1
X 1.0000 0.0000 0.0000
Y 0.0000 1.0000 0.0000
Z 0.0000 0.0000 1.0000

PART 1
OFFSET -7.5508 -2.9683 1.4846
SCALE 1 1 1
X 1.0000 0.0000 0.0000
Y 0.0000 1.0000 0.0000
Z 0.0000 0.0000 1.0000

PART 2
OFFSET -0.1468 3.7941 -7.8545
SCALE 1 1 1
X 0.3577 -0.8171 -0.4521
Y -0.8119 -0.0329 -0.5829
Z 0.4614 0.5755 -0.6752

PART 3
OFFSET 4.1792 -6.0880 -13.3219
SCALE 1 1 1
X -0.5468 -0.8364 0.0375
Y -0.6973 0.4798 0.5325
Z -0.4633 0.2650 -0.8456

PART 4
OFFSET -0.4720 -13.2019 -13.0029
SCALE 1 1 1
X -0.5468 -0.8364 0.0375
Y -0.8064 0.5142 -0.2921
Z 0.2250 -0.1900 -0.9557

PART 5
OFFSET -0.0881 -15.1184 -12.2838
SCALE 1 1 1
X -0.5414 -0.8400 0.0366
Y 0.4749 -0.2695 0.8378
Z -0.6938 0.4710 0.5448

PART 6
OFFSET -0.2515 -14.6173 -14.3701
SCALE 1 1 1
X -0.5414 -0.8400 0.0366
Y 0.4749 -0.2695 0.8378
Z -0.6938 0.4710 0.5448

PART 7
OFFSET -1.7363 -14.2269 -11.7082
SCALE 1 1 1
X -0.5414 -0.8400 0.0366
Y 0.4749 -0.2695 0.8378
Z -0.6938 0.4710 0.5448

PART 8
OFFSET -2.8824 -13.8007 -12.9436
SCALE 1 1 1
X -0.5414 -0.8400 0.0366
Y 0.4749 -0.2695 0.8378
Z -0.6938 0.4710 0.5448

PART 9
OFFSET -3.1227 -13.2135 -13.5152
SCALE 1 1 1
X -0.5414 -0.8400 0.0366
Y 0.4749 -0.2695 0.8378
Z -0.6938 0.4710 0.5448

PART 10
OFFSET -2.1484 -15.7660 -12.8879
SCALE 1 1 1
X -0.2011 -0.9219 -0.3310
Y -0.8651 0.3257 -0.3814
Z 0.4595 0.2097 -0.8631

PART 11
OFFSET -2.8851 -15.7803 -13.7593
SCALE 1 1 1
X -0.2468 -0.2942 -0.9233
Y -0.8313 0.5540 0.0457
Z 0.4981 0.7788 -0.3813

PART 12
OFFSET -3.4730 -16.3165 -15.7685
SCALE 1 1 1
X 0.4292 -0.8107 -0.3981
Y -0.6247 0.0519 -0.7792
Z 0.6523 0.5831 -0.4842

PART 13
OFFSET -2.6697 -17.5631 -16.4189
SCALE 1 1 1
X 0.8318 -0.4045 0.3801
Y 0.0676 -0.6058 -0.7927
Z 0.5509 0.6851 -0.4766

PART 14
OFFSET -1.7438 -17.9794 -16.0432
SCALE 1 1 1
X 0.2741 -0.8635 0.4233
Y -0.9190 -0.1056 0.3798
Z -0.2833 -0.4932 -0.8225

PART 15
OFFSET -1.2995 -16.8525 -12.9341
SCALE 1 1 1
X 0.2157 -0.9499 -0.2261
Y 0.2162 0.2723 -0.9376
Z 0.9522 0.1534 0.2641

PART 16
OFFSET -0.9270 -18.9758 -13.5955
SCALE 1 1 1
X 0.1568 -0.2547 -0.9542
Y 0.0980 0.9654 -0.2416
Z 0.9828 -0.0557 0.1763

PART 17
OFFSET -0.7050 -19.3364 -14.9465
SCALE 1 1 1
X 0.1311 0.9378 -0.3214
Y -0.0960 0.3347 0.9374
Z 0.9867 -0.0920 0.1339

PART 18
OFFSET -0.5888 -18.5049 -15.2315
SCALE 1 1 1
X -0.0003 0.9307 0.3658
Y -0.2137 -0.3574 0.9092
Z 0.9769 -0.0779 0.1990

PART 19
OFFSET -0.5891 -17.6207 -14.8840
SCALE 1 1 1
X -0.0069 -0.4762 -0.8793
Y -0.0377 -0.8786 0.4761
Z -0.9993 0.0365 -0.0119

PART 20
OFFSET -1.9828 -16.8681 -13.1398
SCALE 1 1 1
X 0.0489 -0.9645 -0.2594
Y 0.4980 0.2486 -0.8308
Z 0.8658 -0.0885 0.4925

PART 21
OFFSET -1.7382 -19.3901 -13.7215
SCALE 1 1 1
X 0.2350 -0.2087 -0.9493
Y 0.1645 0.9711 -0.1728
Z 0.9580 -0.1155 0.2625

PART 22
OFFSET -1.3382 -19.7454 -15.3377
SCALE 1 1 1
X 0.1802 0.9618 -0.2061
Y -0.2029 0.2413 0.9490
Z 0.9625 -0.1292 0.2386

PART 23
OFFSET -1.0884 -18.4125 -15.6233
SCALE 1 1 1
X -0.0389 0.7950 0.6054
Y -0.2723 -0.5914 0.7590
Z 0.9614 -0.1353 0.2395

PART 24
OFFSET -1.1306 -17.5503 -14.9667
SCALE 1 1 1
X 0.2347 -0.3202 -0.9178
Y -0.2419 -0.9337 0.2639
Z -0.9415 0.1600 -0.2966

PART 25
OFFSET -3.8958 -17.9785 -14.9767
SCALE 1 1 1
X 0.1058 -0.8721 -0.4777
Y -0.5315 -0.4556 0.7141
Z -0.8404 0.1783 -0.5118

PART 26
OFFSET -3.7554 -19.1906 -14.1447
SCALE 1 1 1
X 0.3414 -0.0548 -0.9383
Y 0.3357 0.9396 0.0673
Z 0.8779 -0.3379 0.3392

PART 27
OFFSET -3.1543 -19.2871 -15.7968
SCALE 1 1 1
X 0.4815 0.8375 -0.2584
Y -0.1840 0.3848 0.9045
Z 0.8569 -0.3879 0.3393

PART 28
OFFSET -2.6211 -18.2454 -16.1315
SCALE 1 1 1
X 0.0432 0.7794 0.6250
Y -0.4644 -0.5382 0.7033
Z 0.8845 -0.3207 0.3387

PART 29
OFFSET -2.5722 -17.3650 -15.4256
SCALE 1 1 1
X 0.6540 0.1419 -0.7431
Y -0.2980 -0.8545 -0.4255
Z -0.6953 0.4997 -0.5165

PART 30
OFFSET -2.7130 -19.4080 -13.8504
SCALE 1 1 1
X 0.2352 -0.0629 -0.9699
Y 0.3217 0.9467 0.0166
Z 0.9172 -0.3159 0.2429

PART 31
OFFSET -2.2536 -19.5309 -15.7452
SCALE 1 1 1
X 0.3361 0.9362 -0.1026
Y -0.2327 0.1882 0.9542
Z 0.9126 -0.2968 0.2811

PART 32
OFFSET -1.7626 -18.1634 -15.8951
SCALE 1 1 1
X -0.0323 0.6859 0.7270
Y -0.4550 -0.6577 0.6003
Z 0.8899 -0.3113 0.3333

PART 33
OFFSET -1.7926 -17.3883 -15.0698
SCALE 1 1 1
X 0.2585 -0.0859 -0.9622
Y -0.2601 -0.9654 0.0163
Z -0.9303 0.2460 -0.2719

PART 34
OFFSET -1.5273 -18.1216 -14.8951
SCALE 1 1 1
X 0.8802 0.0229 0.4741
Y -0.4595 -0.2097 0.8631
Z 0.1192 -0.9775 -0.1740

PART 35
OFFSET -0.8790 -11.6841 -19.5434
SCALE 1 1 1
X 0.4425 -0.1304 -0.8872
Y 0.4924 0.8622 0.1188
Z 0.7495 -0.4894 0.4457

PART 36
OFFSET -13.2043 -6.9658 -6.3956
SCALE 1 1 1
X 0.1161 0.6833 0.7208
Y -0.1807 -0.6991 0.6918
Z 0.9767 -0.2106 0.0423

PART 37
OFFSET -14.6084 -15.2296 -15.1134
SCALE 1 1 1
X -0.9348 -0.3230 0.1478
Y 0.0944 -0.6271 -0.7732
Z 0.3424 -0.7088 0.6167

PART 38
OFFSET -6.6576 -12.4827 -16.3707
SCALE 1 1 1
X -0.9348 -0.3230 0.1478
Y -0.1890 0.0999 -0.9769
Z 0.3007 -0.9411 -0.1544

PART 39
OFFSET -5.8574 -10.6595 -17.0538
SCALE 1 1 1
X -0.9363 -0.3173 0.1507
Y -0.3411 0.7186 -0.6060
Z 0.0839 -0.6188 -0.7811

PART 40
OFFSET -5.2953 -10.5924 -15.9413
SCALE 1 1 1
X -0.9363 -0.3173 0.1507
Y -0.3411 0.7186 -0.6060
Z 0.0839 -0.6188 -0.7811

PART 41
OFFSET -4.5881 -11.9085 -15.0060
SCALE 1 1 1
X -0.9363 -0.3173 0.1507
Y -0.3411 0.7186 -0.6060
Z 0.0839 -0.6188 -0.7811

PART 42
OFFSET -3.7918 -11.4926 -16.8239
SCALE 1 1 1
X -0.4132 0.2185 0.8840
Y -0.7511 0.4672 -0.4665
Z -0.5149 -0.8567 -0.0289

PART 43
OFFSET -2.6697 -11.6900 -16.7595
SCALE 1 1 1
X -0.7979 -0.3278 0.5059
Y -0.5718 0.6772 -0.4630
Z -0.1909 -0.6587 -0.7278

PART 44
OFFSET -0.8802 -11.0136 -17.7646
SCALE 1 1 1
X 0.1586 -0.5483 0.8211
Y -0.9778 0.0284 0.2078
Z -0.1373 -0.8358 -0.5316

PART 45
OFFSET -1.1792 -10.0332 -19.0182
SCALE 1 1 1
X 0.8928 -0.4103 0.1860
Y -0.3944 -0.5123 0.7629
Z -0.2177 -0.7545 -0.6192

PART 46
OFFSET -2.1280 -9.5463 -19.2040
SCALE 1 1 1
X 0.7176 0.0762 0.6922
Y -0.2322 0.9633 0.1346
Z -0.6566 -0.2573 0.7090

PART 47
OFFSET -4.1424 -11.0042 -18.0657
SCALE 1 1 1
X 0.0911 -0.0802 0.9926
Y -0.4626 -0.8861 -0.0292
Z 0.8819 -0.4565 -0.1178

PART 48
OFFSET -4.1618 -10.7817 -20.3095
SCALE 1 1 1
X -0.5907 -0.7583 0.2759
Y -0.2038 -0.1906 -0.9603
Z 0.7808 -0.6234 -0.0420

PART 49
OFFSET -3.3255 -9.7082 -20.7001
SCALE 1 1 1
X -0.3054 -0.3453 -0.8874
Y 0.5806 0.6712 -0.4610
Z 0.7548 -0.6560 -0.0045

PART 50
OFFSET -3.0547 -9.4021 -19.9133
SCALE 1 1 1
X 0.2274 0.3389 -0.9129
Y 0.5630 0.7191 0.4072
Z 0.7945 -0.6066 -0.0273

PART 51
OFFSET -3.2708 -9.7240 -19.0460
SCALE 1 1 1
X -0.6423 -0.6229 0.4465
Y 0.3791 0.2482 0.8915
Z -0.6661 0.7419 0.0768

PART 52
OFFSET -3.6242 -11.4824 -17.9541
SCALE 1 1 1
X -0.1458 0.0959 0.9847
Y -0.4794 -0.8775 0.0144
Z 0.8654 -0.4699 0.1739

PART 53
OFFSET -3.3848 -11.6807 -20.5352
SCALE 1 1 1
X -0.4207 -0.8246 0.3781
Y -0.2014 -0.3215 -0.9252
Z 0.8846 -0.4654 -0.0308

PART 54
OFFSET -2.6686 -10.2768 -21.1789
SCALE 1 1 1
X -0.2014 -0.3391 -0.9189
Y 0.4408 0.8064 -0.3942
Z 0.8747 -0.4844 -0.0129

PART 55
OFFSET -2.3895 -9.8067 -19.9054
SCALE 1 1 1
X 0.1137 0.2204 -0.9688
Y 0.4691 0.8476 0.2479
Z 0.8758 -0.4826 -0.0070

PART 56
OFFSET -2.5127 -10.0457 -18.8547
SCALE 1 1 1
X -0.3180 -0.6885 0.6518
Y 0.2811 0.5881 0.7584
Z -0.9055 0.4244 0.0065

PART 57
OFFSET -5.1522 -11.4373 -12.7655
SCALE 1 1 1
X -0.3867 -0.1230 0.9140
Y 0.3429 0.9008 0.2663
Z -0.8561 0.4164 -0.3062

PART 58
OFFSET -1.8068 -13.0149 -19.9275
SCALE 1 1 1
X -0.5150 -0.0982 0.8515
Y -0.3179 -0.9007 -0.2962
Z 0.7961 -0.4232 0.4326

PART 59
OFFSET -0.9000 -12.8420 -21.4268
SCALE 1 1 1
X -0.4951 -0.0482 0.8675
Y -0.3026 -0.9264 -0.2242
Z 0.8144 -0.3735 0.4441

PART 60
OFFSET -0.2486 -12.8061 -22.4544
SCALE 1 1 1
X -0.4995 0.1098 0.8593
Y -0.3939 -0.9122 -0.1124
Z 0.7716 -0.3946 0.4989

PART 61
OFFSET 0.3156 -12.9301 -23.4250
SCALE 1 1 1
X 0.7352 0.6768 -0.0380
Y 0.2509 -0.3238 -0.9123
Z -0.6297 0.6612 -0.4079

PART 62
OFFSET -2.5733 -12.3311 -20.3341
SCALE 1 1 1
X -0.4112 -0.8279 0.3815
Y -0.0015 -0.4179 -0.9085
Z 0.9116 -0.3741 0.1706

PART 63
OFFSET -1.7700 -10.7138 -21.0794
SCALE 1 1 1
X -0.0203 -0.4184 -0.9080
Y 0.3749 0.8388 -0.3948
Z 0.9269 -0.3484 0.1398

PART 64
OFFSET -1.7404 -10.1027 -19.7531
SCALE 1 1 1
X 0.2154 0.2324 -0.9485
Y 0.2444 0.9275 0.2828
Z 0.9454 -0.2927 0.1430

PART 65
OFFSET -1.9909 -10.3632 -18.6797
SCALE 1 1 1
X -0.3817 -0.7519 0.5375
Y 0.1187 0.5368 0.8353
Z -0.9166 0.3827 -0.1156

PART 66
OFFSET 0.0000 0.0000 0.0000
SCALE 1 1 1
X 1.0000 0.0000 0.0000
Y 0.0000 1.0000 0.0000
Z 0.0000 0.0000 1.0000

PART 67
OFFSET 0.0000 -0.8593 -0.4484
SCALE 1 1 1
X 0.9918 -0.1257 -0.0226
Y 0.1271 0.9884 0.0830
Z 0.0119 -0.0852 0.9963

PART 68
OFFSET 1.5771 -1.4052 3.6371
SCALE 1 1 1
X 0.9918 -0.1257 -0.0226
Y 0.1271 0.9884 0.0830
Z 0.0119 -0.0852 0.9963

PART 69
OFFSET -4.6103 -0.1599 -1.7156
SCALE 1 1 1
X 0.9918 -0.1257 -0.0226
Y 0.1271 0.9884 0.0830
Z 0.0119 -0.0852 0.9963

PART 70
OFFSET -0.8790 -11.6841 -19.5434
SCALE 1 1 1
X 0.4425 -0.1304 -0.8872
Y 0.4924 0.8622 0.1188
Z 0.7495 -0.4894 0.4457

PART 71
OFFSET 2.4683 -13.9641 -22.6815
SCALE 1 1 1
X 0.0266 -0.9870 0.1583
Y 0.4425 -0.1304 -0.8872
Z 0.8964 0.0936 0.4333

PART 72
OFFSET 13.2677 -16.5103 -43.0140
SCALE 1 1 1
X 0.4425 -0.1304 -0.8872
Y 0.4924 0.8622 0.1188
Z 0.7495 -0.4894 0.4457

PART 73
OFFSET 1.9801 -12.8805 -22.7809
SCALE 1 1 1
X 0.4425 -0.1304 -0.8872
Y 0.4924 0.8622 0.1188
Z 0.7495 -0.4894 0.4457

PART 74
OFFSET 0.7065 -12.9232 -17.1222
SCALE 1 1 1
X 0.4425 -0.1304 -0.8872
Y 0.4924 0.8622 0.1188
Z 0.7495 -0.4894 0.4457

PART 75
OFFSET 2.4314 -13.5565 -19.6749
SCALE 1 1 1
X 0.4425 -0.1304 -0.8872
Y 0.4924 0.8622 0.1188
Z 0.7495 -0.4894 0.4457

PART 76
OFFSET 2.4314 -13.5565 -19.6749
SCALE 1 1 1
X 0.4425 -0.1304 -0.8872
Y 0.4924 0.8622 0.1188
Z 0.7495 -0.4894 0.4457

PART 77
OFFSET 2.4314 -13.5565 -19.6749
SCALE 1 1 1
X 0.4425 -0.1304 -0.8872
Y 0.4924 0.8622 0.1188
Z 0.7495 -0.4894 0.4457


FRAME 934
PART 0
OFFSET 0.0000 0.0000 0.0000
SCALE 1 1 1
X 1.0000 0.0000 0.0000
Y 0.0000 1.0000 0.0000
Z 0.0000 0.0000 1.0000

PART 1
OFFSET -7.5508 -2.9683 1.4846
SCALE 1 1 1
X 1.0000 0.0000 0.0000
Y 0.0000 1.0000 0.0000
Z 0.0000 0.0000 1.0000

PART 2
OFFSET 1.2610 4.1730 -8.5310
SCALE 1 1 1
X 0.3579 -0.8881 -0.2885
Y -0.7149 -0.0619 -0.6965
Z 0.6007 0.4555 -0.6571

PART 3
OFFSET 5.5891 -6.5674 -12.0198
SCALE 1 1 1
X -0.5000 -0.8660 -0.0006
Y -0.8091 0.4669 0.3570
Z -0.3089 0.1789 -0.9341

PART 4
OFFSET 1.3365 -13.9334 -12.0246
SCALE 1 1 1
X -0.5000 -0.8660 -0.0006
Y -0.8023 0.4635 -0.3761
Z 0.3260 -0.1876 -0.9266

PART 5
OFFSET 1.6873 -15.7728 -11.1831
SCALE 1 1 1
X -0.4943 -0.8693 -0.0001
Y 0.3219 -0.1832 0.9289
Z -0.8075 0.4591 0.3704

PART 6
OFFSET 1.8411 -15.3928 -13.2047
SCALE 1 1 1
X -0.4943 -0.8693 -0.0001
Y 0.3219 -0.1832 0.9289
Z -0.8075 0.4591 0.3704

PART 7
OFFSET -0.1758 -14.9667 -10.8859
SCALE 1 1 1
X -0.4943 -0.8693 -0.0001
Y 0.3219 -0.1832 0.9289
Z -0.8075 0.4591 0.3704

PART 8
OFFSET -1.0342 -14.6675 -12.3153
SCALE 1 1 1
X -0.4943 -0.8693 -0.0001
Y 0.3219 -0.1832 0.9289
Z -0.8075 0.4591 0.3704

PART 9
OFFSET -1.0360 -14.2256 -12.9749
SCALE 1 1 1
X -0.4943 -0.8693 -0.0001
Y 0.3219 -0.1832 0.9289
Z -0.8075 0.4591 0.3704

PART 10
OFFSET -0.1963 -16.5883 -12.0263
SCALE 1 1 1
X -0.3075 -0.9114 -0.2736
Y -0.8258 0.3984 -0.3991
Z 0.4727 0.1032 -0.8752

PART 11
OFFSET -0.9375 -16.5714 -12.8938
SCALE 1 1 1
X -0.2868 -0.3195 -0.9031
Y -0.7625 0.6468 0.0133
Z 0.5799 0.6925 -0.4291

PART 12
OFFSET -1.6001 -17.1579 -14.8653
SCALE 1 1 1
X 0.3308 -0.8770 -0.3485
Y -0.6216 0.0754 -0.7797
Z 0.7101 0.4746 -0.5202

PART 13
OFFSET -0.9495 -18.5250 -15.4396
SCALE 1 1 1
X 0.7838 -0.4728 0.4026
Y -0.0086 -0.6565 -0.7543
Z 0.6209 0.5877 -0.5186

PART 14
OFFSET -0.0736 -19.0206 -15.0409
SCALE 1 1 1
X 0.1779 -0.8619 0.4749
Y -0.9217 0.0231 0.3872
Z -0.3447 -0.5066 -0.7903

PART 15
OFFSET 0.5233 -17.7653 -12.0074
SCALE 1 1 1
X 0.1044 -0.9803 -0.1679
Y 0.2375 0.1885 -0.9529
Z 0.9658 0.0596 0.2525

PART 16
OFFSET 0.6462 -19.9534 -12.5382
SCALE 1 1 1
X 0.1184 -0.3283 -0.9371
Y 0.2050 0.9315 -0.3004
Z 0.9716 -0.1565 0.1776

PART 17
OFFSET 0.8139 -20.4181 -13.8650
SCALE 1 1 1
X 0.2340 0.8955 -0.3785
Y -0.0491 0.3997 0.9153
Z 0.9710 -0.1956 0.1375

PART 18
OFFSET 1.0213 -19.6241 -14.2006
SCALE 1 1 1
X 0.1087 0.9451 0.3081
Y -0.2450 -0.2749 0.9297
Z 0.9634 -0.1765 0.2016

PART 19
OFFSET 1.1246 -18.7262 -13.9079
SCALE 1 1 1
X -0.0687 -0.5247 -0.8485
Y -0.1331 -0.8381 0.5291
Z -0.9887 0.1493 -0.0123

PART 20
OFFSET -0.1592 -17.7154 -12.2105
SCALE 1 1 1
X -0.0633 -0.9778 -0.1999
Y 0.5157 0.1395 -0.8454
Z 0.8544 -0.1566 0.4954

PART 21
OFFSET -0.2079 -20.2794 -12.6371
SCALE 1 1 1
X 0.2014 -0.2913 -0.9352
Y 0.2722 0.9338 -0.2323
Z 0.9409 -0.2078 0.2673

PART 22
OFFSET 0.1349 -20.7753 -14.2293
SCALE 1 1 1
X 0.2865 0.9207 -0.2649
Y -0.1658 0.3200 0.9328
Z 0.9436 -0.2233 0.2443

PART 23
OFFSET 0.5320 -19.4993 -14.5964
SCALE 1 1 1
X 0.0570 0.8295 0.5557
Y -0.3311 -0.5094 0.7943
Z 0.9419 -0.2292 0.2456

PART 24
OFFSET 0.5938 -18.5997 -13.9938
SCALE 1 1 1
X 0.1888 -0.3999 -0.8969
Y -0.3441 -0.8824 0.3210
Z -0.9198 0.2480 -0.3041

PART 25
OFFSET -2.2021 -18.7099 -13.9724
SCALE 1 1 1
X 0.0018 -0.9059 -0.4236
Y -0.5736 -0.3479 0.7416
Z -0.8192 0.2416 -0.5202

PART 26
OFFSET -2.1930 -19.8774 -13.0681
SCALE 1 1 1
X 0.3247 -0.1501 -0.9338
Y 0.4408 0.8975 0.0090
Z 0.8368 -0.4146 0.3576

PART 27
OFFSET -1.6213 -20.1417 -14.7122
SCALE 1 1 1
X 0.5712 0.7600 -0.3101
Y -0.1311 0.4574 0.8796
Z 0.8103 -0.4618 0.3609

PART 28
OFFSET -0.9761 -19.1898 -15.1111
SCALE 1 1 1
X 0.1370 0.8059 0.5760
Y -0.5164 -0.4381 0.7358
Z 0.8453 -0.3983 0.3561

PART 29
OFFSET -0.8214 -18.2795 -14.4605
SCALE 1 1 1
X 0.6593 0.0211 -0.7516
Y -0.3969 -0.8392 -0.3718
Z -0.6386 0.5435 -0.5449

PART 30
OFFSET -1.1795 -20.1939 -12.7629
SCALE 1 1 1
X 0.2180 -0.1479 -0.9647
Y 0.4273 0.9031 -0.0420
Z 0.8774 -0.4031 0.2601

PART 31
OFFSET -0.7537 -20.4830 -14.6475
SCALE 1 1 1
X 0.4394 0.8839 -0.1604
Y -0.2014 0.2709 0.9413
Z 0.8754 -0.3813 0.2970

PART 32
OFFSET -0.1119 -19.1920 -14.8818
SCALE 1 1 1
X 0.0522 0.7279 0.6837
Y -0.5214 -0.5640 0.6403
Z 0.8517 -0.3899 0.3501

PART 33
OFFSET -0.0464 -18.3699 -14.1054
SCALE 1 1 1
X 0.2386 -0.1730 -0.9556
Y -0.3680 -0.9267 0.0759
Z -0.8987 0.3335 -0.2847

PART 34
OFFSET 0.1354 -19.1167 -13.8866
SCALE 1 1 1
X 0.8812 -0.0488 0.4702
Y -0.4727 -0.1032 0.8752
Z 0.0058 -0.9935 -0.1140

PART 35
OFFSET -0.8790 -11.6841 -19.5434
SCALE 1 1 1
X 0.4425 -0.1304 -0.8872
Y 0.4924 0.8622 0.1188
Z 0.7495 -0.4894 0.4457

PART 36
OFFSET -13.2043 -6.9658 -6.3956
SCALE 1 1 1
X 0.0721 0.7574 0.6489
Y -0.0780 -0.6444 0.7607
Z 0.9943 -0.1054 0.0126

PART 37
OFFSET -14.0760 -16.1259 -14.2438
SCALE 1 1 1
X -0.8888 -0.4004 0.2230
Y 0.1290 -0.6855 -0.7166
Z 0.4398 -0.6081 0.6609

PART 38
OFFSET -6.5165 -12.7202 -16.1403
SCALE 1 1 1
X -0.8888 -0.4004 0.2230
Y -0.3190 0.1911 -0.9283
Z 0.3291 -0.8962 -0.2976

PART 39
OFFSET -5.9926 -10.8652 -17.1685
SCALE 1 1 1
X -0.8908 -0.3946 0.2254
Y -0.4391 0.6190 -0.6512
Z 0.1174 -0.6790 -0.7247

PART 40
OFFSET -5.3662 -10.6966 -16.0829
SCALE 1 1 1
X -0.8908 -0.3946 0.2254
Y -0.4391 0.6190 -0.6512
Z 0.1174 -0.6790 -0.7247

PART 41
OFFSET -4.3799 -12.0046 -14.9361
SCALE 1 1 1
X -0.8908 -0.3946 0.2254
Y -0.4391 0.6190 -0.6512
Z 0.1174 -0.6790 -0.7247

PART 42
OFFSET -3.7918 -11.4926 -16.8239
SCALE 1 1 1
X -0.4132 0.2185 0.8840
Y -0.7511 0.4672 -0.4665
Z -0.5149 -0.8567 -0.0289

PART 43
OFFSET -2.6697 -11.6900 -16.7595
SCALE 1 1 1
X -0.7979 -0.3278 0.5059
Y -0.5718 0.6772 -0.4630
Z -0.1909 -0.6587 -0.7278

PART 44
OFFSET -0.8802 -11.0136 -17.7646
SCALE 1 1 1
X 0.1586 -0.5483 0.8211
Y -0.9778 0.0284 0.2078
Z -0.1373 -0.8358 -0.5316

PART 45
OFFSET -1.1792 -10.0332 -19.0182
SCALE 1 1 1
X 0.8928 -0.4103 0.1860
Y -0.3944 -0.5123 0.7629
Z -0.2177 -0.7545 -0.6192

PART 46
OFFSET -2.1280 -9.5463 -19.2040
SCALE 1 1 1
X 0.7176 0.0762 0.6922
Y -0.2322 0.9633 0.1346
Z -0.6566 -0.2573 0.7090

PART 47
OFFSET -4.1424 -11.0042 -18.0657
SCALE 1 1 1
X 0.0911 -0.0802 0.9926
Y -0.4626 -0.8861 -0.0292
Z 0.8819 -0.4565 -0.1178

PART 48
OFFSET -4.1618 -10.7817 -20.3095
SCALE 1 1 1
X -0.5907 -0.7583 0.2759
Y -0.2038 -0.1906 -0.9603
Z 0.7808 -0.6234 -0.0420

PART 49
OFFSET -3.3255 -9.7082 -20.7001
SCALE 1 1 1
X -0.3054 -0.3453 -0.8874
Y 0.5806 0.6712 -0.4610
Z 0.7548 -0.6560 -0.0045

PART 50
OFFSET -3.0547 -9.4021 -19.9133
SCALE 1 1 1
X 0.2274 0.3389 -0.9129
Y 0.5630 0.7191 0.4072
Z 0.7945 -0.6066 -0.0273

PART 51
OFFSET -3.2708 -9.7240 -19.0460
SCALE 1 1 1
X -0.6423 -0.6229 0.4465
Y 0.3791 0.2482 0.8915
Z -0.6661 0.7419 0.0768

PART 52
OFFSET -3.6242 -11.4824 -17.9541
SCALE 1 1 1
X -0.1458 0.0959 0.9847
Y -0.4794 -0.8775 0.0144
Z 0.8654 -0.4699 0.1739

PART 53
OFFSET -3.3848 -11.6807 -20.5352
SCALE 1 1 1
X -0.4207 -0.8246 0.3781
Y -0.2014 -0.3215 -0.9252
Z 0.8846 -0.4654 -0.0308

PART 54
OFFSET -2.6686 -10.2768 -21.1789
SCALE 1 1 1
X -0.2014 -0.3391 -0.9189
Y 0.4408 0.8064 -0.3942
Z 0.8747 -0.4844 -0.0129

PART 55
OFFSET -2.3895 -9.8067 -19.9054
SCALE 1 1 1
X 0.1137 0.2204 -0.9688
Y 0.4691 0.8476 0.2479
Z 0.8758 -0.4826 -0.0070

PART 56
OFFSET -2.5127 -10.0457 -18.8547
SCALE 1 1 1
X -0.3180 -0.6885 0.6518
Y 0.2811 0.5881 0.7584
Z -0.9055 0.4244 0.0065

PART 57
OFFSET -5.1522 -11.4373 -12.7655
SCALE 1 1 1
X -0.3867 -0.1230 0.9140
Y 0.3429 0.9008 0.2663
Z -0.8561 0.4164 -0.3062

PART 58
OFFSET -1.8068 -13.0149 -19.9275
SCALE 1 1 1
X -0.5150 -0.0982 0.8515
Y -0.3179 -0.9007 -0.2962
Z 0.7961 -0.4232 0.4326

PART 59
OFFSET -0.9000 -12.8420 -21.4268
SCALE 1 1 1
X -0.4951 -0.0482 0.8675
Y -0.3026 -0.9264 -0.2242
Z 0.8144 -0.3735 0.4441

PART 60
OFFSET -0.2486 -12.8061 -22.4544
SCALE 1 1 1
X -0.4995 0.1098 0.8593
Y -0.3939 -0.9122 -0.1124
Z 0.7716 -0.3946 0.4989

PART 61
OFFSET 0.3156 -12.9301 -23.4250
SCALE 1 1 1
X 0.7352 0.6768 -0.0380
Y 0.2509 -0.3238 -0.9123
Z -0.6297 0.6612 -0.4079

PART 62
OFFSET -2.5733 -12.3311 -20.3341
SCALE 1 1 1
X -0.4112 -0.8279 0.3815
Y -0.0015 -0.4179 -0.9085
Z 0.9116 -0.3741 0.1706

PART 63
OFFSET -1.7700 -10.7138 -21.0794
SCALE 1 1 1
X -0.0203 -0.4184 -0.9080
Y 0.3749 0.8388 -0.3948
Z 0.9269 -0.3484 0.1398

PART 64
OFFSET -1.7404 -10.1027 -19.7531
SCALE 1 1 1
X 0.2154 0.2324 -0.9485
Y 0.2444 0.9275 0.2828
Z 0.9454 -0.2927 0.1430

PART 65
OFFSET -1.9909 -10.3632 -18.6797
SCALE 1 1 1
X -0.3817 -0.7519 0.5375
Y 0.1187 0.5368 0.8353
Z -0.9166 0.3827 -0.1156

PART 66
OFFSET 0.0000 0.0000 0.0000
SCALE 1 1 1
X 1.0000 0.0000 0.0000
Y 0.0000 1.0000 0.0000
Z 0.0000 0.0000 1.0000

PART 67
OFFSET 0.0000 -1.6580 -0.7961
SCALE 1 1 1
X 0.9685 -0.2453 -0.0433
Y 0.2491 0.9530 0.1723
Z -0.0010 -0.1776 0.9841

PART 68
OFFSET 1.4877 -2.7705 3.2073
SCALE 1 1 1
X 0.9685 -0.2453 -0.0433
Y 0.2491 0.9530 0.1723
Z -0.0010 -0.1776 0.9841

PART 69
OFFSET -4.4845 -0.2774 -1.9507
SCALE 1 1 1
X 0.9685 -0.2453 -0.0433
Y 0.2491 0.9530 0.1723
Z -0.0010 -0.1776 0.9841

PART 70
OFFSET -0.8790 -11.6841 -19.5434
SCALE 1 1 1
X 0.4425 -0.1304 -0.8872
Y 0.4924 0.8622 0.1188
Z 0.7495 -0.4894 0.4457

PART 71
OFFSET 2.4683 -13.9641 -22.6815
SCALE 1 1 1
X 0.0266 -0.9870 0.1583
Y 0.4425 -0.1304 -0.8872
Z 0.8964 0.0936 0.4333

PART 72
OFFSET 13.2677 -16.5103 -43.0140
SCALE 1 1 1
X 0.4425 -0.1304 -0.8872
Y 0.4924 0.8622 0.1188
Z 0.7495 -0.4894 0.4457

PART 73
OFFSET 1.9801 -12.8805 -22.7809
SCALE 1 1 1
X 0.4425 -0.1304 -0.8872
Y 0.4924 0.8622 0.1188
Z 0.7495 -0.4894 0.4457

PART 74
OFFSET 0.7065 -12.9232 -17.1222
SCALE 1 1 1
X 0.4425 -0.1304 -0.8872
Y 0.4924 0.8622 0.1188
Z 0.7495 -0.4894 0.4457

PART 75
OFFSET 2.4314 -13.5565 -19.6749
SCALE 1 1 1
X 0.4425 -0.1304 -0.8872
Y 0.4924 0.8622 0.1188
Z 0.7495 -0.4894 0.4457

PART 76
OFFSET 2.4314 -13.5565 -19.6749
SCALE 1 1 1
X 0.4425 -0.1304 -0.8872
Y 0.4924 0.8622 0.1188
Z 0.7495 -0.4894 0.4457

PART 77
OFFSET 2.4314 -13.5565 -19.6749
SCALE 1 1 1
X 0.4425 -0.1304 -0.8872
Y 0.4924 0.8622 0.1188
Z 0.7495 -0.4894 0.4457


FRAME 935
PART 0
OFFSET 0.0000 0.0000 0.0000
SCALE 1 1 1
X 1.0000 0.0000 0.0000
Y 0.0000 1.0000 0.0000
Z 0.0000 0.0000 1.0000

PART 1
OFFSET -7.5508 -2.9683 1.4846
SCALE 1 1 1
X 1.0000 0.0000 0.0000
Y 0.0000 1.0000 0.0000
Z 0.0000 0.0000 1.0000

PART 2
OFFSET 2.0755 4.4825 -8.9729
SCALE 1 1 1
X 0.4601 -0.8838 -0.0844
Y -0.4973 -0.1778 -0.8492
Z 0.7355 0.4327 -0.5213

PART 3
OFFSET 7.6401 -6.2065 -9.9937
SCALE 1 1 1
X -0.4138 -0.9095 -0.0397
Y -0.9088 0.4102 0.0761
Z -0.0529 0.0676 -0.9963

PART 4
OFFSET 4.1203 -13.9421 -10.3316
SCALE 1 1 1
X -0.4138 -0.9095 -0.0397
Y -0.8113 0.3882 -0.4371
Z 0.4130 -0.1487 -0.8985

PART 5
OFFSET 4.4325 -15.6752 -9.3873
SCALE 1 1 1
X -0.4083 -0.9121 -0.0374
Y 0.0671 -0.0709 0.9952
Z -0.9104 0.4038 0.0902

PART 6
OFFSET 4.9406 -15.3922 -11.1784
SCALE 1 1 1
X -0.4083 -0.9121 -0.0374
Y 0.0671 -0.0709 0.9952
Z -0.9104 0.4038 0.0902

PART 7
OFFSET 2.2603 -15.0698 -9.5231
SCALE 1 1 1
X -0.4083 -0.9121 -0.0374
Y 0.0671 -0.0709 0.9952
Z -0.9104 0.4038 0.0902

PART 8
OFFSET 1.9029 -14.9039 -11.0682
SCALE 1 1 1
X -0.4083 -0.9121 -0.0374
Y 0.0671 -0.0709 0.9952
Z -0.9104 0.4038 0.0902

PART 9
OFFSET 2.3970 -14.6814 -11.6821
SCALE 1 1 1
X -0.4083 -0.9121 -0.0374
Y 0.0671 -0.0709 0.9952
Z -0.9104 0.4038 0.0902

PART 10
OFFSET 2.8516 -16.7303 -10.4533
SCALE 1 1 1
X -0.3038 -0.9387 -0.1629
Y -0.8307 0.3448 -0.4371
Z 0.4665 0.0025 -0.8845

PART 11
OFFSET 2.1048 -16.8188 -11.3117
SCALE 1 1 1
X -0.2906 -0.4245 -0.8575
Y -0.7662 0.6400 -0.0571
Z 0.5731 0.6405 -0.5113

PART 12
OFFSET 1.4331 -17.6353 -13.1963
SCALE 1 1 1
X 0.3338 -0.9100 -0.2459
Y -0.6270 -0.0195 -0.7788
Z 0.7039 0.4141 -0.5771

PART 13
OFFSET 2.0881 -19.0569 -13.6114
SCALE 1 1 1
X 0.7892 -0.4185 0.4496
Y -0.0096 -0.7403 -0.6722
Z 0.6141 0.5262 -0.5882

PART 14
OFFSET 2.9695 -19.4979 -13.1635
SCALE 1 1 1
X 0.1861 -0.7995 0.5712
Y -0.9193 0.0635 0.3884
Z -0.3467 -0.5974 -0.7231

PART 15
OFFSET 3.5783 -17.8932 -10.3020
SCALE 1 1 1
X 0.1091 -0.9926 -0.0528
Y 0.2303 0.0769 -0.9701
Z 0.9670 0.0937 0.2370

PART 16
OFFSET 3.7108 -20.1277 -10.5741
SCALE 1 1 1
X 0.1144 -0.4351 -0.8931
Y 0.1975 0.8910 -0.4087
Z 0.9736 -0.1297 0.1878

PART 17
OFFSET 3.8727 -20.7437 -11.8386
SCALE 1 1 1
X 0.2262 0.8463 -0.4823
Y -0.0456 0.5038 0.8626
Z 0.9730 -0.1732 0.1526

PART 18
OFFSET 4.0733 -19.9933 -12.2662
SCALE 1 1 1
X 0.1051 0.9752 0.1947
Y -0.2374 -0.1655 0.9572
Z 0.9657 -0.1468 0.2141

PART 19
OFFSET 4.1731 -19.0668 -12.0812
SCALE 1 1 1
X -0.0710 -0.6208 -0.7808
Y -0.1248 -0.7711 0.6244
Z -0.9896 0.1417 -0.0227

PART 20
OFFSET 2.8942 -17.8709 -10.5048
SCALE 1 1 1
X -0.0588 -0.9948 -0.0837
Y 0.5094 0.0422 -0.8595
Z 0.8585 -0.0932 0.5043

PART 21
OFFSET 2.8580 -20.4675 -10.6282
SCALE 1 1 1
X 0.1971 -0.3977 -0.8961
Y 0.2652 0.9016 -0.3418
Z 0.9438 -0.1703 0.2832

PART 22
OFFSET 3.1936 -21.1445 -12.1538
SCALE 1 1 1
X 0.2793 0.8849 -0.3728
Y -0.1617 0.4261 0.8901
Z 0.9465 -0.1884 0.2621

PART 23
OFFSET 3.5807 -19.9182 -12.6704
SCALE 1 1 1
X 0.0556 0.8891 0.4544
Y -0.3230 -0.4146 0.8508
Z 0.9448 -0.1941 0.2641

PART 24
OFFSET 3.6411 -18.9539 -12.1776
SCALE 1 1 1
X 0.1854 -0.5011 -0.8453
Y -0.3368 -0.8405 0.4244
Z -0.9232 0.2060 -0.3246

PART 25
OFFSET 0.8460 -19.0752 -12.1238
SCALE 1 1 1
X 0.0045 -0.9492 -0.3147
Y -0.5667 -0.2617 0.7812
Z -0.8239 0.1748 -0.5391

PART 26
OFFSET 0.8678 -20.1288 -11.0892
SCALE 1 1 1
X 0.3196 -0.2567 -0.9121
Y 0.4356 0.8947 -0.0991
Z 0.8415 -0.3656 0.3977

PART 27
OFFSET 1.4305 -20.5808 -12.6951
SCALE 1 1 1
X 0.5647 0.7214 -0.4009
Y -0.1282 0.5565 0.8209
Z 0.8153 -0.4122 0.4067

PART 28
OFFSET 2.0675 -19.6787 -13.2072
SCALE 1 1 1
X 0.1359 0.8684 0.4768
Y -0.5091 -0.3517 0.7856
Z 0.8499 -0.3495 0.3943

PART 29
OFFSET 2.2210 -18.6978 -12.6686
SCALE 1 1 1
X 0.6544 -0.0635 -0.7535
Y -0.3943 -0.8789 -0.2683
Z -0.6452 0.4727 -0.6002

PART 30
OFFSET 1.8851 -20.4023 -10.7563
SCALE 1 1 1
X 0.2127 -0.2587 -0.9423
Y 0.4217 0.8942 -0.1503
Z 0.8815 -0.3653 0.2992

PART 31
OFFSET 2.3005 -20.9076 -12.5970
SCALE 1 1 1
X 0.4331 0.8613 -0.2658
Y -0.1969 0.3782 0.9045
Z 0.8796 -0.3394 0.3334

PART 32
OFFSET 2.9332 -19.6497 -12.9852
SCALE 1 1 1
X 0.0523 0.8032 0.5935
Y -0.5140 -0.4879 0.7055
Z 0.8562 -0.3419 0.3873

PART 33
OFFSET 2.9988 -18.7421 -12.3108
SCALE 1 1 1
X 0.2335 -0.2824 -0.9305
Y -0.3620 -0.9134 0.1864
Z -0.9025 0.2933 -0.3155

PART 34
OFFSET 3.1864 -19.4572 -12.0075
SCALE 1 1 1
X 0.8845 0.0110 0.4665
Y -0.4665 -0.0025 0.8845
Z 0.0110 -0.9999 0.0029

PART 35
OFFSET -0.8790 -11.6841 -19.5434
SCALE 1 1 1
X 0.4425 -0.1304 -0.8872
Y 0.4924 0.8622 0.1188
Z 0.7495 -0.4894 0.4457

PART 36
OFFSET -13.2043 -6.9658 -6.3956
SCALE 1 1 1
X 0.0130 0.8237 0.5668
Y 0.0285 -0.5670 0.8233
Z 0.9995 0.0055 -0.0309

PART 37
OFFSET -13.3616 -16.9279 -13.2508
SCALE 1 1 1
X -0.8270 -0.4697 0.3088
Y 0.1755 -0.7377 -0.6520
Z 0.5340 -0.4850 0.6925

PART 38
OFFSET -6.3272 -12.9327 -15.8772
SCALE 1 1 1
X -0.8270 -0.4697 0.3088
Y -0.4806 0.3060 -0.8218
Z 0.2915 -0.8281 -0.4788

PART 39
OFFSET -6.1346 -11.1340 -17.2808
SCALE 1 1 1
X -0.8295 -0.4640 0.3108
Y -0.5341 0.4969 -0.6840
Z 0.1629 -0.7334 -0.6600

PART 40
OFFSET -5.4373 -10.8574 -16.2289
SCALE 1 1 1
X -0.8295 -0.4640 0.3108
Y -0.5341 0.4969 -0.6840
Z 0.1629 -0.7334 -0.6600

PART 41
OFFSET -4.1071 -12.0836 -14.8443
SCALE 1 1 1
X -0.8295 -0.4640 0.3108
Y -0.5341 0.4969 -0.6840
Z 0.1629 -0.7334 -0.6600

PART 42
OFFSET -3.7918 -11.4926 -16.8239
SCALE 1 1 1
X -0.4132 0.2185 0.8840
Y -0.7511 0.4672 -0.4665
Z -0.5149 -0.8567 -0.0289

PART 43
OFFSET -2.6697 -11.6900 -16.7595
SCALE 1 1 1
X -0.7979 -0.3278 0.5059
Y -0.5718 0.6772 -0.4630
Z -0.1909 -0.6587 -0.7278

PART 44
OFFSET -0.8802 -11.0136 -17.7646
SCALE 1 1 1
X 0.1586 -0.5483 0.8211
Y -0.9778 0.0284 0.2078
Z -0.1373 -0.8358 -0.5316

PART 45
OFFSET -1.1792 -10.0332 -19.0182
SCALE 1 1 1
X 0.8928 -0.4103 0.1860
Y -0.3944 -0.5123 0.7629
Z -0.2177 -0.7545 -0.6192

PART 46
OFFSET -2.1280 -9.5463 -19.2040
SCALE 1 1 1
X 0.7176 0.0762 0.6922
Y -0.2322 0.9633 0.1346
Z -0.6566 -0.2573 0.7090

PART 47
OFFSET -4.1424 -11.0042 -18.0657
SCALE 1 1 1
X 0.0911 -0.0802 0.9926
