// Export filename: `C:/Program Files/Activision/Call of Duty 4 - Modern Warfare/xanim_export/viewmodels/M16/m16_reload.XANIM_EXPORT`
// Source filename: `C:/Program Files/Activision/Call of Duty 4 - Modern Warfare/bin/maya/animation_src/viewmodel/m16/viewmodel_m16_animation.mb`
// Export time: Mon Jan 07 16:16:59 2008

ANIMATION
VERSION 3

NUMPARTS 78
PART 0 "tag_ads"
PART 1 "tag_torso"
PART 2 "J_Shoulder_LE"
PART 3 "J_Elbow_LE"
PART 4 "J_WristTwist_LE"
PART 5 "J_Sleave_Reshape_Bottom_LE_1"
PART 6 "J_Sleave_Reshape_Bottom_LE_2"
PART 7 "J_Sleave_Reshape_Top_LE_1"
PART 8 "J_Sleave_Reshape_Top_LE_2"
PART 9 "J_Sleave_Reshape_Top_LE_3"
PART 10 "J_Wrist_LE"
PART 11 "J_Thumb_LE_0"
PART 12 "J_Thumb_LE_1"
PART 13 "J_Thumb_LE_2"
PART 14 "J_Thumb_LE_3"
PART 15 "J_PinkyPalm_LE"
PART 16 "J_Pinky_LE_0"
PART 17 "J_Pinky_LE_1"
PART 18 "J_Pinky_LE_2"
PART 19 "J_Pinky_LE_3"
PART 20 "J_RingPalm_LE"
PART 21 "J_Ring_LE_0"
PART 22 "J_Ring_LE_1"
PART 23 "J_Ring_LE_2"
PART 24 "J_Ring_LE_3"
PART 25 "J_Webbing_LE"
PART 26 "J_Index_LE_0"
PART 27 "J_Index_LE_1"
PART 28 "J_Index_LE_2"
PART 29 "J_Index_LE_3"
PART 30 "J_Mid_LE_0"
PART 31 "J_Mid_LE_1"
PART 32 "J_Mid_LE_2"
PART 33 "J_Mid_LE_3"
PART 34 "tag_knife_attach"
PART 35 "tag_weapon"
PART 36 "J_Shoulder_RI"
PART 37 "J_Elbow_RI"
PART 38 "J_WristTwist_RI"
PART 39 "J_Sleave_Reshape_Top_RI_3"
PART 40 "J_Sleave_Reshape_Top_RI_2"
PART 41 "J_Sleave_Reshape_Top_RI_1"
PART 42 "J_Wrist_RI"
PART 43 "J_Thumb_RI_0"
PART 44 "J_Thumb_RI_1"
PART 45 "J_Thumb_RI_2"
PART 46 "J_Thumb_RI_3"
PART 47 "J_PinkyPalm_RI"
PART 48 "J_Pinky_RI_0"
PART 49 "J_Pinky_RI_1"
PART 50 "J_Pinky_RI_2"
PART 51 "J_Pinky_RI_3"
PART 52 "J_RingPalm_RI"
PART 53 "J_Ring_RI_0"
PART 54 "J_Ring_RI_1"
PART 55 "J_Ring_RI_2"
PART 56 "J_Ring_RI_3"
PART 57 "J_Webbing_RI"
PART 58 "J_Index_RI_0"
PART 59 "J_Index_RI_1"
PART 60 "J_Index_RI_2"
PART 61 "J_Index_RI_3"
PART 62 "J_Mid_RI_0"
PART 63 "J_Mid_RI_1"
PART 64 "J_Mid_RI_2"
PART 65 "J_Mid_RI_3"
PART 66 "tag_cambone"
PART 67 "tag_camera"
PART 68 "tag_gasmask"
PART 69 "tag_gasmask2"
PART 70 "J_Gun"
PART 71 "TAG_BRASS"
PART 72 "TAG_FLASH"
PART 73 "TAG_CLIP"
PART 74 "J_Clip_Release"
PART 75 "TAG_REFLEX_SIGHT"
PART 76 "TAG_ACOG"
PART 77 "TAG_IRON_SIGHT"

FRAMERATE 30
NUMFRAMES 61

FRAME 150
PART 0
OFFSET 0.0000 0.0000 0.0000
SCALE 1 1 1
X 1.0000 0.0000 0.0000
Y 0.0000 1.0000 0.0000
Z 0.0000 0.0000 1.0000

PART 1
OFFSET -7.6807 -2.7496 1.5396
SCALE 1 1 1
X 1.0000 0.0000 0.0000
Y 0.0000 1.0000 0.0000
Z 0.0000 0.0000 1.0000

PART 2
OFFSET -3.2132 8.4660 -2.3313
SCALE 1 1 1
X 0.7253 -0.3235 -0.6076
Y -0.1633 -0.9383 0.3047
Z -0.6688 -0.1218 -0.7334

PART 3
OFFSET 5.5588 4.5531 -9.6800
SCALE 1 1 1
X 0.7649 -0.4789 0.4307
Y -0.4280 0.1219 0.8955
Z -0.4814 -0.8694 -0.1117

PART 4
OFFSET 12.0648 0.4797 -6.0164
SCALE 1 1 1
X 0.7649 -0.4789 0.4307
Y 0.1107 0.7565 0.6445
Z -0.6345 -0.4453 0.6317

PART 5
OFFSET 14.3239 1.2573 -5.9225
SCALE 1 1 1
X 0.7688 -0.4772 0.4257
Y 0.4853 0.8689 0.0976
Z -0.4165 0.1315 0.8996

PART 6
OFFSET 13.0263 -0.7939 -6.7855
SCALE 1 1 1
X 0.7688 -0.4772 0.4257
Y 0.4853 0.8689 0.0976
Z -0.4165 0.1315 0.8996

PART 7
OFFSET 13.5851 0.9499 -3.7361
SCALE 1 1 1
X 0.7688 -0.4772 0.4257
Y 0.4853 0.8689 0.0976
Z -0.4165 0.1315 0.8996

PART 8
OFFSET 12.7681 -0.3663 -3.9820
SCALE 1 1 1
X 0.7688 -0.4772 0.4257
Y 0.4853 0.8689 0.0976
Z -0.4165 0.1315 0.8996

PART 9
OFFSET 12.1657 -1.2351 -4.7632
SCALE 1 1 1
X 0.7688 -0.4772 0.4257
Y 0.4853 0.8689 0.0976
Z -0.4165 0.1315 0.8996

PART 10
OFFSET 14.4097 -0.9885 -4.6958
SCALE 1 1 1
X 0.9587 -0.2742 0.0754
Y 0.1691 0.7628 0.6241
Z -0.2286 -0.5856 0.7777

PART 11
OFFSET 14.9103 -0.6162 -3.7403
SCALE 1 1 1
X 0.9398 -0.0723 0.3340
Y 0.0268 0.9899 0.1389
Z -0.3407 -0.1216 0.9323

PART 12
OFFSET 16.9220 -0.6802 -2.9537
SCALE 1 1 1
X 0.9386 -0.3291 0.1033
Y 0.2596 0.8711 0.4168
Z -0.2272 -0.3644 0.9031

PART 13
OFFSET 18.3963 -1.3044 -2.7107
SCALE 1 1 1
X 0.9436 -0.0618 0.3254
Y -0.0297 0.9627 0.2689
Z -0.3299 -0.2634 0.9065

PART 14
OFFSET 19.4011 -1.3668 -2.3127
SCALE 1 1 1
X 0.9023 0.3220 -0.2867
Y -0.2854 -0.0523 -0.9570
Z -0.3231 0.9453 0.0447

PART 15
OFFSET 14.9937 -2.1557 -5.1432
SCALE 1 1 1
X 0.5370 -0.8091 0.2388
Y -0.5091 -0.0851 0.8565
Z -0.6726 -0.5815 -0.4576

PART 16
OFFSET 16.2358 -3.8993 -4.4350
SCALE 1 1 1
X -0.0924 -0.0268 0.9954
Y -0.5203 0.8536 -0.0254
Z -0.8490 -0.5202 -0.0928

PART 17
OFFSET 16.1049 -3.9372 -3.0258
SCALE 1 1 1
X -0.3984 0.5614 0.7254
Y -0.3693 0.6257 -0.6871
Z -0.8396 -0.5416 -0.0419

PART 18
OFFSET 15.7517 -3.4395 -2.3827
SCALE 1 1 1
X -0.4821 0.7320 0.4815
Y -0.1735 0.4589 -0.8714
Z -0.8587 -0.5037 -0.0942

PART 19
OFFSET 15.2937 -2.7441 -1.9253
SCALE 1 1 1
X 0.6019 -0.7751 0.1924
Y 0.0707 -0.1882 -0.9796
Z 0.7954 0.6032 -0.0585

PART 20
OFFSET 15.3489 -1.6273 -4.8204
SCALE 1 1 1
X 0.7807 -0.6155 0.1081
Y -0.4690 -0.4628 0.7522
Z -0.4130 -0.6379 -0.6500

PART 21
OFFSET 17.3240 -3.3093 -4.6531
SCALE 1 1 1
X -0.0443 -0.6244 0.7798
Y -0.5911 0.6457 0.4834
Z -0.8054 -0.4395 -0.3977

PART 22
OFFSET 17.2486 -4.3724 -3.3254
SCALE 1 1 1
X -0.5789 0.4369 0.6885
Y -0.1512 0.7722 -0.6172
Z -0.8013 -0.4614 -0.3809

PART 23
OFFSET 16.4463 -3.7669 -2.3712
SCALE 1 1 1
X -0.5982 0.6909 0.4059
Y 0.0775 0.5540 -0.8289
Z -0.7976 -0.4644 -0.3849

PART 24
OFFSET 15.7975 -3.0176 -1.9310
SCALE 1 1 1
X 0.4067 -0.9054 0.1220
Y 0.4405 0.0773 -0.8944
Z 0.8003 0.4175 0.4303

PART 25
OFFSET 17.5112 -0.9365 -3.0558
SCALE 1 1 1
X 0.8058 -0.5684 0.1664
Y 0.5038 0.5100 -0.6972
Z 0.3114 0.6457 0.6973

PART 26
OFFSET 18.3579 -1.2640 -4.2205
SCALE 1 1 1
X 0.6938 -0.6985 -0.1756
Y -0.2795 -0.4858 0.8282
Z -0.6638 -0.5255 -0.5322

PART 27
OFFSET 19.5794 -2.4937 -4.5297
SCALE 1 1 1
X 0.0189 -0.7682 0.6399
Y -0.7590 0.4056 0.5094
Z -0.6509 -0.4953 -0.5754

PART 28
OFFSET 19.6419 -3.3976 -3.7169
SCALE 1 1 1
X -0.5676 -0.0895 0.8184
Y -0.4879 0.8373 -0.2468
Z -0.6632 -0.5394 -0.5189

PART 29
OFFSET 19.0008 -3.4987 -2.7924
SCALE 1 1 1
X 0.4386 -0.8784 -0.1896
Y 0.4791 0.4071 -0.7777
Z 0.7603 0.2503 0.5994

PART 30
OFFSET 18.0312 -2.1673 -4.7661
SCALE 1 1 1
X 0.3588 -0.8120 0.4604
Y -0.6603 0.1278 0.7400
Z -0.6597 -0.5695 -0.4903

PART 31
OFFSET 18.7322 -3.7536 -3.8668
SCALE 1 1 1
X -0.6180 0.0655 0.7835
Y -0.3866 0.8424 -0.3754
Z -0.6846 -0.5349 -0.4952

PART 32
OFFSET 17.8295 -3.6579 -2.7224
SCALE 1 1 1
X -0.7196 0.3601 0.5937
Y -0.0992 0.7929 -0.6012
Z -0.6873 -0.4915 -0.5349

PART 33
OFFSET 17.0097 -3.2540 -2.0534
SCALE 1 1 1
X 0.6591 -0.7512 -0.0370
Y 0.3350 0.3373 -0.8798
Z 0.6734 0.5674 0.4739

PART 34
OFFSET 16.5695 -3.0354 -3.6428
SCALE 1 1 1
X -0.4985 -0.6157 -0.6102
Y 0.2286 0.5856 -0.7777
Z 0.8362 -0.5272 -0.1512

PART 35
OFFSET 7.8313 -2.9010 -5.2087
SCALE 1 1 1
X 1.0000 0.0000 0.0000
Y 0.0000 1.0000 0.0000
Z 0.0000 0.0000 1.0000

PART 36
OFFSET -13.3341 -6.7471 -6.3406
SCALE 1 1 1
X -0.8317 0.3598 0.4228
Y -0.1880 -0.8991 0.3954
Z 0.5224 0.2494 0.8154

PART 37
OFFSET -3.2753 -11.0985 -11.4543
SCALE 1 1 1
X -0.6378 -0.6267 -0.4477
Y 0.7631 -0.4352 -0.4778
Z 0.1046 -0.6464 0.7558

PART 38
OFFSET 2.1494 -5.7682 -7.6460
SCALE 1 1 1
X -0.6378 -0.6267 -0.4477
Y 0.6522 -0.1303 -0.7468
Z 0.4097 -0.7683 0.4918

PART 39
OFFSET 2.4352 -3.7864 -7.6153
SCALE 1 1 1
X -0.6426 -0.6223 -0.4470
Y -0.1137 0.6544 -0.7476
Z 0.7577 -0.4296 -0.4913

PART 40
OFFSET 2.0606 -3.6171 -6.4619
SCALE 1 1 1
X -0.6426 -0.6223 -0.4470
Y -0.1137 0.6544 -0.7476
Z 0.7577 -0.4296 -0.4913

PART 41
OFFSET 2.3757 -4.5220 -5.4233
SCALE 1 1 1
X -0.6426 -0.6223 -0.4470
Y -0.1137 0.6544 -0.7476
Z 0.7577 -0.4296 -0.4913

PART 42
OFFSET 4.1047 -3.8469 -6.2734
SCALE 1 1 1
X -0.9957 0.0900 -0.0226
Y 0.0206 -0.0225 -0.9995
Z -0.0905 -0.9957 0.0205

PART 43
OFFSET 4.5698 -3.4569 -5.3071
SCALE 1 1 1
X -0.7592 -0.6153 -0.2121
Y 0.0695 0.2474 -0.9664
Z 0.6472 -0.7484 -0.1450

PART 44
OFFSET 6.1651 -2.1121 -4.7449
SCALE 1 1 1
X -0.5869 -0.2971 0.7532
Y -0.6207 -0.4322 -0.6541
Z 0.5199 -0.8514 0.0692

PART 45
OFFSET 7.0172 -1.5629 -6.0076
SCALE 1 1 1
X 0.2835 0.1079 0.9529
Y -0.7846 -0.5453 0.2952
Z 0.5514 -0.8313 -0.0699

PART 46
OFFSET 6.6988 -1.6323 -7.0398
SCALE 1 1 1
X -0.3066 0.5013 0.8091
Y -0.3478 0.7323 -0.5855
Z -0.8860 -0.4609 -0.0502

PART 47
OFFSET 4.9876 -3.7459 -7.3287
SCALE 1 1 1
X -0.8299 0.0936 0.5500
Y -0.0632 -0.9953 0.0740
Z 0.5543 0.0266 0.8319

PART 48
OFFSET 6.9408 -3.8303 -8.4523
SCALE 1 1 1
X -0.4072 -0.9119 0.0514
Y 0.7867 -0.3788 -0.4875
Z 0.4640 -0.1581 0.8716

PART 49
OFFSET 7.5174 -2.5393 -8.5250
SCALE 1 1 1
X 0.6972 -0.5535 -0.4555
Y 0.5783 0.8098 -0.0988
Z 0.4235 -0.1945 0.8848

PART 50
OFFSET 6.8992 -2.0485 -8.1212
SCALE 1 1 1
X 0.8664 0.2957 -0.4023
Y -0.2060 0.9457 0.2515
Z 0.4549 -0.1351 0.8803

PART 51
OFFSET 6.0761 -2.3295 -7.7390
SCALE 1 1 1
X -0.5992 -0.8003 0.0225
Y -0.6556 0.5065 0.5600
Z -0.4596 0.3208 -0.8282

PART 52
OFFSET 5.1802 -3.8899 -6.6566
SCALE 1 1 1
X -0.9507 0.1278 0.2827
Y -0.1105 -0.9909 0.0766
Z 0.2899 0.0416 0.9562

PART 53
OFFSET 7.6021 -4.2497 -7.5305
SCALE 1 1 1
X -0.4141 -0.8733 0.2568
Y 0.7738 -0.4863 -0.4060
Z 0.4794 0.0306 0.8771

PART 54
OFFSET 8.3071 -2.7630 -7.9678
SCALE 1 1 1
X 0.7704 -0.5008 -0.3946
Y 0.4396 0.8655 -0.2401
Z 0.4617 0.0115 0.8870

PART 55
OFFSET 7.2393 -2.0690 -7.4210
SCALE 1 1 1
X 0.8811 0.1309 -0.4545
Y -0.1229 0.9913 0.0472
Z 0.4567 0.0143 0.8895

PART 56
OFFSET 6.2837 -2.2109 -6.9281
SCALE 1 1 1
X -0.6292 -0.6728 0.3891
Y -0.6252 0.7356 0.2609
Z -0.4618 -0.0791 -0.8835

PART 57
OFFSET -0.1053 -3.9869 -5.5112
SCALE 1 1 1
X -0.9660 -0.1878 0.1778
Y -0.2020 0.9772 -0.0652
Z -0.1615 -0.0989 -0.9819

PART 58
OFFSET 7.9352 -4.5508 -5.4239
SCALE 1 1 1
X -0.9706 -0.2371 0.0416
Y 0.2396 -0.9683 0.0706
Z 0.0236 0.0785 0.9966

PART 59
OFFSET 9.6441 -4.1334 -5.4972
SCALE 1 1 1
X -0.9825 -0.1823 0.0391
Y 0.1858 -0.9744 0.1267
Z 0.0150 0.1317 0.9912

PART 60
OFFSET 10.8393 -3.9038 -5.4845
SCALE 1 1 1
X -0.9978 -0.0492 -0.0451
Y 0.0444 -0.9939 0.1011
Z -0.0498 0.0989 0.9938

PART 61
OFFSET 11.9663 -3.8483 -5.4336
SCALE 1 1 1
X 0.2707 0.9410 0.2029
Y 0.9626 -0.2640 -0.0601
Z -0.0030 0.2116 -0.9774

PART 62
OFFSET 7.8676 -4.3870 -6.5143
SCALE 1 1 1
X -0.4124 -0.8710 0.2671
Y 0.8599 -0.4690 -0.2015
Z 0.3008 0.1465 0.9424

PART 63
OFFSET 8.6733 -2.6855 -7.0361
SCALE 1 1 1
X 0.8512 -0.4786 -0.2152
Y 0.4068 0.8609 -0.3056
Z 0.3315 0.1726 0.9275

PART 64
OFFSET 7.4300 -1.9864 -6.7218
SCALE 1 1 1
X 0.9065 0.1938 -0.3751
Y -0.2637 0.9537 -0.1447
Z 0.3296 0.2301 0.9156

PART 65
OFFSET 6.4008 -2.2069 -6.3035
SCALE 1 1 1
X -0.5477 -0.7724 0.3215
Y -0.7586 0.6206 0.1986
Z -0.3529 -0.1351 -0.9259

PART 66
OFFSET 0.0000 0.0000 0.0000
SCALE 1 1 1
X 1.0000 0.0000 0.0000
Y 0.0000 1.0000 0.0000
Z 0.0000 0.0000 1.0000

PART 67
OFFSET 0.0000 0.0000 0.0000
SCALE 1 1 1
X 1.0000 0.0000 0.0000
Y 0.0000 1.0000 0.0000
Z 0.0000 0.0000 1.0000

PART 68
OFFSET 1.5404 0.0000 4.1357
SCALE 1 1 1
X 1.0000 0.0000 0.0000
Y 0.0000 1.0000 0.0000
Z 0.0000 0.0000 1.0000

PART 69
OFFSET -4.6318 0.0000 -1.3770
SCALE 1 1 1
X 1.0000 0.0000 0.0000
Y 0.0000 1.0000 0.0000
Z 0.0000 0.0000 1.0000

PART 70
OFFSET 7.8313 -2.9010 -5.2087
SCALE 1 1 1
X 1.0000 0.0000 0.0000
Y 0.0000 1.0000 0.0000
Z 0.0000 0.0000 1.0000

PART 71
OFFSET 12.3941 -3.5916 -2.9826
SCALE 1 1 1
X 0.0000 -0.8192 0.5736
Y 1.0000 0.0000 -0.0000
Z -0.0000 0.5736 0.8192

PART 72
OFFSET 35.5445 -2.8852 -2.7048
SCALE 1 1 1
X 1.0000 0.0000 0.0000
Y 0.0000 1.0000 0.0000
Z 0.0000 0.0000 1.0000

PART 73
OFFSET 12.1249 -2.9094 -3.9233
SCALE 1 1 1
X 1.0000 0.0000 0.0000
Y 0.0000 1.0000 0.0000
Z 0.0000 0.0000 1.0000

PART 74
OFFSET 6.5463 -2.9010 -2.3346
SCALE 1 1 1
X 1.0000 0.0000 0.0000
Y 0.0000 1.0000 0.0000
Z 0.0000 0.0000 1.0000

PART 75
OFFSET 9.6569 -2.9010 -1.8697
SCALE 1 1 1
X 1.0000 0.0000 0.0000
Y 0.0000 1.0000 0.0000
Z 0.0000 0.0000 1.0000

PART 76
OFFSET 9.6569 -2.9010 -1.8697
SCALE 1 1 1
X 1.0000 0.0000 0.0000
Y 0.0000 1.0000 0.0000
Z 0.0000 0.0000 1.0000

PART 77
OFFSET 9.6569 -2.9010 -1.8697
SCALE 1 1 1
X 1.0000 0.0000 0.0000
Y 0.0000 1.0000 0.0000
Z 0.0000 0.0000 1.0000


FRAME 151
PART 0
OFFSET 0.0000 0.0000 0.0000
SCALE 1 1 1
X 1.0000 0.0000 0.0000
Y 0.0000 1.0000 0.0000
Z 0.0000 0.0000 1.0000

PART 1
OFFSET -7.6807 -2.7496 1.5396
SCALE 1 1 1
X 1.0000 0.0000 0.0000
Y 0.0000 1.0000 0.0000
Z 0.0000 0.0000 1.0000

PART 2
OFFSET -3.2126 8.4660 -2.3799
SCALE 1 1 1
X 0.7222 -0.2498 -0.6450
Y -0.1557 -0.9673 0.2003
Z -0.6739 -0.0442 -0.7375

PART 3
OFFSET 5.5214 5.4446 -10.1806
SCALE 1 1 1
X 0.7641 -0.5183 0.3841
Y -0.4338 0.0279 0.9006
Z -0.4775 -0.8547 -0.2036

PART 4
OFFSET 12.0200 1.0359 -6.9135
SCALE 1 1 1
X 0.7641 -0.5183 0.3841
Y 0.2788 0.8022 0.5279
Z -0.5818 -0.2962 0.7575

PART 5
OFFSET 14.2655 1.8440 -6.6542
SCALE 1 1 1
X 0.7679 -0.5161 0.3793
Y 0.4815 0.8557 0.1895
Z -0.4224 0.0371 0.9057

PART 6
OFFSET 12.9909 -0.1490 -7.8033
SCALE 1 1 1
X 0.7679 -0.5161 0.3793
Y 0.4815 0.8557 0.1895
Z -0.4224 0.0371 0.9057

PART 7
OFFSET 13.5702 1.3203 -4.6164
SCALE 1 1 1
X 0.7679 -0.5161 0.3793
Y 0.4815 0.8557 0.1895
Z -0.4224 0.0371 0.9057

PART 8
OFFSET 12.7142 -0.0126 -4.9724
SCALE 1 1 1
X 0.7679 -0.5161 0.3793
Y 0.4815 0.8557 0.1895
Z -0.4224 0.0371 0.9057

PART 9
OFFSET 11.9063 -1.0105 -5.7041
SCALE 1 1 1
X 0.7679 -0.5161 0.3793
Y 0.4815 0.8557 0.1895
Z -0.4224 0.0371 0.9057

PART 10
OFFSET 14.3624 -0.5531 -5.7359
SCALE 1 1 1
X 0.9457 -0.3245 0.0183
Y 0.2708 0.8178 0.5079
Z -0.1798 -0.4753 0.8612

PART 11
OFFSET 14.9753 -0.1051 -4.8839
SCALE 1 1 1
X 0.9132 -0.1444 0.3810
Y 0.0218 0.9511 0.3080
Z -0.4069 -0.2730 0.8717

PART 12
OFFSET 16.9255 -0.3369 -3.9824
SCALE 1 1 1
X 0.9398 -0.3091 0.1456
Y 0.1760 0.8033 0.5690
Z -0.2928 -0.5092 0.8093

PART 13
OFFSET 18.3994 -0.9407 -3.6907
SCALE 1 1 1
X 0.9149 -0.1290 0.3825
Y -0.0527 0.9013 0.4300
Z -0.4002 -0.4135 0.8178

PART 14
OFFSET 19.3696 -1.0838 -3.2324
SCALE 1 1 1
X 0.9216 0.3562 -0.1544
Y -0.2086 0.1189 -0.9708
Z -0.3274 0.9268 0.1838

PART 15
OFFSET 14.8364 -1.7994 -6.0901
SCALE 1 1 1
X 0.7599 -0.4946 -0.4217
Y 0.0499 -0.6025 0.7966
Z -0.6481 -0.6264 -0.4332

PART 16
OFFSET 16.6443 -2.8935 -6.8768
SCALE 1 1 1
X 0.7924 -0.2381 -0.5617
Y 0.2303 -0.7358 0.6369
Z -0.5649 -0.6340 -0.5282

PART 17
OFFSET 17.7661 -3.2306 -7.6720
SCALE 1 1 1
X 0.7879 -0.6130 -0.0578
Y -0.3139 -0.4807 0.8188
Z -0.5298 -0.6270 -0.5712

PART 18
OFFSET 18.4648 -3.7741 -7.7233
SCALE 1 1 1
X 0.7547 -0.6559 0.0149
Y -0.3474 -0.3802 0.8572
Z -0.5566 -0.6521 -0.5147

PART 19
OFFSET 19.1817 -4.3973 -7.7091
SCALE 1 1 1
X -0.2787 0.8346 -0.4751
Y -0.8182 0.0527 0.5725
Z 0.5029 0.5483 0.6682

PART 20
OFFSET 15.2494 -1.2609 -5.8689
SCALE 1 1 1
X 0.8571 -0.4579 -0.2362
Y -0.0879 -0.5817 0.8087
Z -0.5077 -0.6723 -0.5388

PART 21
OFFSET 17.4003 -2.5364 -6.5798
SCALE 1 1 1
X 0.8482 -0.5297 -0.0022
Y -0.2360 -0.3816 0.8937
Z -0.4743 -0.7575 -0.4487

PART 22
OFFSET 18.8443 -3.4383 -6.5836
SCALE 1 1 1
X 0.8326 -0.5452 0.0973
Y -0.3234 -0.3360 0.8846
Z -0.4496 -0.7680 -0.4561

PART 23
OFFSET 19.9983 -4.1939 -6.4487
SCALE 1 1 1
X 0.5920 -0.6428 0.4862
Y -0.6654 -0.0496 0.7448
Z -0.4546 -0.7645 -0.4571

PART 24
OFFSET 20.6403 -4.8910 -5.9214
SCALE 1 1 1
X -0.1273 0.5173 -0.8463
Y -0.8643 0.3607 0.3505
Z 0.4866 0.7761 0.4012

PART 25
OFFSET 17.6113 -0.5098 -4.4115
SCALE 1 1 1
X 0.7875 -0.5956 0.1585
Y 0.4572 0.3921 -0.7982
Z 0.4133 0.7010 0.5811

PART 26
OFFSET 18.3184 -1.0241 -5.6016
SCALE 1 1 1
X 0.7866 -0.5987 0.1512
Y -0.4417 -0.3745 0.8152
Z -0.4314 -0.7081 -0.5590

PART 27
OFFSET 19.7033 -2.0782 -5.3354
SCALE 1 1 1
X 0.4718 -0.7252 0.5015
Y -0.7803 -0.0786 0.6205
Z -0.4106 -0.6840 -0.6029

PART 28
OFFSET 20.3018 -2.9182 -4.6891
SCALE 1 1 1
X 0.4679 -0.6777 0.5673
Y -0.7919 -0.0365 0.6095
Z -0.3924 -0.7344 -0.5538

PART 29
OFFSET 20.8303 -3.6837 -4.0484
SCALE 1 1 1
X 0.4522 0.0470 -0.8907
Y -0.6264 0.7276 -0.2796
Z 0.6349 0.6844 0.3585

PART 30
OFFSET 17.8916 -1.9619 -6.0001
SCALE 1 1 1
X 0.8347 -0.5475 0.0591
Y -0.2703 -0.3139 0.9102
Z -0.4798 -0.7757 -0.4100

PART 31
OFFSET 19.5223 -3.0315 -5.8847
SCALE 1 1 1
X 0.6320 -0.6504 0.4213
Y -0.5775 -0.0328 0.8157
Z -0.5168 -0.7589 -0.3963

PART 32
OFFSET 20.4454 -3.9815 -5.2693
SCALE 1 1 1
X 0.3643 -0.6181 0.6965
Y -0.7419 0.2595 0.6183
Z -0.5629 -0.7420 -0.3641

PART 33
OFFSET 20.8546 -4.6870 -4.4834
SCALE 1 1 1
X 0.2305 0.3557 -0.9057
Y -0.8420 0.5395 -0.0024
Z 0.4878 0.7632 0.4238

PART 34
OFFSET 16.5065 -2.5980 -4.6475
SCALE 1 1 1
X -0.5890 -0.6493 -0.4813
Y 0.1798 0.4753 -0.8612
Z 0.7879 -0.5937 -0.1632

PART 35
OFFSET 7.8858 -2.9184 -5.1555
SCALE 1 1 1
X 0.9999 0.0035 0.0111
Y -0.0043 0.9976 0.0691
Z -0.0108 -0.0691 0.9976

PART 36
OFFSET -13.3341 -6.7471 -6.3406
SCALE 1 1 1
X -0.8340 0.3568 0.4209
Y -0.1834 -0.8987 0.3984
Z 0.5204 0.2551 0.8149

PART 37
OFFSET -3.2478 -11.0620 -11.4310
SCALE 1 1 1
X -0.6415 -0.6275 -0.4413
Y 0.7596 -0.4389 -0.4800
Z 0.1075 -0.6432 0.7582

PART 38
OFFSET 2.2084 -5.7253 -7.6772
SCALE 1 1 1
X -0.6415 -0.6275 -0.4413
Y 0.6094 -0.0673 -0.7900
Z 0.4660 -0.7757 0.4255

PART 39
OFFSET 2.5120 -3.7296 -7.6974
SCALE 1 1 1
X -0.6463 -0.6231 -0.4405
Y -0.1166 0.6512 -0.7499
Z 0.7541 -0.4333 -0.4935

PART 40
OFFSET 2.1559 -3.5751 -6.5309
SCALE 1 1 1
X -0.6463 -0.6231 -0.4405
Y -0.1166 0.6512 -0.7499
Z 0.7541 -0.4333 -0.4935

PART 41
OFFSET 2.4818 -4.5147 -5.4450
SCALE 1 1 1
X -0.6463 -0.6231 -0.4405
Y -0.1166 0.6512 -0.7499
Z 0.7541 -0.4333 -0.4935

PART 42
OFFSET 4.1750 -3.8017 -6.3242
SCALE 1 1 1
X -0.9958 0.0879 -0.0273
Y 0.0315 0.0467 -0.9984
Z -0.0864 -0.9950 -0.0493

PART 43
OFFSET 4.6280 -3.4777 -5.3282
SCALE 1 1 1
X -0.7542 -0.6019 -0.2625
Y 0.0789 0.3138 -0.9462
Z 0.6519 -0.7343 -0.1892

PART 44
OFFSET 6.2114 -2.1693 -4.6568
SCALE 1 1 1
X -0.5937 -0.3505 0.7243
Y -0.6117 -0.3882 -0.6893
Z 0.5228 -0.8523 0.0160

PART 45
OFFSET 7.0748 -1.5312 -5.8691
SCALE 1 1 1
X 0.2727 0.0428 0.9611
Y -0.7854 -0.5671 0.2481
Z 0.5557 -0.8225 -0.1210

PART 46
OFFSET 6.7677 -1.5302 -6.9071
SCALE 1 1 1
X -0.3175 0.4431 0.8384
Y -0.3446 0.7698 -0.5373
Z -0.8834 -0.4595 -0.0917

PART 47
OFFSET 5.0689 -3.6249 -7.3602
SCALE 1 1 1
X -0.8362 0.0524 0.5459
Y -0.0597 -0.9982 0.0044
Z 0.5451 -0.0290 0.8378

PART 48
OFFSET 7.0345 -3.6245 -8.4652
SCALE 1 1 1
X -0.4039 -0.9147 -0.0162
Y 0.7935 -0.3414 -0.5037
Z 0.4552 -0.2163 0.8637

PART 49
OFFSET 7.6063 -2.3295 -8.4422
SCALE 1 1 1
X 0.7045 -0.5183 -0.4849
Y 0.5759 0.8167 -0.0363
Z 0.4148 -0.2537 0.8738

PART 50
OFFSET 6.9816 -1.8700 -8.0124
SCALE 1 1 1
X 0.8694 0.3259 -0.3713
Y -0.2127 0.9253 0.3139
Z 0.4459 -0.1940 0.8738

PART 51
OFFSET 6.1556 -2.1796 -7.6596
SCALE 1 1 1
X -0.5959 -0.8021 -0.0394
Y -0.6637 0.4643 0.5864
Z -0.4520 0.3756 -0.8091

PART 52
OFFSET 5.2549 -3.8142 -6.6975
SCALE 1 1 1
X -0.9542 0.1046 0.2803
Y -0.1070 -0.9942 0.0068
Z 0.2794 -0.0235 0.9599

PART 53
OFFSET 7.6875 -4.1043 -7.5673
SCALE 1 1 1
X -0.4131 -0.8904 0.1913
Y 0.7802 -0.4544 -0.4300
Z 0.4698 -0.0284 0.8823

PART 54
OFFSET 8.3908 -2.5884 -7.8930
SCALE 1 1 1
X 0.7768 -0.4696 -0.4196
Y 0.4385 0.8816 -0.1748
Z 0.4520 -0.0482 0.8907

PART 55
OFFSET 7.3142 -1.9376 -7.3115
SCALE 1 1 1
X 0.8854 0.1651 -0.4345
Y -0.1276 0.9852 0.1142
Z 0.4470 -0.0456 0.8934

PART 56
OFFSET 6.3540 -2.1166 -6.8402
SCALE 1 1 1
X -0.6305 -0.7003 0.3347
Y -0.6311 0.7136 0.3041
Z -0.4518 -0.0195 -0.8919

PART 57
OFFSET -0.0423 -4.0088 -5.6202
SCALE 1 1 1
X -0.9670 -0.2030 0.1537
Y -0.2055 0.9787 0.0002
Z -0.1504 -0.0314 -0.9881

PART 58
OFFSET 7.9991 -4.5491 -5.4830
SCALE 1 1 1
X -0.9700 -0.2428 0.0144
Y 0.2429 -0.9700 0.0062
Z 0.0125 0.0095 0.9999

PART 59
OFFSET 9.7069 -4.1215 -5.5083
SCALE 1 1 1
X -0.9820 -0.1880 0.0156
Y 0.1886 -0.9801 0.0611
Z 0.0038 0.0630 0.9980

PART 60
OFFSET 10.9010 -3.8891 -5.4666
SCALE 1 1 1
X -0.9970 -0.0494 -0.0594
Y 0.0476 -0.9983 0.0328
Z -0.0609 0.0298 0.9977

PART 61
OFFSET 12.0271 -3.8333 -5.3995
SCALE 1 1 1
X 0.2645 0.9257 0.2704
Y 0.9644 -0.2558 -0.0675
Z 0.0067 0.2786 -0.9604

PART 62
OFFSET 7.9426 -4.3105 -6.5602
SCALE 1 1 1
X -0.4116 -0.8888 0.2017
Y 0.8640 -0.4509 -0.2239
Z 0.2899 0.0821 0.9535

PART 63
OFFSET 8.7467 -2.5742 -6.9542
SCALE 1 1 1
X 0.8556 -0.4596 -0.2383
Y 0.4064 0.8814 -0.2409
Z 0.3207 0.1092 0.9409

PART 64
OFFSET 7.4970 -1.9029 -6.6062
SCALE 1 1 1
X 0.9097 0.2224 -0.3507
Y -0.2662 0.9605 -0.0814
Z 0.3187 0.1674 0.9329

PART 65
OFFSET 6.4643 -2.1554 -6.2156
SCALE 1 1 1
X -0.5479 -0.7947 0.2613
Y -0.7633 0.6027 0.2326
Z -0.3423 -0.0721 -0.9368

PART 66
OFFSET 0.0000 0.0000 0.0000
SCALE 1 1 1
X 1.0000 0.0000 0.0000
Y 0.0000 1.0000 0.0000
Z 0.0000 0.0000 1.0000

PART 67
OFFSET 0.0000 0.0000 0.0000
SCALE 1 1 1
X 1.0000 0.0009 -0.0012
Y -0.0009 1.0000 -0.0003
Z 0.0012 0.0003 1.0000

PART 68
OFFSET 1.5452 0.0025 4.1340
SCALE 1 1 1
X 1.0000 0.0009 -0.0012
Y -0.0009 1.0000 -0.0003
Z 0.0012 0.0003 1.0000

PART 69
OFFSET -4.6334 -0.0046 -1.3716
SCALE 1 1 1
X 1.0000 0.0009 -0.0012
Y -0.0009 1.0000 -0.0003
Z 0.0012 0.0003 1.0000

PART 70
OFFSET 7.8858 -2.9184 -5.1555
SCALE 1 1 1
X 0.9999 0.0035 0.0111
Y -0.0043 0.9976 0.0691
Z -0.0108 -0.0691 0.9976

PART 71
OFFSET 12.4272 -3.7450 -2.9320
SCALE 1 1 1
X -0.0027 -0.8568 0.5156
Y 0.9999 0.0035 0.0111
Z -0.0113 0.5156 0.8568

PART 72
OFFSET 35.5700 -2.9779 -2.3497
SCALE 1 1 1
X 0.9999 0.0035 0.0111
Y -0.0043 0.9976 0.0691
Z -0.0108 -0.0691 0.9976

PART 73
OFFSET 12.1653 -3.0004 -3.8263
SCALE 1 1 1
X 0.9999 0.0035 0.0111
Y -0.0043 0.9976 0.0691
Z -0.0108 -0.0691 0.9976

PART 74
OFFSET 6.5699 -3.1215 -2.3027
SCALE 1 1 1
X 0.9999 0.0035 0.0111
Y -0.0043 0.9976 0.0691
Z -0.0108 -0.0691 0.9976

PART 75
OFFSET 9.6753 -3.1427 -1.8044
SCALE 1 1 1
X 0.9999 0.0035 0.0111
Y -0.0043 0.9976 0.0691
Z -0.0108 -0.0691 0.9976

PART 76
OFFSET 9.6753 -3.1427 -1.8044
SCALE 1 1 1
X 0.9999 0.0035 0.0111
Y -0.0043 0.9976 0.0691
Z -0.0108 -0.0691 0.9976

PART 77
OFFSET 9.6753 -3.1427 -1.8044
SCALE 1 1 1
X 0.9999 0.0035 0.0111
Y -0.0043 0.9976 0.0691
Z -0.0108 -0.0691 0.9976


FRAME 152
PART 0
OFFSET 0.0000 0.0000 0.0000
SCALE 1 1 1
X 1.0000 0.0000 0.0000
Y 0.0000 1.0000 0.0000
Z 0.0000 0.0000 1.0000

PART 1
OFFSET -7.6807 -2.7496 1.5396
SCALE 1 1 1
X 1.0000 0.0000 0.0000
Y 0.0000 1.0000 0.0000
Z 0.0000 0.0000 1.0000

PART 2
OFFSET -3.2110 8.4660 -2.4302
SCALE 1 1 1
X 0.7475 -0.0797 -0.6595
Y -0.1505 -0.9873 -0.0513
Z -0.6470 0.1376 -0.7500

PART 3
OFFSET 5.8290 7.5026 -10.4059
SCALE 1 1 1
X 0.7298 -0.6047 0.3189
Y -0.5064 -0.1647 0.8464
Z -0.4593 -0.7792 -0.4264

PART 4
OFFSET 12.0364 2.3595 -7.6932
SCALE 1 1 1
X 0.7298 -0.6047 0.3189
Y 0.3968 0.7546 0.5227
Z -0.5567 -0.2549 0.7906

PART 5
OFFSET 14.2429 3.0715 -7.0135
SCALE 1 1 1
X 0.7341 -0.6015 0.3151
Y 0.4644 0.7832 0.4133
Z -0.4954 -0.1571 0.8543

PART 6
OFFSET 13.0770 1.3840 -8.7439
SCALE 1 1 1
X 0.7341 -0.6015 0.3151
Y 0.4644 0.7832 0.4133
Z -0.4954 -0.1571 0.8543

PART 7
OFFSET 13.4335 2.1437 -5.2820
SCALE 1 1 1
X 0.7341 -0.6015 0.3151
Y 0.4644 0.7832 0.4133
Z -0.4954 -0.1571 0.8543

PART 8
OFFSET 12.5685 0.8936 -5.9852
SCALE 1 1 1
X 0.7341 -0.6015 0.3151
Y 0.4644 0.7832 0.4133
Z -0.4954 -0.1571 0.8543

PART 9
OFFSET 11.6475 -0.0852 -6.9282
SCALE 1 1 1
X 0.7341 -0.6015 0.3151
Y 0.4644 0.7832 0.4133
Z -0.4954 -0.1571 0.8543

PART 10
OFFSET 14.2738 0.5057 -6.7154
SCALE 1 1 1
X 0.9022 -0.4308 0.0214
Y 0.3610 0.7812 0.5093
Z -0.2361 -0.4517 0.8603

PART 11
OFFSET 14.9310 0.8804 -5.8610
SCALE 1 1 1
X 0.8091 -0.3119 0.4981
Y -0.0479 0.8098 0.5848
Z -0.5857 -0.4970 0.6402

PART 12
OFFSET 16.6396 0.2606 -4.6922
SCALE 1 1 1
X 0.8878 -0.3624 0.2838
Y -0.0084 0.6036 0.7972
Z -0.4602 -0.7101 0.5328

PART 13
OFFSET 18.0217 -0.4401 -4.2220
SCALE 1 1 1
X 0.8112 -0.3225 0.4877
Y -0.1271 0.7170 0.6854
Z -0.5707 -0.6180 0.5407

PART 14
OFFSET 18.8707 -0.8049 -3.6581
SCALE 1 1 1
X 0.9393 0.3067 0.1540
Y 0.0031 0.4411 -0.8974
Z -0.3432 0.8434 0.4134

PART 15
OFFSET 14.6030 -0.7866 -7.0687
SCALE 1 1 1
X 0.6826 -0.5912 -0.4295
Y -0.0166 -0.6002 0.7997
Z -0.7306 -0.5388 -0.4195

PART 16
OFFSET 16.2411 -2.1101 -7.8747
SCALE 1 1 1
X 0.7828 -0.3985 -0.4779
Y -0.0674 -0.8178 0.5715
Z -0.6186 -0.4152 -0.6671

PART 17
OFFSET 17.3495 -2.6742 -8.5513
SCALE 1 1 1
X 0.2572 -0.9100 0.3253
Y -0.7755 0.0064 0.6313
Z -0.5766 -0.4146 -0.7040

PART 18
OFFSET 17.5775 -3.4810 -8.2629
SCALE 1 1 1
X -0.0161 -0.8465 0.5322
Y -0.7770 0.3456 0.5261
Z -0.6293 -0.4051 -0.6633

PART 19
OFFSET 17.5622 -4.2852 -7.7573
SCALE 1 1 1
X 0.5911 0.4890 -0.6414
Y -0.6557 0.7544 -0.0291
Z 0.4697 0.4378 0.7666

PART 20
OFFSET 15.0743 -0.2991 -6.8457
SCALE 1 1 1
X 0.7957 -0.5573 -0.2372
Y -0.1569 -0.5679 0.8080
Z -0.5850 -0.6057 -0.5393

PART 21
OFFSET 17.0561 -1.8229 -7.5592
SCALE 1 1 1
X 0.8392 -0.5097 -0.1896
Y -0.0649 -0.4399 0.8957
Z -0.5400 -0.7393 -0.4023

PART 22
OFFSET 18.4848 -2.6908 -7.8819
SCALE 1 1 1
X 0.3510 -0.6272 0.6952
Y -0.7808 0.2138 0.5871
Z -0.5169 -0.7489 -0.4147

PART 23
OFFSET 18.9713 -3.5601 -6.9184
SCALE 1 1 1
X -0.0833 -0.4440 0.8921
Y -0.8508 0.4977 0.1682
Z -0.5188 -0.7450 -0.4193

PART 24
OFFSET 18.8809 -4.0416 -5.9508
SCALE 1 1 1
X 0.5288 0.0428 -0.8477
Y -0.6262 0.6938 -0.3556
Z 0.5729 0.7189 0.3937

PART 25
OFFSET 17.5016 0.1759 -5.3797
SCALE 1 1 1
X 0.7134 -0.6821 0.1609
Y 0.5020 0.3372 -0.7964
Z 0.4889 0.6489 0.5830

PART 26
OFFSET 18.1492 -0.4159 -6.5677
SCALE 1 1 1
X 0.8643 -0.5014 -0.0404
Y -0.3273 -0.6215 0.7118
Z -0.3820 -0.6020 -0.7012

PART 27
OFFSET 19.6709 -1.2986 -6.6387
SCALE 1 1 1
X 0.6806 -0.7047 0.2005
Y -0.6337 -0.4289 0.6438
Z -0.3677 -0.5653 -0.7384

PART 28
OFFSET 20.5207 -2.1209 -6.3501
SCALE 1 1 1
X 0.8275 -0.5530 0.0972
Y -0.4528 -0.5548 0.6980
Z -0.3321 -0.6216 -0.7094

PART 29
OFFSET 21.4554 -2.7456 -6.2403
SCALE 1 1 1
X 0.0460 0.5060 -0.8613
Y -0.8728 0.4397 0.2118
Z 0.4859 0.7420 0.4618

PART 30
OFFSET 17.6190 -1.2985 -6.9681
SCALE 1 1 1
X 0.8992 -0.4214 -0.1182
Y -0.1450 -0.5416 0.8280
Z -0.4129 -0.7274 -0.5481

PART 31
OFFSET 19.3756 -2.1216 -7.1990
SCALE 1 1 1
X 0.6328 -0.6749 0.3795
Y -0.6298 -0.1637 0.7593
Z -0.4504 -0.7195 -0.5287

PART 32
OFFSET 20.2999 -3.1075 -6.6447
SCALE 1 1 1
X 0.4964 -0.7053 0.5061
Y -0.7101 0.0055 0.7041
Z -0.4994 -0.7089 -0.4981

PART 33
OFFSET 20.8591 -3.9113 -6.0755
SCALE 1 1 1
X 0.1048 0.5826 -0.8060
Y -0.8978 0.4041 0.1753
Z 0.4278 0.7052 0.5654

PART 34
OFFSET 16.1654 -1.7717 -5.6208
SCALE 1 1 1
X -0.6578 -0.5773 -0.4837
Y 0.2361 0.4517 -0.8603
Z 0.7152 -0.6802 -0.1608

PART 35
OFFSET 7.9688 -2.9885 -5.0102
SCALE 1 1 1
X 0.9992 0.0054 0.0404
Y -0.0109 0.9903 0.1384
Z -0.0393 -0.1387 0.9896

PART 36
OFFSET -13.3341 -6.7471 -6.3406
SCALE 1 1 1
X -0.8372 0.3527 0.4179
Y -0.1806 -0.8997 0.3975
Z 0.5162 0.2573 0.8169

PART 37
OFFSET -3.2086 -11.0124 -11.3948
SCALE 1 1 1
X -0.6487 -0.6235 -0.4364
Y 0.7534 -0.4449 -0.4842
Z 0.1077 -0.6429 0.7584

PART 38
OFFSET 2.3088 -5.7092 -7.6832
SCALE 1 1 1
X -0.6487 -0.6235 -0.4364
Y 0.5537 0.0068 -0.8327
Z 0.5222 -0.7818 0.3408

PART 39
OFFSET 2.6427 -3.6962 -7.7606
SCALE 1 1 1
X -0.6535 -0.6191 -0.4356
Y -0.1167 0.6510 -0.7501
Z 0.7479 -0.4393 -0.4976

PART 40
OFFSET 2.3094 -3.5619 -6.5789
SCALE 1 1 1
X -0.6535 -0.6191 -0.4356
Y -0.1167 0.6510 -0.7501
Z 0.7479 -0.4393 -0.4976

PART 41
OFFSET 2.6485 -4.5580 -5.4343
SCALE 1 1 1
X -0.6535 -0.6191 -0.4356
Y -0.1167 0.6510 -0.7501
Z 0.7479 -0.4393 -0.4976

PART 42
OFFSET 4.2975 -3.7977 -6.3454
SCALE 1 1 1
X -0.9950 0.0869 -0.0502
Y 0.0601 0.1165 -0.9914
Z -0.0803 -0.9894 -0.1211

PART 43
OFFSET 4.7200 -3.5430 -5.3164
SCALE 1 1 1
X -0.7435 -0.5841 -0.3257
Y 0.1047 0.3794 -0.9193
Z 0.6605 -0.7176 -0.2209

PART 44
OFFSET 6.2771 -2.2805 -4.5095
SCALE 1 1 1
X -0.6127 -0.4019 0.6805
Y -0.5898 -0.3407 -0.7322
Z 0.5261 -0.8500 -0.0283

PART 45
OFFSET 7.1722 -1.5569 -5.6485
SCALE 1 1 1
X 0.2447 -0.0237 0.9693
Y -0.7895 -0.5852 0.1850
Z 0.5628 -0.8106 -0.1619

PART 46
OFFSET 6.8953 -1.4842 -6.6925
SCALE 1 1 1
X -0.3436 0.3826 0.8576
Y -0.3325 0.8045 -0.4921
Z -0.8783 -0.4543 -0.1492

PART 47
OFFSET 5.2200 -3.5466 -7.3400
SCALE 1 1 1
X -0.8519 0.0119 0.5236
Y -0.0552 -0.9962 -0.0671
Z 0.5208 -0.0860 0.8493

PART 48
OFFSET 7.2167 -3.4637 -8.3845
SCALE 1 1 1
X -0.3990 -0.9124 -0.0918
Y 0.8093 -0.3033 -0.5030
Z 0.4311 -0.2749 0.8594

PART 49
OFFSET 7.7815 -2.1720 -8.2546
SCALE 1 1 1
X 0.7206 -0.4813 -0.4991
Y 0.5729 0.8188 0.0376
Z 0.3905 -0.3130 0.8657

PART 50
OFFSET 7.1426 -1.7453 -7.8121
SCALE 1 1 1
X 0.8783 0.3533 -0.3222
Y -0.2260 0.9005 0.3714
Z 0.4214 -0.2534 0.8708

PART 51
OFFSET 6.3082 -2.0810 -7.5060
SCALE 1 1 1
X -0.5908 -0.7989 -0.1127
Y -0.6826 0.4204 0.5978
Z -0.4302 0.4301 -0.7937

PART 52
OFFSET 5.3877 -3.7813 -6.6870
SCALE 1 1 1
X -0.9624 0.0823 0.2590
Y -0.1025 -0.9926 -0.0658
Z 0.2516 -0.0898 0.9636

PART 53
OFFSET 7.8457 -4.0033 -7.5037
SCALE 1 1 1
X -0.4143 -0.9027 0.1166
Y 0.7944 -0.4211 -0.4377
Z 0.4442 -0.0887 0.8915

PART 54
OFFSET 8.5511 -2.4666 -7.7022
SCALE 1 1 1
X 0.7908 -0.4370 -0.4286
Y 0.4392 0.8928 -0.1000
Z 0.4263 -0.1091 0.8980

PART 55
OFFSET 7.4551 -1.8609 -7.1082
SCALE 1 1 1
X 0.8968 0.1974 -0.3960
Y -0.1355 0.9745 0.1789
Z 0.4212 -0.1068 0.9007

PART 56
OFFSET 6.4825 -2.0749 -6.6787
SCALE 1 1 1
X -0.6366 -0.7236 0.2665
Y -0.6430 0.6889 0.3347
Z -0.4258 0.0417 -0.9039

PART 57
OFFSET 0.0626 -4.0647 -5.7807
SCALE 1 1 1
X -0.9701 -0.2158 0.1109
Y -0.2100 0.9757 0.0625
Z -0.1217 0.0374 -0.9919

PART 58
OFFSET 8.0991 -4.5920 -5.4473
SCALE 1 1 1
X -0.9688 -0.2458 -0.0309
Y 0.2472 -0.9674 -0.0545
Z -0.0165 -0.0604 0.9980

PART 59
OFFSET 9.8049 -4.1591 -5.3929
SCALE 1 1 1
X -0.9812 -0.1913 -0.0262
Y 0.1914 -0.9815 -0.0020
Z -0.0254 -0.0069 0.9997

PART 60
OFFSET 10.9961 -3.9270 -5.3003
SCALE 1 1 1
X -0.9946 -0.0478 -0.0918
Y 0.0513 -0.9980 -0.0356
Z -0.0899 -0.0401 0.9951

PART 61
OFFSET 12.1196 -3.8730 -5.1967
SCALE 1 1 1
X 0.2522 0.9052 0.3419
Y 0.9671 -0.2479 -0.0571
Z 0.0331 0.3451 -0.9380

PART 62
OFFSET 8.0726 -4.2788 -6.5064
SCALE 1 1 1
X -0.4131 -0.9018 0.1271
Y 0.8722 -0.4319 -0.2295
Z 0.2619 0.0160 0.9650

PART 63
OFFSET 8.8796 -2.5171 -6.7547
SCALE 1 1 1
X 0.8642 -0.4396 -0.2448
Y 0.4091 0.8971 -0.1668
Z 0.2929 0.0440 0.9551

PART 64
OFFSET 7.6173 -1.8751 -6.3972
SCALE 1 1 1
X 0.9184 0.2488 -0.3077
Y -0.2683 0.9631 -0.0219
Z 0.2909 0.1026 0.9512

PART 65
OFFSET 6.5749 -2.1570 -6.0554
SCALE 1 1 1
X -0.5514 -0.8125 0.1891
Y -0.7726 0.5829 0.2517
Z -0.3147 -0.0073 -0.9491

PART 66
OFFSET 0.0000 0.0000 0.0000
SCALE 1 1 1
X 1.0000 0.0000 0.0000
Y 0.0000 1.0000 0.0000
Z 0.0000 0.0000 1.0000

PART 67
OFFSET 0.0000 0.0000 0.0000
SCALE 1 1 1
X 1.0000 0.0034 -0.0043
Y -0.0034 1.0000 -0.0010
Z 0.0043 0.0010 1.0000

PART 68
OFFSET 1.5583 0.0096 4.1290
SCALE 1 1 1
X 1.0000 0.0034 -0.0043
Y -0.0034 1.0000 -0.0010
Z 0.0043 0.0010 1.0000

PART 69
OFFSET -4.6377 -0.0173 -1.3569
SCALE 1 1 1
X 1.0000 0.0034 -0.0043
Y -0.0034 1.0000 -0.0010
Z 0.0043 0.0010 1.0000

PART 70
OFFSET 7.9688 -2.9885 -5.0102
SCALE 1 1 1
X 0.9992 0.0054 0.0404
Y -0.0109 0.9903 0.1384
Z -0.0393 -0.1387 0.9896

PART 71
OFFSET 12.4479 -3.9565 -2.7185
SCALE 1 1 1
X -0.0136 -0.8908 0.4542
Y 0.9992 0.0054 0.0404
Z -0.0385 0.4544 0.8900

PART 72
OFFSET 35.5603 -3.1707 -1.4099
SCALE 1 1 1
X 0.9992 0.0054 0.0404
Y -0.0109 0.9903 0.1384
Z -0.0393 -0.1387 0.9896

PART 73
OFFSET 12.2084 -3.1519 -3.5658
SCALE 1 1 1
X 0.9992 0.0054 0.0404
Y -0.0109 0.9903 0.1384
Z -0.0393 -0.1387 0.9896

PART 74
OFFSET 6.5720 -3.3940 -2.2181
SCALE 1 1 1
X 0.9992 0.0054 0.0404
Y -0.0109 0.9903 0.1384
Z -0.0393 -0.1387 0.9896

PART 75
OFFSET 9.6617 -3.4417 -1.6323
SCALE 1 1 1
X 0.9992 0.0054 0.0404
Y -0.0109 0.9903 0.1384
Z -0.0393 -0.1387 0.9896

PART 76
OFFSET 9.6617 -3.4417 -1.6323
SCALE 1 1 1
X 0.9992 0.0054 0.0404
Y -0.0109 0.9903 0.1384
Z -0.0393 -0.1387 0.9896

PART 77
OFFSET 9.6617 -3.4417 -1.6323
SCALE 1 1 1
X 0.9992 0.0054 0.0404
Y -0.0109 0.9903 0.1384
Z -0.0393 -0.1387 0.9896


FRAME 153
PART 0
OFFSET 0.0000 0.0000 0.0000
SCALE 1 1 1
X 1.0000 0.0000 0.0000
Y 0.0000 1.0000 0.0000
Z 0.0000 0.0000 1.0000

PART 1
OFFSET -7.6807 -2.7496 1.5396
SCALE 1 1 1
X 1.0000 0.0000 0.0000
Y 0.0000 1.0000 0.0000
Z 0.0000 0.0000 1.0000

PART 2
OFFSET -3.2084 8.4660 -2.4822
SCALE 1 1 1
X 0.7993 0.1304 -0.5866
Y -0.1022 -0.9324 -0.3466
Z -0.5921 0.3370 -0.7320

PART 3
OFFSET 6.4585 10.0431 -9.5763
SCALE 1 1 1
X 0.6632 -0.6979 0.2703
Y -0.6390 -0.3398 0.6901
Z -0.3898 -0.6304 -0.6713

PART 4
OFFSET 12.0990 4.1068 -7.2769
SCALE 1 1 1
X 0.6632 -0.6979 0.2703
Y 0.2304 0.5340 0.8135
Z -0.7121 -0.4772 0.5149

PART 5
OFFSET 14.1770 4.5227 -6.1350
SCALE 1 1 1
X 0.6680 -0.6942 0.2681
Y 0.3971 0.6372 0.6606
Z -0.6293 -0.3348 0.7013

PART 6
OFFSET 13.2891 3.3653 -8.3595
SCALE 1 1 1
X 0.6680 -0.6942 0.2681
Y 0.3971 0.6372 0.6606
Z -0.6293 -0.3348 0.7013

PART 7
OFFSET 13.0669 3.2318 -4.8112
SCALE 1 1 1
X 0.6680 -0.6942 0.2681
Y 0.3971 0.6372 0.6606
Z -0.6293 -0.3348 0.7013

PART 8
OFFSET 12.3337 2.2483 -5.9205
SCALE 1 1 1
X 0.6680 -0.6942 0.2681
Y 0.3971 0.6372 0.6606
Z -0.6293 -0.3348 0.7013

PART 9
OFFSET 11.6317 1.6315 -7.2005
SCALE 1 1 1
X 0.6680 -0.6942 0.2681
Y 0.3971 0.6372 0.6606
Z -0.6293 -0.3348 0.7013

PART 10
OFFSET 14.1321 1.9672 -6.4481
SCALE 1 1 1
X 0.8116 -0.5596 0.1682
Y 0.2212 0.5606 0.7980
Z -0.5408 -0.6104 0.5788

PART 11
OFFSET 14.4885 2.0059 -5.3648
SCALE 1 1 1
X 0.5309 -0.6071 0.5913
Y -0.2081 0.5830 0.7854
Z -0.8215 -0.5400 0.1832

PART 12
OFFSET 15.5676 0.7239 -4.0003
SCALE 1 1 1
X 0.6821 -0.6047 0.4113
Y -0.2674 0.3172 0.9099
Z -0.6806 -0.7306 0.0547

PART 13
OFFSET 16.6085 -0.3530 -3.3844
SCALE 1 1 1
X 0.5622 -0.6533 0.5070
Y -0.2789 0.4273 0.8600
Z -0.7785 -0.6249 0.0580

PART 14
OFFSET 17.1761 -1.0808 -2.8188
SCALE 1 1 1
X 0.8576 0.0072 0.5142
Y 0.3502 0.7241 -0.5942
Z -0.3766 0.6897 0.6185

PART 15
OFFSET 14.4726 0.7700 -7.0433
SCALE 1 1 1
X 0.6997 -0.6236 -0.3486
Y -0.3606 -0.7295 0.5812
Z -0.6168 -0.2810 -0.7353

PART 16
OFFSET 16.0903 -0.6797 -7.6483
SCALE 1 1 1
X 0.8524 -0.4171 -0.3154
Y -0.2643 -0.8641 0.4283
Z -0.4512 -0.2817 -0.8468

PART 17
OFFSET 17.2971 -1.2702 -8.0948
SCALE 1 1 1
X 0.2278 -0.9525 0.2023
Y -0.8873 -0.1174 0.4461
Z -0.4011 -0.2811 -0.8718

PART 18
OFFSET 17.4991 -2.1147 -7.9154
SCALE 1 1 1
X -0.0825 -0.9314 0.3546
Y -0.8833 0.2331 0.4067
Z -0.4614 -0.2797 -0.8419

PART 19
OFFSET 17.4208 -2.9995 -7.5785
SCALE 1 1 1
X 0.6843 0.6065 -0.4048
Y -0.6721 0.7399 -0.0276
Z 0.2828 0.2910 0.9140

PART 20
OFFSET 14.8737 1.1047 -6.5568
SCALE 1 1 1
X 0.7860 -0.6014 -0.1429
Y -0.4566 -0.7207 0.5216
Z -0.4167 -0.3448 -0.8411

PART 21
OFFSET 16.8619 -0.4915 -7.0641
SCALE 1 1 1
X 0.8549 -0.5153 -0.0608
Y -0.3574 -0.6697 0.6510
Z -0.3761 -0.5348 -0.7566

PART 22
OFFSET 18.3173 -1.3688 -7.1676
SCALE 1 1 1
X 0.1811 -0.8389 0.5132
Y -0.9190 0.0415 0.3921
Z -0.3503 -0.5426 -0.7634

PART 23
OFFSET 18.5683 -2.5315 -6.4563
SCALE 1 1 1
X -0.2855 -0.7185 0.6342
Y -0.8918 0.4416 0.0987
Z -0.3510 -0.5374 -0.7668

PART 24
OFFSET 18.2586 -3.3107 -5.7685
SCALE 1 1 1
X 0.7261 0.3100 -0.6138
Y -0.5510 0.7962 -0.2497
Z 0.4113 0.5195 0.7490

PART 25
OFFSET 16.6952 0.8052 -4.3525
SCALE 1 1 1
X 0.5704 -0.8046 0.1648
Y 0.7615 0.4429 -0.4733
Z 0.3078 0.3955 0.8654

PART 26
OFFSET 17.6621 0.4365 -5.4061
SCALE 1 1 1
X 0.8656 -0.5006 -0.0108
Y -0.4582 -0.8007 0.3858
Z -0.2018 -0.3291 -0.9225

PART 27
OFFSET 19.1862 -0.4448 -5.4251
SCALE 1 1 1
X 0.6816 -0.7265 0.0875
Y -0.7091 -0.6262 0.3242
Z -0.1807 -0.2830 -0.9419

PART 28
OFFSET 20.0258 -1.3108 -5.2615
SCALE 1 1 1
X 0.7633 -0.6356 0.1160
Y -0.6291 -0.6903 0.3573
Z -0.1470 -0.3457 -0.9268

PART 29
OFFSET 20.8879 -2.0287 -5.1305
SCALE 1 1 1
X 0.2781 0.7328 -0.6210
Y -0.8896 0.4403 0.1212
Z 0.3623 0.5187 0.7744

PART 30
OFFSET 17.2386 -0.2215 -6.1859
SCALE 1 1 1
X 0.8834 -0.4681 -0.0225
Y -0.3799 -0.7434 0.5505
Z -0.2744 -0.4777 -0.8345

PART 31
OFFSET 18.9644 -1.1359 -6.2299
SCALE 1 1 1
X 0.5639 -0.7911 0.2372
Y -0.7633 -0.3895 0.5155
Z -0.3154 -0.4717 -0.8234

PART 32
OFFSET 19.7880 -2.2913 -5.8834
SCALE 1 1 1
X 0.4058 -0.8576 0.3160
Y -0.8358 -0.2083 0.5080
Z -0.3698 -0.4703 -0.8013

PART 33
OFFSET 20.2456 -3.2658 -5.5316
SCALE 1 1 1
X 0.2463 0.8207 -0.5156
Y -0.9259 0.3564 0.1251
Z 0.2864 0.4466 0.8477

PART 34
OFFSET 15.3890 -0.7822 -5.5403
SCALE 1 1 1
X -0.4950 -0.3254 -0.8057
Y 0.5408 0.6104 -0.5788
Z 0.6801 -0.7222 -0.1262

PART 35
OFFSET 8.0807 -3.1344 -4.7865
SCALE 1 1 1
X 0.9965 0.0061 0.0833
Y -0.0169 0.9914 0.1298
Z -0.0818 -0.1307 0.9880

PART 36
OFFSET -13.3341 -6.7471 -6.3406
SCALE 1 1 1
X -0.8395 0.3505 0.4152
Y -0.1868 -0.9037 0.3851
Z 0.5103 0.2457 0.8242

PART 37
OFFSET -3.1815 -10.9862 -11.3623
SCALE 1 1 1
X -0.6613 -0.6076 -0.4400
Y 0.7435 -0.4532 -0.4917
Z 0.0993 -0.6523 0.7515

PART 38
OFFSET 2.4429 -5.8184 -7.6204
SCALE 1 1 1
X -0.6613 -0.6076 -0.4400
Y 0.5494 0.0070 -0.8355
Z 0.5107 -0.7942 0.3292

PART 39
OFFSET 2.8123 -3.8105 -7.6801
SCALE 1 1 1
X -0.6660 -0.6031 -0.4391
Y -0.1081 0.6604 -0.7431
Z 0.7381 -0.4474 -0.5050

PART 40
OFFSET 2.4863 -3.6828 -6.4956
SCALE 1 1 1
X -0.6660 -0.6031 -0.4391
Y -0.1081 0.6604 -0.7431
Z 0.7381 -0.4474 -0.5050

PART 41
OFFSET 2.8125 -4.6973 -5.3611
SCALE 1 1 1
X -0.6660 -0.6031 -0.4391
Y -0.1081 0.6604 -0.7431
Z 0.7381 -0.4474 -0.5050

PART 42
OFFSET 4.4702 -3.9557 -6.2716
SCALE 1 1 1
X -0.9919 0.0862 -0.0935
Y 0.1027 0.1085 -0.9888
Z -0.0750 -0.9904 -0.1165

PART 43
OFFSET 4.8481 -3.6926 -5.2275
SCALE 1 1 1
X -0.7288 -0.5869 -0.3526
Y 0.1441 0.3720 -0.9170
Z 0.6694 -0.7191 -0.1865

PART 44
OFFSET 6.3691 -2.4231 -4.3646
SCALE 1 1 1
X -0.6414 -0.3966 0.6568
Y -0.5578 -0.3468 -0.7541
Z 0.5268 -0.8500 0.0012

PART 45
OFFSET 7.3122 -1.7083 -5.4700
SCALE 1 1 1
X 0.2028 -0.0158 0.9791
Y -0.7967 -0.5839 0.1556
Z 0.5693 -0.8116 -0.1310

PART 46
OFFSET 7.0804 -1.6441 -6.5254
SCALE 1 1 1
X -0.3802 0.3893 0.8390
Y -0.3111 0.8004 -0.5124
Z -0.8710 -0.4558 -0.1832

PART 47
OFFSET 5.4346 -3.7122 -7.2277
SCALE 1 1 1
X -0.8736 0.0158 0.4864
Y -0.0522 -0.9967 -0.0614
Z 0.4839 -0.0790 0.8716

PART 48
OFFSET 7.4743 -3.6371 -8.1861
SCALE 1 1 1
X -0.3946 -0.9132 -0.1015
Y 0.8302 -0.3070 -0.4653
Z 0.3938 -0.2679 0.8793

PART 49
OFFSET 8.0330 -2.3442 -8.0424
SCALE 1 1 1
X 0.7414 -0.4850 -0.4638
Y 0.5707 0.8193 0.0556
Z 0.3530 -0.3059 0.8842

PART 50
OFFSET 7.3756 -1.9142 -7.6312
SCALE 1 1 1
X 0.8913 0.3511 -0.2870
Y -0.2418 0.9034 0.3541
Z 0.3836 -0.2462 0.8901

PART 51
OFFSET 6.5289 -2.2477 -7.3586
SCALE 1 1 1
X -0.5854 -0.8000 -0.1315
Y -0.7076 0.4250 0.5645
Z -0.3957 0.4235 -0.8149

PART 52
