// Export filename: `C:/Program Files/Activision/Call of Duty 4 - Modern Warfare/xanim_export/viewmodels/M16/m16_pullout_quick.XANIM_EXPORT`
// Source filename: `C:/Program Files/Activision/Call of Duty 4 - Modern Warfare/bin/maya/animation_src/viewmodel/m16/viewmodel_m16_animation.mb`
// Export time: Mon Jan 07 16:17:03 2008

ANIMATION
VERSION 3

NUMPARTS 78
PART 0 "tag_ads"
PART 1 "tag_torso"
PART 2 "J_Shoulder_LE"
PART 3 "J_Elbow_LE"
PART 4 "J_WristTwist_LE"
PART 5 "J_Sleave_Reshape_Bottom_LE_1"
PART 6 "J_Sleave_Reshape_Bottom_LE_2"
PART 7 "J_Sleave_Reshape_Top_LE_1"
PART 8 "J_Sleave_Reshape_Top_LE_2"
PART 9 "J_Sleave_Reshape_Top_LE_3"
PART 10 "J_Wrist_LE"
PART 11 "J_Thumb_LE_0"
PART 12 "J_Thumb_LE_1"
PART 13 "J_Thumb_LE_2"
PART 14 "J_Thumb_LE_3"
PART 15 "J_PinkyPalm_LE"
PART 16 "J_Pinky_LE_0"
PART 17 "J_Pinky_LE_1"
PART 18 "J_Pinky_LE_2"
PART 19 "J_Pinky_LE_3"
PART 20 "J_RingPalm_LE"
PART 21 "J_Ring_LE_0"
PART 22 "J_Ring_LE_1"
PART 23 "J_Ring_LE_2"
PART 24 "J_Ring_LE_3"
PART 25 "J_Webbing_LE"
PART 26 "J_Index_LE_0"
PART 27 "J_Index_LE_1"
PART 28 "J_Index_LE_2"
PART 29 "J_Index_LE_3"
PART 30 "J_Mid_LE_0"
PART 31 "J_Mid_LE_1"
PART 32 "J_Mid_LE_2"
PART 33 "J_Mid_LE_3"
PART 34 "tag_knife_attach"
PART 35 "tag_weapon"
PART 36 "J_Shoulder_RI"
PART 37 "J_Elbow_RI"
PART 38 "J_WristTwist_RI"
PART 39 "J_Sleave_Reshape_Top_RI_3"
PART 40 "J_Sleave_Reshape_Top_RI_2"
PART 41 "J_Sleave_Reshape_Top_RI_1"
PART 42 "J_Wrist_RI"
PART 43 "J_Thumb_RI_0"
PART 44 "J_Thumb_RI_1"
PART 45 "J_Thumb_RI_2"
PART 46 "J_Thumb_RI_3"
PART 47 "J_PinkyPalm_RI"
PART 48 "J_Pinky_RI_0"
PART 49 "J_Pinky_RI_1"
PART 50 "J_Pinky_RI_2"
PART 51 "J_Pinky_RI_3"
PART 52 "J_RingPalm_RI"
PART 53 "J_Ring_RI_0"
PART 54 "J_Ring_RI_1"
PART 55 "J_Ring_RI_2"
PART 56 "J_Ring_RI_3"
PART 57 "J_Webbing_RI"
PART 58 "J_Index_RI_0"
PART 59 "J_Index_RI_1"
PART 60 "J_Index_RI_2"
PART 61 "J_Index_RI_3"
PART 62 "J_Mid_RI_0"
PART 63 "J_Mid_RI_1"
PART 64 "J_Mid_RI_2"
PART 65 "J_Mid_RI_3"
PART 66 "tag_cambone"
PART 67 "tag_camera"
PART 68 "tag_gasmask"
PART 69 "tag_gasmask2"
PART 70 "J_Gun"
PART 71 "TAG_BRASS"
PART 72 "TAG_FLASH"
PART 73 "TAG_CLIP"
PART 74 "J_Clip_Release"
PART 75 "TAG_REFLEX_SIGHT"
PART 76 "TAG_ACOG"
PART 77 "TAG_IRON_SIGHT"

FRAMERATE 30
NUMFRAMES 24

FRAME 850
PART 0
OFFSET 0.0000 0.0000 0.0000
SCALE 1 1 1
X 1.0000 0.0000 0.0000
Y 0.0000 1.0000 0.0000
Z 0.0000 0.0000 1.0000

PART 1
OFFSET -7.6807 -2.7496 1.5396
SCALE 1 1 1
X 1.0000 0.0000 0.0000
Y 0.0000 1.0000 0.0000
Z 0.0000 0.0000 1.0000

PART 2
OFFSET -2.7933 7.6947 -2.4602
SCALE 1 1 1
X 0.3914 0.3860 -0.8354
Y 0.0732 -0.9180 -0.3898
Z -0.9173 0.0914 -0.3875

PART 3
OFFSET 1.9399 12.3628 -12.5631
SCALE 1 1 1
X 0.8623 -0.1160 -0.4929
Y 0.3045 -0.6590 0.6878
Z -0.4046 -0.7432 -0.5329

PART 4
OFFSET 9.2743 11.3761 -16.7553
SCALE 1 1 1
X 0.8623 -0.1160 -0.4929
Y 0.2497 -0.7494 0.6132
Z -0.4405 -0.6518 -0.6173

PART 5
OFFSET 10.5269 12.5655 -17.6798
SCALE 1 1 1
X 0.8616 -0.1100 -0.4955
Y 0.3977 0.7529 0.5244
Z 0.3154 -0.6489 0.6924

PART 6
OFFSET 9.4684 11.5523 -18.5145
SCALE 1 1 1
X 0.8616 -0.1100 -0.4955
Y 0.3977 0.7529 0.5244
Z 0.3154 -0.6489 0.6924

PART 7
OFFSET 11.6863 10.7709 -16.2675
SCALE 1 1 1
X 0.8616 -0.1100 -0.4955
Y 0.3977 0.7529 0.5244
Z 0.3154 -0.6489 0.6924

PART 8
OFFSET 11.1151 9.6074 -16.8153
SCALE 1 1 1
X 0.8616 -0.1100 -0.4955
Y 0.3977 0.7529 0.5244
Z 0.3154 -0.6489 0.6924

PART 9
OFFSET 10.2793 9.8362 -17.5525
SCALE 1 1 1
X 0.8616 -0.1100 -0.4955
Y 0.3977 0.7529 0.5244
Z 0.3154 -0.6489 0.6924

PART 10
OFFSET 11.9179 11.0205 -18.2664
SCALE 1 1 1
X 0.6241 -0.6428 0.4442
Y -0.7501 -0.3338 0.5709
Z -0.2187 -0.6895 -0.6905

PART 11
OFFSET 11.3850 10.1261 -17.7992
SCALE 1 1 1
X 0.1710 -0.9658 -0.1948
Y -0.8021 -0.2513 0.5417
Z -0.5722 0.0636 -0.8177

PART 12
OFFSET 11.6422 8.0204 -18.2109
SCALE 1 1 1
X 0.2090 -0.9741 -0.0868
Y -0.9176 -0.2260 0.3270
Z -0.3382 0.0113 -0.9410

PART 13
OFFSET 11.9964 6.4626 -18.4760
SCALE 1 1 1
X -0.0307 -0.9921 -0.1213
Y -0.9073 -0.0232 0.4198
Z -0.4193 0.1229 -0.8995

PART 14
OFFSET 11.9285 5.3950 -18.6411
SCALE 1 1 1
X 0.0596 -0.8161 0.5748
Y 0.6078 0.4865 0.6277
Z -0.7919 0.3119 0.5250

PART 15
OFFSET 13.2050 10.6946 -18.6414
SCALE 1 1 1
X 0.8750 -0.4825 0.0391
Y -0.3796 -0.7342 -0.5629
Z 0.3003 0.4777 -0.8256

PART 16
OFFSET 15.0808 9.4510 -18.5023
SCALE 1 1 1
X 0.8375 -0.4842 -0.2531
Y -0.5464 -0.7450 -0.3827
Z -0.0033 0.4588 -0.8885

PART 17
OFFSET 16.2666 8.7654 -18.8607
SCALE 1 1 1
X 0.2469 -0.8699 -0.4270
Y -0.9676 -0.1975 -0.1570
Z 0.0523 0.4519 -0.8905

PART 18
OFFSET 16.4854 7.9941 -19.2392
SCALE 1 1 1
X -0.2072 -0.8772 -0.4332
Y -0.9782 0.1792 0.1051
Z -0.0146 0.4455 -0.8951

PART 19
OFFSET 16.2886 7.1608 -19.6508
SCALE 1 1 1
X 0.7747 0.4940 0.3948
Y -0.6070 0.7560 0.2450
Z -0.1774 -0.4294 0.8855

PART 20
OFFSET 12.8743 10.4277 -18.0678
SCALE 1 1 1
X 0.7930 -0.5664 0.2245
Y -0.2429 -0.6318 -0.7360
Z 0.5587 0.5291 -0.6386

PART 21
OFFSET 15.0207 9.0502 -17.5638
SCALE 1 1 1
X 0.8267 -0.5247 -0.2031
Y -0.5164 -0.5645 -0.6439
Z 0.2232 0.6372 -0.7376

PART 22
OFFSET 16.4282 8.1569 -17.9095
SCALE 1 1 1
X 0.3959 -0.7610 -0.5140
Y -0.8838 -0.1637 -0.4384
Z 0.2495 0.6278 -0.7373

PART 23
OFFSET 16.9769 7.1023 -18.6219
SCALE 1 1 1
X 0.0667 -0.7668 -0.6385
Y -0.9666 0.1090 -0.2319
Z 0.2474 0.6326 -0.7339

PART 24
OFFSET 17.0492 6.2707 -19.3143
SCALE 1 1 1
X 0.5097 0.5971 0.6195
Y -0.8399 0.5014 0.2077
Z -0.1866 -0.6261 0.7571

PART 25
OFFSET 12.5337 8.1393 -16.3608
SCALE 1 1 1
X 0.6715 -0.7320 0.1155
Y 0.3611 0.4594 0.8115
Z -0.6471 -0.5032 0.5728

PART 26
OFFSET 13.8654 8.5202 -15.8485
SCALE 1 1 1
X 0.7880 -0.6112 0.0744
Y -0.4592 -0.6639 -0.5903
Z 0.4101 0.4310 -0.8038

PART 27
OFFSET 15.2527 7.4441 -15.7176
SCALE 1 1 1
X 0.6479 -0.7554 -0.0975
Y -0.6282 -0.4576 -0.6292
Z 0.4307 0.4690 -0.7711

PART 28
OFFSET 16.0142 6.4973 -15.7893
SCALE 1 1 1
X 0.4778 -0.8630 -0.1641
Y -0.7471 -0.3010 -0.5926
Z 0.4621 0.4058 -0.7886

PART 29
OFFSET 16.5539 5.5225 -15.9746
SCALE 1 1 1
X 0.6489 0.6668 0.3666
Y -0.7367 0.6711 0.0833
Z -0.1905 -0.3241 0.9266

PART 30
OFFSET 14.5733 8.8273 -16.6390
SCALE 1 1 1
X 0.8072 -0.5782 -0.1186
Y -0.4899 -0.5441 -0.6812
Z 0.3293 0.6079 -0.7225

PART 31
OFFSET 16.1502 7.6976 -16.8707
SCALE 1 1 1
X 0.5727 -0.7221 -0.3880
Y -0.7672 -0.3053 -0.5641
Z 0.2889 0.6207 -0.7289

PART 32
OFFSET 16.9867 6.6429 -17.4375
SCALE 1 1 1
X 0.2810 -0.7783 -0.5614
Y -0.9310 -0.0791 -0.3564
Z 0.2330 0.6228 -0.7469

PART 33
OFFSET 17.3073 5.7658 -18.0784
SCALE 1 1 1
X 0.3643 0.6075 0.7059
Y -0.8735 0.4857 0.0328
Z -0.3229 -0.6285 0.7076

PART 34
OFFSET 13.6810 8.4069 -18.4221
SCALE 1 1 1
X 0.4796 0.5403 -0.6914
Y 0.2187 0.6895 0.6905
Z 0.8498 -0.4824 0.2125

PART 35
OFFSET -0.1841 -18.2751 -10.4249
SCALE 1 1 1
X 0.7936 -0.4370 -0.4235
Y 0.5820 0.7481 0.3188
Z 0.1775 -0.4995 0.8480

PART 36
OFFSET -13.2480 -6.8944 -6.2307
SCALE 1 1 1
X 0.2877 0.9320 0.2207
Y -0.2727 -0.1412 0.9517
Z 0.9181 -0.3340 0.2135

PART 37
OFFSET -16.7272 -18.1654 -8.8994
SCALE 1 1 1
X -0.9672 -0.1681 0.1905
Y 0.1003 -0.9416 -0.3213
Z 0.2334 -0.2917 0.9276

PART 38
OFFSET -8.5009 -16.7358 -10.5199
SCALE 1 1 1
X -0.9672 -0.1681 0.1905
Y -0.2340 0.2973 -0.9257
Z 0.0989 -0.9399 -0.3268

PART 39
OFFSET -7.5639 -15.6437 -12.3452
SCALE 1 1 1
X -0.9684 -0.1616 0.1899
Y -0.2321 0.3057 -0.9234
Z 0.0912 -0.9383 -0.3335

PART 40
OFFSET -7.0377 -15.1621 -11.2531
SCALE 1 1 1
X -0.9684 -0.1616 0.1899
Y -0.2321 0.3057 -0.9234
Z 0.0912 -0.9383 -0.3335

PART 41
OFFSET -6.3724 -16.0564 -9.1716
SCALE 1 1 1
X -0.9684 -0.1616 0.1899
Y -0.2321 0.3057 -0.9234
Z 0.0912 -0.9383 -0.3335

PART 42
OFFSET -5.5358 -16.2206 -11.1039
SCALE 1 1 1
X -0.8866 0.4419 0.1368
Y -0.0444 0.2132 -0.9760
Z -0.4605 -0.8714 -0.1694

PART 43
OFFSET -4.9051 -16.2673 -10.1541
SCALE 1 1 1
X -0.8863 -0.0200 -0.4627
Y 0.4371 0.2942 -0.8500
Z 0.1531 -0.9555 -0.2520

PART 44
OFFSET -3.0447 -16.2002 -9.0567
SCALE 1 1 1
X -0.8744 0.0080 0.4851
Y -0.4815 0.1081 -0.8698
Z -0.0594 -0.9941 -0.0906

PART 45
OFFSET -1.6551 -16.0954 -9.8815
SCALE 1 1 1
X -0.2858 -0.2051 0.9361
Y -0.9580 0.0367 -0.2844
Z 0.0240 -0.9781 -0.2070

PART 46
OFFSET -1.3309 -15.8295 -10.8795
SCALE 1 1 1
X -0.4238 0.4844 0.7653
Y 0.4335 0.8504 -0.2982
Z -0.7953 0.2054 -0.5704

PART 47
OFFSET -4.7400 -16.1901 -12.2306
SCALE 1 1 1
X -0.8578 0.0885 0.5064
Y -0.2448 -0.9366 -0.2508
Z 0.4521 -0.3391 0.8250

PART 48
OFFSET -2.7169 -16.3236 -13.2174
SCALE 1 1 1
X -0.6497 -0.7296 -0.2135
Y 0.6278 -0.3566 -0.6919
Z 0.4287 -0.5836 0.6897

PART 49
OFFSET -1.7970 -15.2907 -12.9151
SCALE 1 1 1
X 0.2243 -0.6678 -0.7097
Y 0.8974 0.4255 -0.1167
Z 0.3800 -0.6107 0.6948

PART 50
OFFSET -1.9960 -14.6986 -12.2859
SCALE 1 1 1
X 0.8381 -0.0190 -0.5452
Y 0.3266 0.8180 0.4735
Z 0.4369 -0.5749 0.6918

PART 51
OFFSET -2.7922 -14.6805 -11.7680
SCALE 1 1 1
X -0.9092 -0.4158 0.0197
Y -0.2376 0.5571 0.7957
Z -0.3418 0.7188 -0.6054

PART 52
OFFSET -4.5798 -16.5507 -11.6357
SCALE 1 1 1
X -0.9040 0.2216 0.3655
Y -0.3067 -0.9319 -0.1935
Z 0.2978 -0.2870 0.9105

PART 53
OFFSET -2.2845 -17.1038 -12.7238
SCALE 1 1 1
X -0.6399 -0.7620 -0.0993
Y 0.5894 -0.4038 -0.6997
Z 0.4931 -0.5062 0.7075

PART 54
OFFSET -1.1951 -15.8064 -12.5548
SCALE 1 1 1
X 0.4185 -0.5766 -0.7017
Y 0.7766 0.6278 -0.0527
Z 0.4709 -0.5229 0.7105

PART 55
OFFSET -1.7751 -15.0073 -11.5823
SCALE 1 1 1
X 0.8717 0.1383 -0.4701
Y 0.1453 0.8432 0.5176
Z 0.4680 -0.5195 0.7149

PART 56
OFFSET -2.7205 -15.1573 -11.0725
SCALE 1 1 1
X -0.7742 -0.6205 0.1247
Y -0.4008 0.6331 0.6623
Z -0.4899 0.4628 -0.7388

PART 57
OFFSET -9.4349 -15.0288 -9.8000
SCALE 1 1 1
X -0.9536 0.1322 0.2704
Y 0.1809 0.9698 0.1636
Z -0.2406 0.2049 -0.9488

PART 58
OFFSET -2.2189 -18.4270 -10.9639
SCALE 1 1 1
X -0.8205 0.5000 0.2772
Y -0.5617 -0.7952 -0.2282
Z 0.1063 -0.3430 0.9333

PART 59
OFFSET -0.7743 -19.3073 -11.4519
SCALE 1 1 1
X -0.8138 -0.5776 -0.0638
Y 0.5640 -0.7585 -0.3266
Z 0.1403 -0.3018 0.9430

PART 60
OFFSET 0.2235 -18.6234 -11.3171
SCALE 1 1 1
X -0.5234 -0.8120 -0.2583
Y 0.8468 -0.4620 -0.2635
Z 0.0945 -0.3567 0.9294

PART 61
OFFSET 0.8147 -17.7063 -11.0253
SCALE 1 1 1
X -0.5675 0.5811 0.5834
Y 0.7351 0.6767 0.0410
Z -0.3709 0.4521 -0.8112

PART 62
OFFSET -2.2790 -17.9923 -11.9777
SCALE 1 1 1
X -0.7178 -0.6963 -0.0062
Y 0.5832 -0.5963 -0.5516
Z 0.3803 -0.3995 0.8341

PART 63
OFFSET -0.8768 -16.6321 -11.9655
SCALE 1 1 1
X 0.3318 -0.7803 -0.5302
Y 0.8456 0.4952 -0.1996
Z 0.4182 -0.3821 0.8241

PART 64
OFFSET -1.3614 -15.4924 -11.1912
SCALE 1 1 1
X 0.8818 0.0318 -0.4705
Y 0.1312 0.9418 0.3096
Z 0.4530 -0.3347 0.8263

PART 65
OFFSET -2.3632 -15.5255 -10.6639
SCALE 1 1 1
X -0.7889 -0.6045 0.1102
Y -0.4321 0.6733 0.5999
Z -0.4369 0.4256 -0.7924

PART 66
OFFSET 0.0000 0.0000 0.0000
SCALE 1 1 1
X 1.0000 0.0000 0.0000
Y 0.0000 1.0000 0.0000
Z 0.0000 0.0000 1.0000

PART 67
OFFSET 0.0000 0.0000 0.0000
SCALE 1 1 1
X 1.0000 0.0000 0.0000
Y 0.0000 1.0000 0.0000
Z 0.0000 -0.0000 1.0000

PART 68
OFFSET 1.5404 -0.0000 4.1357
SCALE 1 1 1
X 1.0000 0.0000 0.0000
Y 0.0000 1.0000 0.0000
Z 0.0000 -0.0000 1.0000

PART 69
OFFSET -4.6318 0.0000 -1.3770
SCALE 1 1 1
X 1.0000 0.0000 0.0000
Y 0.0000 1.0000 0.0000
Z 0.0000 -0.0000 1.0000

PART 70
OFFSET -0.1841 -18.2751 -10.4249
SCALE 1 1 1
X 0.7936 -0.4370 -0.4235
Y 0.5820 0.7481 0.3188
Z 0.1775 -0.4995 0.8480

PART 71
OFFSET 3.4299 -21.8973 -10.6898
SCALE 1 1 1
X -0.3750 -0.8993 0.2252
Y 0.7936 -0.4370 -0.4235
Z 0.4793 0.0199 0.8774

PART 72
OFFSET 22.2613 -31.6233 -20.0331
SCALE 1 1 1
X 0.7936 -0.4370 -0.4235
Y 0.5820 0.7481 0.3188
Z 0.1775 -0.4995 0.8480

PART 73
OFFSET 3.4464 -20.7995 -11.1559
SCALE 1 1 1
X 0.7936 -0.4370 -0.4235
Y 0.5820 0.7481 0.3188
Z 0.1775 -0.4995 0.8480

PART 74
OFFSET -0.6936 -19.1491 -7.4436
SCALE 1 1 1
X 0.7936 -0.4370 -0.4235
Y 0.5820 0.7481 0.3188
Z 0.1775 -0.4995 0.8480

PART 75
OFFSET 1.8573 -20.7405 -8.3667
SCALE 1 1 1
X 0.7936 -0.4370 -0.4235
Y 0.5820 0.7481 0.3188
Z 0.1775 -0.4995 0.8480

PART 76
OFFSET 1.8573 -20.7405 -8.3667
SCALE 1 1 1
X 0.7936 -0.4370 -0.4235
Y 0.5820 0.7481 0.3188
Z 0.1775 -0.4995 0.8480

PART 77
OFFSET 1.8573 -20.7405 -8.3667
SCALE 1 1 1
X 0.7936 -0.4370 -0.4235
Y 0.5820 0.7481 0.3188
Z 0.1775 -0.4995 0.8480


FRAME 851
PART 0
OFFSET 0.0000 0.0000 0.0000
SCALE 1 1 1
X 1.0000 0.0000 0.0000
Y 0.0000 1.0000 0.0000
Z 0.0000 0.0000 1.0000

PART 1
OFFSET -7.6807 -2.7496 1.5396
SCALE 1 1 1
X 1.0000 0.0000 0.0000
Y 0.0000 1.0000 0.0000
Z 0.0000 0.0000 1.0000

PART 2
OFFSET -2.7949 7.6976 -2.4597
SCALE 1 1 1
X 0.3370 0.4310 -0.8371
Y 0.0995 -0.9004 -0.4235
Z -0.9362 0.0595 -0.3463

PART 3
OFFSET 1.2808 12.9094 -12.5833
SCALE 1 1 1
X 0.8936 -0.1675 -0.4165
Y 0.2195 -0.6465 0.7307
Z -0.3917 -0.7443 -0.5409

PART 4
OFFSET 8.8808 11.4848 -16.1262
SCALE 1 1 1
X 0.8936 -0.1675 -0.4165
Y 0.1867 -0.7052 0.6840
Z -0.4083 -0.6890 -0.5989

PART 5
OFFSET 10.2496 12.5921 -16.9896
SCALE 1 1 1
X 0.8933 -0.1616 -0.4194
Y 0.3859 0.7540 0.5315
Z 0.2304 -0.6367 0.7359

PART 6
OFFSET 9.2247 11.5867 -17.8640
SCALE 1 1 1
X 0.8933 -0.1616 -0.4194
Y 0.3859 0.7540 0.5315
Z 0.2304 -0.6367 0.7359

PART 7
OFFSET 11.2258 10.7940 -15.4199
SCALE 1 1 1
X 0.8933 -0.1616 -0.4194
Y 0.3859 0.7540 0.5315
Z 0.2304 -0.6367 0.7359

PART 8
OFFSET 10.6538 9.6554 -15.9618
SCALE 1 1 1
X 0.8933 -0.1616 -0.4194
Y 0.3859 0.7540 0.5315
Z 0.2304 -0.6367 0.7359

PART 9
OFFSET 9.8800 9.8995 -16.7981
SCALE 1 1 1
X 0.8933 -0.1616 -0.4194
Y 0.3859 0.7540 0.5315
Z 0.2304 -0.6367 0.7359

PART 10
OFFSET 11.6202 10.9713 -17.4032
SCALE 1 1 1
X 0.6230 -0.6226 0.4734
Y -0.7422 -0.2794 0.6092
Z -0.2470 -0.7309 -0.6362

PART 11
OFFSET 11.0828 10.1215 -16.8635
SCALE 1 1 1
X 0.1491 -0.9807 -0.1265
Y -0.7925 -0.1951 0.5778
Z -0.5913 0.0141 -0.8063

PART 12
OFFSET 11.2926 7.9866 -17.1238
SCALE 1 1 1
X 0.2100 -0.9773 -0.0274
Y -0.9084 -0.2054 0.3641
Z -0.3614 -0.0516 -0.9310

PART 13
OFFSET 11.6453 6.4153 -17.2939
SCALE 1 1 1
X 0.0182 -0.9968 -0.0784
Y -0.8969 -0.0509 0.4393
Z -0.4418 0.0624 -0.8949

PART 14
OFFSET 11.6295 5.3394 -17.4122
SCALE 1 1 1
X 0.1124 -0.7863 0.6075
Y 0.5935 0.5434 0.5936
Z -0.7969 0.2938 0.5278

PART 15
OFFSET 12.8921 10.5959 -17.7834
SCALE 1 1 1
X 0.8670 -0.4955 0.0527
Y -0.4059 -0.7637 -0.5021
Z 0.2890 0.4139 -0.8632

PART 16
OFFSET 14.7484 9.3287 -17.6009
SCALE 1 1 1
X 0.8005 -0.5495 -0.2392
Y -0.5993 -0.7334 -0.3207
Z 0.0008 0.4001 -0.9165

PART 17
OFFSET 15.8817 8.5507 -17.9396
SCALE 1 1 1
X 0.1492 -0.9136 -0.3783
Y -0.9872 -0.1160 -0.1091
Z 0.0558 0.3897 -0.9192

PART 18
OFFSET 16.0140 7.7407 -18.2750
SCALE 1 1 1
X -0.3057 -0.8784 -0.3675
Y -0.9521 0.2773 0.1292
Z -0.0116 0.3894 -0.9210

PART 19
OFFSET 15.7235 6.9062 -18.6241
SCALE 1 1 1
X 0.8331 0.4414 0.3332
Y -0.5235 0.8238 0.2176
Z -0.1784 -0.3557 0.9174

PART 20
OFFSET 12.5704 10.3753 -17.1856
SCALE 1 1 1
X 0.7880 -0.5647 0.2453
Y -0.2713 -0.6761 -0.6850
Z 0.5527 0.4732 -0.6860

PART 21
OFFSET 14.7036 8.9948 -16.6357
SCALE 1 1 1
X 0.7899 -0.5814 -0.1950
Y -0.5688 -0.5758 -0.5873
Z 0.2292 0.5748 -0.7855

PART 22
OFFSET 16.0484 8.0050 -16.9677
SCALE 1 1 1
X 0.2997 -0.8184 -0.4904
Y -0.9194 -0.1104 -0.3776
Z 0.2549 0.5640 -0.7855

PART 23
OFFSET 16.4637 6.8708 -17.6474
SCALE 1 1 1
X -0.0633 -0.7971 -0.6005
Y -0.9653 0.2017 -0.1659
Z 0.2534 0.5692 -0.7822

PART 24
OFFSET 16.3950 6.0063 -18.2987
SCALE 1 1 1
X 0.6158 0.5659 0.5483
Y -0.7645 0.5974 0.2420
Z -0.1906 -0.5682 0.8005

PART 25
OFFSET 12.2300 8.2165 -15.3173
SCALE 1 1 1
X 0.6611 -0.7350 0.1507
Y 0.3882 0.5070 0.7696
Z -0.6421 -0.4502 0.6205

PART 26
OFFSET 13.5799 8.6061 -14.8625
SCALE 1 1 1
X 0.7787 -0.6192 0.1007
Y -0.4821 -0.6933 -0.5356
Z 0.4015 0.3685 -0.8384

PART 27
OFFSET 14.9510 7.5159 -14.6851
SCALE 1 1 1
X 0.6304 -0.7739 -0.0607
Y -0.6507 -0.4841 -0.5850
Z 0.4234 0.4083 -0.8087

PART 28
OFFSET 15.6916 6.5502 -14.7098
SCALE 1 1 1
X 0.4533 -0.8834 -0.1191
Y -0.7676 -0.3189 -0.5559
Z 0.4531 0.3434 -0.8227

PART 29
OFFSET 16.2036 5.5524 -14.8443
SCALE 1 1 1
X 0.6728 0.6721 0.3092
Y -0.7184 0.6933 0.0563
Z -0.1765 -0.2600 0.9493

PART 30
OFFSET 14.2743 8.8445 -15.6880
SCALE 1 1 1
X 0.7755 -0.6216 -0.1101
Y -0.5394 -0.5618 -0.6273
Z 0.3281 0.5458 -0.7710

PART 31
OFFSET 15.7894 7.6301 -15.9030
SCALE 1 1 1
X 0.4829 -0.7854 -0.3873
Y -0.8270 -0.2635 -0.4967
Z 0.2880 0.5601 -0.7767

PART 32
OFFSET 16.4946 6.4829 -16.4687
SCALE 1 1 1
X 0.1524 -0.8243 -0.5453
Y -0.9609 0.0056 -0.2770
Z 0.2314 0.5662 -0.7911

PART 33
OFFSET 16.6695 5.5534 -17.0917
SCALE 1 1 1
X 0.4821 0.5923 0.6456
Y -0.8138 0.5756 0.0797
Z -0.3244 -0.5639 0.7595

PART 34
OFFSET 13.3328 8.3199 -17.4173
SCALE 1 1 1
X 0.4725 0.4823 -0.7376
Y 0.2470 0.7309 0.6362
Z 0.8460 -0.4828 0.2263

PART 35
OFFSET 0.2032 -17.4222 -9.8656
SCALE 1 1 1
X 0.8496 -0.4352 -0.2979
Y 0.5195 0.7880 0.3304
Z 0.0909 -0.4355 0.8956

PART 36
OFFSET -13.2483 -6.8938 -6.2311
SCALE 1 1 1
X 0.2313 0.9489 0.2145
Y -0.2376 -0.1587 0.9583
Z 0.9434 -0.2726 0.1888

PART 37
OFFSET -16.0455 -18.3703 -8.8253
SCALE 1 1 1
X -0.9475 -0.2383 0.2132
Y 0.1606 -0.9313 -0.3269
Z 0.2765 -0.2755 0.9207

PART 38
OFFSET -7.9866 -16.3435 -10.6389
SCALE 1 1 1
X -0.9475 -0.2383 0.2132
Y -0.2785 0.2872 -0.9165
Z 0.1572 -0.9278 -0.3384

PART 39
OFFSET -7.1761 -15.1830 -12.4825
SCALE 1 1 1
X -0.9492 -0.2320 0.2126
Y -0.2761 0.2895 -0.9165
Z 0.1510 -0.9286 -0.3389

PART 40
OFFSET -6.6600 -14.6662 -11.4018
SCALE 1 1 1
X -0.9492 -0.2320 0.2126
Y -0.2761 0.2895 -0.9165
Z 0.1510 -0.9286 -0.3389

PART 41
OFFSET -5.8810 -15.5133 -9.3400
SCALE 1 1 1
X -0.9492 -0.2320 0.2126
Y -0.2761 0.2895 -0.9165
Z 0.1510 -0.9286 -0.3389

PART 42
OFFSET -5.0819 -15.6129 -11.2926
SCALE 1 1 1
X -0.9083 0.4182 0.0039
Y 0.0636 0.1474 -0.9870
Z -0.4134 -0.8963 -0.1605

PART 43
OFFSET -4.5650 -15.5753 -10.2760
SCALE 1 1 1
X -0.8260 -0.0823 -0.5576
Y 0.5237 0.2539 -0.8132
Z 0.2085 -0.9637 -0.1667

PART 44
OFFSET -2.8464 -15.3695 -8.9822
SCALE 1 1 1
X -0.9243 0.0078 0.3815
Y -0.3811 0.0337 -0.9239
Z -0.0201 -0.9994 -0.0282

PART 45
OFFSET -1.3747 -15.2682 -9.6501
SCALE 1 1 1
X -0.3848 -0.1540 0.9101
Y -0.9199 -0.0169 -0.3918
Z 0.0757 -0.9879 -0.1352

PART 46
OFFSET -0.9464 -15.0561 -10.6213
SCALE 1 1 1
X -0.5222 0.5174 0.6779
Y 0.4400 0.8444 -0.3056
Z -0.7305 0.1387 -0.6687

PART 47
OFFSET -4.1616 -15.6279 -12.3203
SCALE 1 1 1
X -0.9126 0.0916 0.3985
Y -0.1887 -0.9589 -0.2117
Z 0.3627 -0.2684 0.8924

PART 48
OFFSET -2.0352 -15.7553 -13.0597
SCALE 1 1 1
X -0.6004 -0.7643 -0.2351
Y 0.7134 -0.3791 -0.5894
Z 0.3614 -0.5216 0.7729

PART 49
OFFSET -1.1851 -14.6732 -12.7268
SCALE 1 1 1
X 0.3244 -0.7042 -0.6315
Y 0.8926 0.4489 -0.0421
Z 0.3131 -0.5500 0.7742

PART 50
OFFSET -1.4727 -14.0488 -12.1669
SCALE 1 1 1
X 0.8962 -0.0247 -0.4429
Y 0.2461 0.8583 0.4502
Z 0.3690 -0.5125 0.7754

PART 51
OFFSET -2.3242 -14.0253 -11.7461
SCALE 1 1 1
X -0.8934 -0.4458 -0.0560
Y -0.3443 0.5991 0.7228
Z -0.2887 0.6650 -0.6887

PART 52
OFFSET -4.0618 -15.9430 -11.6876
SCALE 1 1 1
X -0.9460 0.2135 0.2440
Y -0.2569 -0.9527 -0.1624
Z 0.1978 -0.2163 0.9561

PART 53
OFFSET -1.6417 -16.4860 -12.4664
SCALE 1 1 1
X -0.6031 -0.7888 -0.1182
Y 0.6775 -0.4284 -0.5980
Z 0.4211 -0.4407 0.7928

PART 54
OFFSET -0.6149 -15.1430 -12.2652
SCALE 1 1 1
X 0.5133 -0.6062 -0.6074
Y 0.7597 0.6502 -0.0069
Z 0.3992 -0.4579 0.7943

PART 55
OFFSET -1.3263 -14.3029 -11.4233
SCALE 1 1 1
X 0.9164 0.1372 -0.3761
Y 0.0614 0.8802 0.4707
Z 0.3956 -0.4544 0.7981

PART 56
OFFSET -2.3202 -14.4517 -11.0154
SCALE 1 1 1
X -0.7664 -0.6376 0.0785
Y -0.4920 0.6612 0.5664
Z -0.4131 0.3955 -0.8204

PART 57
OFFSET -9.1377 -14.4773 -10.5278
SCALE 1 1 1
X -0.9819 0.1158 0.1499
Y 0.1338 0.9842 0.1160
Z -0.1341 0.1339 -0.9819

PART 58
OFFSET -1.7442 -17.6869 -10.6229
SCALE 1 1 1
X -0.8615 0.4863 0.1460
Y -0.5077 -0.8288 -0.2352
Z 0.0067 -0.2768 0.9609

PART 59
OFFSET -0.2274 -18.5430 -10.8800
SCALE 1 1 1
X -0.7864 -0.6068 -0.1153
Y 0.6165 -0.7597 -0.2070
Z 0.0380 -0.2338 0.9715

PART 60
OFFSET 0.7310 -17.8195 -10.6809
SCALE 1 1 1
X -0.4716 -0.8430 -0.2586
Y 0.8818 -0.4524 -0.1335
Z -0.0045 -0.2909 0.9567

PART 61
OFFSET 1.2637 -16.8673 -10.3889
SCALE 1 1 1
X -0.6437 0.6010 0.4737
Y 0.7099 0.7002 0.0764
Z -0.2858 0.3855 -0.8773

PART 62
OFFSET -1.6979 -17.3216 -11.6645
SCALE 1 1 1
X -0.6927 -0.7201 -0.0397
Y 0.6597 -0.6104 -0.4384
Z 0.2915 -0.3299 0.8979

PART 63
OFFSET -0.3446 -15.9148 -11.5869
SCALE 1 1 1
X 0.4136 -0.8008 -0.4333
Y 0.8486 0.5114 -0.1351
Z 0.3298 -0.3118 0.8911

PART 64
OFFSET -0.9487 -14.7452 -10.9541
SCALE 1 1 1
X 0.9294 0.0318 -0.3677
Y 0.0683 0.9642 0.2562
Z 0.3627 -0.2632 0.8940

PART 65
OFFSET -2.0038 -14.7787 -10.5437
SCALE 1 1 1
X -0.7795 -0.6235 0.0612
Y -0.5174 0.6958 0.4982
Z -0.3532 0.3566 -0.8649

PART 66
OFFSET 0.0000 0.0000 0.0000
SCALE 1 1 1
X 1.0000 0.0000 0.0000
Y 0.0000 1.0000 0.0000
Z 0.0000 0.0000 1.0000

PART 67
OFFSET 0.0000 0.0000 0.0000
SCALE 1 1 1
X 1.0000 0.0000 0.0000
Y 0.0000 1.0000 0.0000
Z 0.0000 -0.0000 1.0000

PART 68
OFFSET 1.5404 -0.0000 4.1357
SCALE 1 1 1
X 1.0000 0.0000 0.0000
Y 0.0000 1.0000 0.0000
Z 0.0000 -0.0000 1.0000

PART 69
OFFSET -4.6318 0.0000 -1.3770
SCALE 1 1 1
X 1.0000 0.0000 0.0000
Y 0.0000 1.0000 0.0000
Z 0.0000 -0.0000 1.0000

PART 70
OFFSET 0.2032 -17.4222 -9.8656
SCALE 1 1 1
X 0.8496 -0.4352 -0.2979
Y 0.5195 0.7880 0.3304
Z 0.0909 -0.4355 0.8956

PART 71
OFFSET 3.9236 -20.9215 -9.4592
SCALE 1 1 1
X -0.3734 -0.8953 0.2430
Y 0.8496 -0.4352 -0.2979
Z 0.3724 0.0953 0.9232

PART 72
OFFSET 23.9852 -30.5610 -15.8725
SCALE 1 1 1
X 0.8496 -0.4352 -0.2979
Y 0.5195 0.7880 0.3304
Z 0.0909 -0.4355 0.8956

PART 73
OFFSET 3.9637 -19.8572 -9.9960
SCALE 1 1 1
X 0.8496 -0.4352 -0.2979
Y 0.5195 0.7880 0.3304
Z 0.0909 -0.4355 0.8956

PART 74
OFFSET -0.6272 -18.1146 -6.9088
SCALE 1 1 1
X 0.8496 -0.4352 -0.2979
Y 0.5195 0.7880 0.3304
Z 0.0909 -0.4355 0.8956

PART 75
OFFSET 2.0579 -19.6708 -7.4189
SCALE 1 1 1
X 0.8496 -0.4352 -0.2979
Y 0.5195 0.7880 0.3304
Z 0.0909 -0.4355 0.8956

PART 76
OFFSET 2.0579 -19.6708 -7.4189
SCALE 1 1 1
X 0.8496 -0.4352 -0.2979
Y 0.5195 0.7880 0.3304
Z 0.0909 -0.4355 0.8956

PART 77
OFFSET 2.0579 -19.6708 -7.4189
SCALE 1 1 1
X 0.8496 -0.4352 -0.2979
Y 0.5195 0.7880 0.3304
Z 0.0909 -0.4355 0.8956


FRAME 852
PART 0
OFFSET 0.0000 0.0000 0.0000
SCALE 1 1 1
X 1.0000 0.0000 0.0000
Y 0.0000 1.0000 0.0000
Z 0.0000 0.0000 1.0000

PART 1
OFFSET -7.6807 -2.7496 1.5396
SCALE 1 1 1
X 1.0000 0.0000 0.0000
Y 0.0000 1.0000 0.0000
Z 0.0000 0.0000 1.0000

PART 2
OFFSET -2.7994 7.7059 -2.4583
SCALE 1 1 1
X 0.2411 0.5073 -0.8274
Y 0.1544 -0.8617 -0.4833
Z -0.9581 -0.0112 -0.2860

PART 3
OFFSET 0.1159 13.8408 -12.4646
SCALE 1 1 1
X 0.9341 -0.2626 -0.2421
Y 0.0334 -0.6107 0.7912
Z -0.3556 -0.7471 -0.5616

PART 4
OFFSET 8.0605 11.6076 -14.5235
SCALE 1 1 1
X 0.9341 -0.2626 -0.2421
Y 0.0594 -0.5541 0.8303
Z -0.3521 -0.7900 -0.5020

PART 5
OFFSET 9.6622 12.5830 -15.1712
SCALE 1 1 1
X 0.9348 -0.2569 -0.2452
Y 0.3524 0.7565 0.5509
Z 0.0440 -0.6014 0.7977

PART 6
OFFSET 8.7061 11.5624 -16.1726
SCALE 1 1 1
X 0.9348 -0.2569 -0.2452
Y 0.3524 0.7565 0.5509
Z 0.0440 -0.6014 0.7977

PART 7
OFFSET 10.1915 10.7995 -13.3629
SCALE 1 1 1
X 0.9348 -0.2569 -0.2452
Y 0.3524 0.7565 0.5509
Z 0.0440 -0.6014 0.7977

PART 8
OFFSET 9.6433 9.7297 -13.9062
SCALE 1 1 1
X 0.9348 -0.2569 -0.2452
Y 0.3524 0.7565 0.5509
Z 0.0440 -0.6014 0.7977

PART 9
OFFSET 9.0214 9.9231 -14.9294
SCALE 1 1 1
X 0.9348 -0.2569 -0.2452
Y 0.3524 0.7565 0.5509
Z 0.0440 -0.6014 0.7977

PART 10
OFFSET 10.9240 10.8027 -15.2657
SCALE 1 1 1
X 0.6140 -0.5708 0.5451
Y -0.7213 -0.1253 0.6812
Z -0.3205 -0.8115 -0.4886

PART 11
OFFSET 10.3726 10.0917 -14.5637
SCALE 1 1 1
X 0.0885 -0.9946 0.0535
Y -0.7669 -0.0337 0.6409
Z -0.6357 -0.0977 -0.7657

PART 12
OFFSET 10.4515 7.9366 -14.4268
SCALE 1 1 1
X 0.2062 -0.9709 0.1219
Y -0.8850 -0.1319 0.4464
Z -0.4174 -0.2000 -0.8865

PART 13
OFFSET 10.7905 6.3547 -14.3559
SCALE 1 1 1
X 0.1224 -0.9922 0.0225
Y -0.8601 -0.0947 0.5012
Z -0.4952 -0.0807 -0.8650

PART 14
OFFSET 10.8855 5.2764 -14.3626
SCALE 1 1 1
X 0.2312 -0.7002 0.6755
Y 0.5629 0.6626 0.4941
Z -0.7935 0.2660 0.5473

PART 15
OFFSET 12.1511 10.2899 -15.6325
SCALE 1 1 1
X 0.8407 -0.5326 0.0980
Y -0.4737 -0.8109 -0.3435
Z 0.2624 0.2423 -0.9340

PART 16
OFFSET 13.9437 8.9585 -15.3183
SCALE 1 1 1
X 0.6930 -0.7017 -0.1655
Y -0.7209 -0.6711 -0.1731
Z 0.0104 0.2392 -0.9709

PART 17
OFFSET 14.9248 7.9650 -15.5526
SCALE 1 1 1
X -0.0942 -0.9698 -0.2252
Y -0.9936 0.1059 -0.0403
Z 0.0629 0.2199 -0.9735

PART 18
OFFSET 14.8412 7.1052 -15.7522
SCALE 1 1 1
X -0.5313 -0.8238 -0.1979
Y -0.8472 0.5158 0.1272
Z -0.0027 0.2352 -0.9719

PART 19
OFFSET 14.3365 6.3226 -15.9402
SCALE 1 1 1
X 0.9386 0.2722 0.2121
Y -0.2981 0.9492 0.1005
Z -0.1740 -0.1576 0.9721

PART 20
OFFSET 11.8516 10.1944 -14.9917
SCALE 1 1 1
X 0.7690 -0.5628 0.3032
Y -0.3444 -0.7644 -0.5451
Z 0.5385 0.3147 -0.7816

PART 21
OFFSET 13.9350 8.7974 -14.3088
SCALE 1 1 1
X 0.6838 -0.7166 -0.1376
Y -0.6889 -0.5719 -0.4454
Z 0.2405 0.3993 -0.8847

PART 22
OFFSET 15.0991 7.5774 -14.5429
SCALE 1 1 1
X 0.0531 -0.9213 -0.3852
Y -0.9630 0.0549 -0.2640
Z 0.2644 0.3849 -0.8843

PART 23
OFFSET 15.1727 6.3005 -15.0768
SCALE 1 1 1
X -0.3686 -0.8039 -0.4667
Y -0.8912 0.4484 -0.0686
Z 0.2644 0.3907 -0.8817

PART 24
OFFSET 14.7730 5.4286 -15.5830
SCALE 1 1 1
X 0.8241 0.4217 0.3782
Y -0.5294 0.8109 0.2492
Z -0.2016 -0.4056 0.8915

PART 25
OFFSET 11.4999 8.4092 -12.7654
SCALE 1 1 1
X 0.6281 -0.7384 0.2453
Y 0.4566 0.6051 0.6522
Z -0.6300 -0.2976 0.7173

PART 26
OFFSET 12.8917 8.7857 -12.4461
SCALE 1 1 1
X 0.7494 -0.6385 0.1752
Y -0.5402 -0.7426 -0.3957
Z 0.3828 0.2019 -0.9015

PART 27
OFFSET 14.2111 7.6615 -12.1376
SCALE 1 1 1
X 0.5798 -0.8136 0.0426
Y -0.7053 -0.5274 -0.4738
Z 0.4080 0.2446 -0.8796

PART 28
OFFSET 14.8912 6.6575 -12.0324
SCALE 1 1 1
X 0.3853 -0.9228 0.0045
Y -0.8149 -0.3425 -0.4677
Z 0.4331 0.1765 -0.8839

PART 29
OFFSET 15.3264 5.6152 -12.0273
SCALE 1 1 1
X 0.7320 0.6592 0.1721
Y -0.6656 0.7458 -0.0259
Z -0.1454 -0.0956 0.9847

PART 30
OFFSET 13.5512 8.8370 -13.3309
SCALE 1 1 1
X 0.6840 -0.7271 -0.0585
Y -0.6544 -0.5763 -0.4896
Z 0.3223 0.3732 -0.8700

PART 31
OFFSET 14.8876 7.4166 -13.4451
SCALE 1 1 1
X 0.2403 -0.9128 -0.3303
Y -0.9283 -0.1166 -0.3532
Z 0.2838 0.3915 -0.8753

PART 32
OFFSET 15.2386 6.0834 -13.9277
SCALE 1 1 1
X -0.1665 -0.8777 -0.4493
Y -0.9592 0.2497 -0.1323
Z 0.2283 0.4090 -0.8835

PART 33
OFFSET 15.0522 5.0920 -14.4427
SCALE 1 1 1
X 0.7258 0.4874 0.4855
Y -0.6081 0.7845 0.1216
Z -0.3216 -0.3835 0.8657

PART 34
OFFSET 12.4891 8.0861 -14.8994
SCALE 1 1 1
X 0.4562 0.3198 -0.8304
Y 0.3205 0.8115 0.4886
Z 0.8302 -0.4890 0.2677

PART 35
OFFSET 1.4698 -15.4667 -8.5546
SCALE 1 1 1
X 0.9200 -0.3911 0.0275
Y 0.3606 0.8716 0.3322
Z -0.1539 -0.2957 0.9428

PART 36
OFFSET -13.2492 -6.8923 -6.2323
SCALE 1 1 1
X 0.0460 0.9628 0.2664
Y -0.2305 -0.2492 0.9406
Z 0.9720 -0.1047 0.2105

PART 37
OFFSET -13.8061 -18.5359 -9.4537
SCALE 1 1 1
X -0.9134 -0.3593 0.1911
Y 0.2781 -0.8940 -0.3514
Z 0.2971 -0.2678 0.9165

PART 38
OFFSET -6.0368 -15.4801 -11.0795
SCALE 1 1 1
X -0.9134 -0.3593 0.1911
Y -0.2779 0.2077 -0.9379
Z 0.2973 -0.9098 -0.2895

PART 39
OFFSET -5.3532 -14.1725 -12.8753
SCALE 1 1 1
X -0.9159 -0.3532 0.1907
Y -0.2985 0.2816 -0.9119
Z 0.2684 -0.8922 -0.3634

PART 40
OFFSET -4.9177 -13.6299 -11.7720
SCALE 1 1 1
X -0.9159 -0.3532 0.1907
Y -0.2985 0.2816 -0.9119
Z 0.2684 -0.8922 -0.3634

PART 41
OFFSET -4.0654 -14.4382 -9.7237
SCALE 1 1 1
X -0.9159 -0.3532 0.1907
Y -0.2985 0.2816 -0.9119
Z 0.2684 -0.8922 -0.3634

PART 42
OFFSET -3.2365 -14.3786 -11.6654
SCALE 1 1 1
X -0.8895 0.3296 -0.3163
Y 0.3404 0.0164 -0.9402
Z -0.3047 -0.9440 -0.1267

PART 43
OFFSET -3.0397 -14.1551 -10.5639
SCALE 1 1 1
X -0.6253 -0.2352 -0.7441
Y 0.7217 0.1885 -0.6660
Z 0.2969 -0.9535 0.0519

PART 44
OFFSET -1.7790 -13.6134 -8.8945
SCALE 1 1 1
X -0.9940 -0.0270 0.1057
Y -0.1014 -0.1291 -0.9864
Z 0.0403 -0.9913 0.1255

PART 45
OFFSET -0.1848 -13.4665 -9.1380
SCALE 1 1 1
X -0.6192 -0.0631 0.7827
Y -0.7684 -0.1569 -0.6205
Z 0.1620 -0.9856 0.0487

PART 46
OFFSET 0.4904 -13.3505 -9.9761
SCALE 1 1 1
X -0.7195 0.5542 0.4186
Y 0.4644 0.8321 -0.3033
Z -0.5164 -0.0237 -0.8560

PART 47
OFFSET -2.0577 -14.4493 -12.3789
SCALE 1 1 1
X -0.9920 0.0633 0.1094
Y -0.0746 -0.9919 -0.1024
Z 0.1021 -0.1097 0.9887

PART 48
OFFSET 0.1951 -14.4858 -12.4682
SCALE 1 1 1
X -0.4696 -0.8407 -0.2696
Y 0.8708 -0.3906 -0.2986
Z 0.1457 -0.3750 0.9155

PART 49
OFFSET 0.8600 -13.2955 -12.0865
SCALE 1 1 1
X 0.5295 -0.7506 -0.3953
Y 0.8424 0.5204 0.1401
Z 0.1006 -0.4072 0.9078

PART 50
OFFSET 0.3905 -12.6300 -11.7360
SCALE 1 1 1
X 0.9865 -0.0018 -0.1637
Y 0.0614 0.9311 0.3596
Z 0.1518 -0.3648 0.9186

PART 51
OFFSET -0.5467 -12.6283 -11.5805
SCALE 1 1 1
X -0.8150 -0.5303 -0.2334
Y -0.5693 0.6580 0.4929
Z -0.1078 0.5346 -0.8382

PART 52
OFFSET -2.1309 -14.6645 -11.7022
SCALE 1 1 1
X -0.9850 0.1591 -0.0666
Y -0.1540 -0.9851 -0.0760
Z -0.0777 -0.0646 0.9949

PART 53
OFFSET 0.4338 -15.0896 -11.6787
SCALE 1 1 1
X -0.5054 -0.8489 -0.1549
Y 0.8411 -0.4445 -0.3083
Z 0.1928 -0.2861 0.9386

PART 54
OFFSET 1.2941 -13.6443 -11.4149
SCALE 1 1 1
X 0.6970 -0.6343 -0.3346
Y 0.6961 0.7105 0.1032
Z 0.1723 -0.3048 0.9367

PART 55
OFFSET 0.3282 -12.7653 -10.9512
SCALE 1 1 1
X 0.9787 0.1655 -0.1216
Y -0.1187 0.9391 0.3224
Z 0.1676 -0.3011 0.9387

PART 56
OFFSET -0.7332 -12.9447 -10.8193
SCALE 1 1 1
X -0.7258 -0.6869 -0.0384
Y -0.6653 0.6866 0.2932
Z -0.1751 0.2383 -0.9553

PART 57
OFFSET -7.3899 -13.5265 -12.2548
SCALE 1 1 1
X -0.9875 0.0445 -0.1510
Y 0.0462 0.9989 -0.0075
Z 0.1505 -0.0143 -0.9885

PART 58
OFFSET -0.1404 -16.0262 -9.7710
SCALE 1 1 1
X -0.8912 0.4160 -0.1808
Y -0.3725 -0.8987 -0.2317
Z -0.2589 -0.1391 0.9558

PART 59
OFFSET 1.4287 -16.7587 -9.4526
SCALE 1 1 1
X -0.6948 -0.6804 -0.2331
Y 0.6799 -0.7270 0.0953
Z -0.2343 -0.0923 0.9678

PART 60
OFFSET 2.2592 -15.9372 -9.1105
SCALE 1 1 1
X -0.3483 -0.9048 -0.2451
Y 0.8981 -0.3970 0.1891
Z -0.2684 -0.1542 0.9509

PART 61
OFFSET 2.6526 -14.9152 -8.8336
SCALE 1 1 1
X -0.7729 0.6095 0.1765
Y 0.6336 0.7568 0.1609
Z -0.0355 0.2362 -0.9711

PART 62
OFFSET 0.1887 -15.8040 -10.8019
SCALE 1 1 1
X -0.6159 -0.7791 -0.1167
Y 0.7871 -0.6023 -0.1331
Z 0.0334 -0.1738 0.9842

PART 63
OFFSET 1.3919 -14.2819 -10.5738
SCALE 1 1 1
X 0.5623 -0.8100 -0.1666
Y 0.8239 0.5660 0.0287
Z 0.0711 -0.1534 0.9856

PART 64
OFFSET 0.5706 -13.0988 -10.3304
SCALE 1 1 1
X 0.9935 0.0654 -0.0928
Y -0.0553 0.9926 0.1078
Z 0.0992 -0.1020 0.9898

PART 65
OFFSET -0.5554 -13.1715 -10.2322
SCALE 1 1 1
X -0.7329 -0.6776 -0.0609
Y -0.6725 0.7080 0.2157
Z -0.1030 0.1990 -0.9746

PART 66
OFFSET 0.0000 0.0000 0.0000
SCALE 1 1 1
X 1.0000 0.0000 0.0000
Y 0.0000 1.0000 0.0000
Z 0.0000 0.0000 1.0000

PART 67
OFFSET 0.0000 0.0000 0.0000
SCALE 1 1 1
X 1.0000 0.0000 0.0000
Y 0.0000 1.0000 0.0000
Z 0.0000 -0.0000 1.0000

PART 68
OFFSET 1.5404 -0.0000 4.1357
SCALE 1 1 1
X 1.0000 0.0000 0.0000
Y 0.0000 1.0000 0.0000
Z 0.0000 -0.0000 1.0000

PART 69
OFFSET -4.6318 0.0000 -1.3770
SCALE 1 1 1
X 1.0000 0.0000 0.0000
Y 0.0000 1.0000 0.0000
Z 0.0000 -0.0000 1.0000

PART 70
OFFSET 1.4698 -15.4667 -8.5546
SCALE 1 1 1
X 0.9200 -0.3911 0.0275
Y 0.3606 0.8716 0.3322
Z -0.1539 -0.2957 0.9428

PART 71
OFFSET 5.0758 -18.5111 -6.5598
SCALE 1 1 1
X -0.3836 -0.8836 0.2686
Y 0.9200 -0.3911 0.0275
Z 0.0808 0.2577 0.9628

PART 72
OFFSET 26.5849 -27.0310 -5.4265
SCALE 1 1 1
X 0.9200 -0.3911 0.0275
Y 0.3606 0.8716 0.3322
Z -0.1539 -0.2957 0.9428

PART 73
OFFSET 5.2189 -17.5332 -7.2274
SCALE 1 1 1
X 0.9200 -0.3911 0.0275
Y 0.3606 0.8716 0.3322
Z -0.1539 -0.2957 0.9428

PART 74
OFFSET -0.1546 -15.8140 -5.8802
SCALE 1 1 1
X 0.9200 -0.3911 0.0275
Y 0.3606 0.8716 0.3322
Z -0.1539 -0.2957 0.9428

PART 75
OFFSET 2.6355 -17.1679 -5.3563
SCALE 1 1 1
X 0.9200 -0.3911 0.0275
Y 0.3606 0.8716 0.3322
Z -0.1539 -0.2957 0.9428

PART 76
OFFSET 2.6355 -17.1679 -5.3563
SCALE 1 1 1
X 0.9200 -0.3911 0.0275
Y 0.3606 0.8716 0.3322
Z -0.1539 -0.2957 0.9428

PART 77
OFFSET 2.6355 -17.1679 -5.3563
SCALE 1 1 1
X 0.9200 -0.3911 0.0275
Y 0.3606 0.8716 0.3322
Z -0.1539 -0.2957 0.9428


FRAME 853
PART 0
OFFSET 0.0000 0.0000 0.0000
SCALE 1 1 1
X 1.0000 0.0000 0.0000
Y 0.0000 1.0000 0.0000
Z 0.0000 0.0000 1.0000

PART 1
OFFSET -7.6807 -2.7496 1.5396
SCALE 1 1 1
X 1.0000 0.0000 0.0000
Y 0.0000 1.0000 0.0000
Z 0.0000 0.0000 1.0000

PART 2
OFFSET -2.8067 7.7192 -2.4561
SCALE 1 1 1
X 0.1740 0.5650 -0.8065
Y 0.2206 -0.8206 -0.5273
Z -0.9597 -0.0862 -0.2674

PART 3
OFFSET -0.7024 14.5525 -12.2101
SCALE 1 1 1
X 0.9357 -0.3517 -0.0278
Y -0.1867 -0.5603 0.8070
Z -0.2994 -0.7499 -0.5899

PART 4
OFFSET 7.2560 11.5609 -12.4465
SCALE 1 1 1
X 0.9357 -0.3517 -0.0278
Y -0.0826 -0.2950 0.9519
Z -0.3430 -0.8884 -0.3050

PART 5
OFFSET 9.1363 12.5973 -12.4969
SCALE 1 1 1
X 0.9376 -0.3463 -0.0310
Y 0.2994 0.7589 0.5784
Z -0.1768 -0.5515 0.8152

PART 6
OFFSET 8.2206 11.3601 -13.9188
SCALE 1 1 1
X 0.9376 -0.3463 -0.0310
Y 0.2994 0.7589 0.5784
Z -0.1768 -0.5515 0.8152

PART 7
OFFSET 9.0923 10.8453 -10.6861
SCALE 1 1 1
X 0.9376 -0.3463 -0.0310
Y 0.2994 0.7589 0.5784
Z -0.1768 -0.5515 0.8152

PART 8
OFFSET 8.5906 9.8550 -11.4314
SCALE 1 1 1
X 0.9376 -0.3463 -0.0310
Y 0.2994 0.7589 0.5784
Z -0.1768 -0.5515 0.8152

PART 9
OFFSET 8.1209 9.7822 -12.5649
SCALE 1 1 1
X 0.9376 -0.3463 -0.0310
Y 0.2994 0.7589 0.5784
Z -0.1768 -0.5515 0.8152

PART 10
OFFSET 10.1246 10.4826 -12.5317
SCALE 1 1 1
X 0.5902 -0.5006 0.6333
Y -0.6871 0.1004 0.7196
Z -0.4238 -0.8598 -0.2847

PART 11
OFFSET 9.5529 10.0013 -11.6693
SCALE 1 1 1
X -0.0027 -0.9556 0.2948
Y -0.7236 0.2053 0.6590
Z -0.6903 -0.2116 -0.6920

PART 12
OFFSET 9.4366 7.9480 -11.0058
SCALE 1 1 1
X 0.1876 -0.9318 0.3106
Y -0.8508 0.0039 0.5254
Z -0.4908 -0.3628 -0.7921

PART 13
OFFSET 9.7352 6.4028 -10.6244
SCALE 1 1 1
X 0.2171 -0.9665 0.1366
Y -0.7972 -0.0948 0.5963
Z -0.5634 -0.2384 -0.7911

PART 14
OFFSET 9.9306 5.3451 -10.5027
SCALE 1 1 1
X 0.3579 -0.5799 0.7319
Y 0.5411 0.7676 0.3436
Z -0.7610 0.2731 0.5885

PART 15
OFFSET 11.2740 9.7777 -12.8238
SCALE 1 1 1
X 0.7913 -0.5842 0.1803
Y -0.5680 -0.8116 -0.1367
Z 0.2262 0.0057 -0.9741

PART 16
OFFSET 12.9494 8.3647 -12.2936
SCALE 1 1 1
X 0.5239 -0.8518 -0.0018
Y -0.8517 -0.5238 -0.0174
Z 0.0138 0.0107 -0.9998

PART 17
OFFSET 13.6911 7.1588 -12.2962
SCALE 1 1 1
X -0.3907 -0.9205 -0.0059
Y -0.9185 0.3902 -0.0637
Z 0.0610 -0.0195 -0.9979

PART 18
OFFSET 13.3447 6.3426 -12.3014
SCALE 1 1 1
X -0.7665 -0.6421 -0.0120
Y -0.6422 0.7665 0.0094
Z 0.0031 0.0149 -0.9999

PART 19
OFFSET 12.6165 5.7326 -12.3128
SCALE 1 1 1
X 0.9890 0.0078 0.1478
Y 0.0088 0.9937 -0.1115
Z -0.1478 0.1116 0.9827

PART 20
OFFSET 11.0064 9.8544 -12.1666
SCALE 1 1 1
X 0.7302 -0.5612 0.3898
Y -0.4467 -0.8237 -0.3491
Z 0.5170 0.0808 -0.8522

PART 21
OFFSET 12.9881 8.4281 -11.2738
SCALE 1 1 1
X 0.5189 -0.8548 0.0035
Y -0.8199 -0.4989 -0.2808
Z 0.2418 0.1428 -0.9597

PART 22
OFFSET 13.8715 6.9728 -11.2678
SCALE 1 1 1
X -0.2600 -0.9459 -0.1941
Y -0.9293 0.2997 -0.2159
Z 0.2624 0.1243 -0.9569

PART 23
OFFSET 13.5112 5.6618 -11.5369
SCALE 1 1 1
X -0.6900 -0.6668 -0.2817
Y -0.6738 0.7338 -0.0866
Z 0.2645 0.1301 -0.9556

PART 24
OFFSET 12.7629 4.9387 -11.8424
SCALE 1 1 1
X 0.9632 0.1335 0.2333
Y -0.1673 0.9771 0.1316
Z -0.2103 -0.1658 0.9635

PART 25
OFFSET 10.6257 8.6381 -9.5893
SCALE 1 1 1
X 0.5703 -0.7295 0.3776
Y 0.5499 0.6805 0.4843
Z -0.6103 -0.0686 0.7892

PART 26
OFFSET 12.0634 8.9273 -9.4153
SCALE 1 1 1
X 0.6970 -0.6571 0.2871
Y -0.6201 -0.7534 -0.2189
Z 0.3601 -0.0255 -0.9326

PART 27
OFFSET 13.2906 7.7704 -8.9098
SCALE 1 1 1
X 0.4985 -0.8448 0.1944
Y -0.7742 -0.5348 -0.3385
Z 0.3899 0.0182 -0.9207

PART 28
OFFSET 13.8729 6.7423 -8.6175
SCALE 1 1 1
X 0.2817 -0.9426 0.1794
Y -0.8685 -0.3300 -0.3700
Z 0.4080 -0.0516 -0.9115

PART 29
OFFSET 14.1911 5.6776 -8.4148
SCALE 1 1 1
X 0.8070 0.5902 0.0192
Y -0.5804 0.7988 -0.1583
Z -0.1088 0.1166 0.9872

PART 30
OFFSET 12.6699 8.7175 -10.3146
SCALE 1 1 1
X 0.5407 -0.8388 0.0635
Y -0.7841 -0.5299 -0.3232
Z 0.3047 0.1250 -0.9442

PART 31
OFFSET 13.7262 7.0789 -10.1906
SCALE 1 1 1
X -0.0880 -0.9801 -0.1781
Y -0.9589 0.1318 -0.2512
Z 0.2697 0.1487 -0.9514

PART 32
OFFSET 13.5977 5.6474 -10.4508
SCALE 1 1 1
X -0.5335 -0.8000 -0.2747
Y -0.8163 0.5720 -0.0802
Z 0.2213 0.1814 -0.9582

PART 33
OFFSET 12.9955 4.7423 -10.7686
SCALE 1 1 1
X 0.9163 0.2365 0.3231
Y -0.2640 0.9635 0.0436
Z -0.3010 -0.1253 0.9454

PART 34
OFFSET 11.4489 7.7610 -11.6362
SCALE 1 1 1
X 0.4327 0.0839 -0.8976
Y 0.4238 0.8598 0.2847
Z 0.7957 -0.5036 0.3365

PART 35
OFFSET 3.7386 -13.1525 -6.8385
SCALE 1 1 1
X 0.8595 -0.2817 0.4265
Y 0.1675 0.9436 0.2856
Z -0.4829 -0.1740 0.8582

PART 36
OFFSET -13.2507 -6.8897 -6.2342
SCALE 1 1 1
X -0.2681 0.8967 0.3522
Y -0.2829 -0.4227 0.8610
Z 0.9209 0.1312 0.3670

PART 37
OFFSET -10.0085 -17.7346 -10.4933
SCALE 1 1 1
X -0.9089 -0.4069 0.0912
Y 0.3504 -0.8639 -0.3617
Z 0.2260 -0.2968 0.9278

PART 38
OFFSET -2.2779 -14.2737 -11.2693
SCALE 1 1 1
X -0.9089 -0.4069 0.0912
Y -0.1347 0.0795 -0.9877
Z 0.3946 -0.9100 -0.1271

PART 39
OFFSET -1.4971 -12.8438 -12.8701
SCALE 1 1 1
X -0.9116 -0.4009 0.0908
Y -0.2284 0.3103 -0.9228
Z 0.3418 -0.8619 -0.3745

PART 40
OFFSET -1.2023 -12.3090 -11.7335
SCALE 1 1 1
X -0.9116 -0.4009 0.0908
Y -0.2284 0.3103 -0.9228
Z 0.3418 -0.8619 -0.3745

PART 41
OFFSET -0.5238 -13.1398 -9.7393
SCALE 1 1 1
X -0.9116 -0.4009 0.0908
Y -0.2284 0.3103 -0.9228
Z 0.3418 -0.8619 -0.3745

PART 42
OFFSET 0.5085 -13.0263 -11.5490
SCALE 1 1 1
X -0.7225 0.1872 -0.6656
Y 0.6648 -0.0762 -0.7431
Z -0.1898 -0.9794 -0.0694

PART 43
OFFSET 0.2699 -12.6348 -10.5041
SCALE 1 1 1
X -0.2950 -0.4025 -0.8666
Y 0.9055 0.1718 -0.3881
Z 0.3051 -0.8991 0.3138

PART 44
OFFSET 0.7992 -11.7333 -8.6128
SCALE 1 1 1
X -0.9610 -0.1196 -0.2495
Y 0.2735 -0.2748 -0.9218
Z 0.0417 -0.9540 0.2968

PART 45
OFFSET 2.3621 -11.4498 -8.2983
SCALE 1 1 1
X -0.8568 -0.0193 0.5154
Y -0.4823 -0.3239 -0.8139
Z 0.1826 -0.9459 0.2682

PART 46
OFFSET 3.2885 -11.3801 -8.8540
SCALE 1 1 1
X -0.8491 0.5266 0.0404
Y 0.5003 0.8266 -0.2577
Z -0.1691 -0.1986 -0.9654

PART 47
OFFSET 1.8701 -13.0684 -11.7675
SCALE 1 1 1
X -0.9639 -0.0239 -0.2650
Y 0.0130 -0.9990 0.0427
Z -0.2658 0.0378 0.9633

PART 48
OFFSET 3.9957 -12.8867 -11.0370
SCALE 1 1 1
X -0.2969 -0.9140 -0.2766
Y 0.9360 -0.3359 0.1050
Z -0.1889 -0.2277 0.9552

PART 49
OFFSET 4.4161 -11.5928 -10.6453
SCALE 1 1 1
