// Export filename: `C:/Program Files/Activision/Call of Duty 4 - Modern Warfare/xanim_export/viewmodels/M16/m16_pullout.XANIM_EXPORT`
// Source filename: `C:/Program Files/Activision/Call of Duty 4 - Modern Warfare/bin/maya/animation_src/viewmodel/m16/viewmodel_m16_animation.mb`
// Export time: Mon Jan 07 16:17:00 2008

ANIMATION
VERSION 3

NUMPARTS 78
PART 0 "tag_ads"
PART 1 "tag_torso"
PART 2 "J_Shoulder_LE"
PART 3 "J_Elbow_LE"
PART 4 "J_WristTwist_LE"
PART 5 "J_Sleave_Reshape_Bottom_LE_1"
PART 6 "J_Sleave_Reshape_Bottom_LE_2"
PART 7 "J_Sleave_Reshape_Top_LE_1"
PART 8 "J_Sleave_Reshape_Top_LE_2"
PART 9 "J_Sleave_Reshape_Top_LE_3"
PART 10 "J_Wrist_LE"
PART 11 "J_Thumb_LE_0"
PART 12 "J_Thumb_LE_1"
PART 13 "J_Thumb_LE_2"
PART 14 "J_Thumb_LE_3"
PART 15 "J_PinkyPalm_LE"
PART 16 "J_Pinky_LE_0"
PART 17 "J_Pinky_LE_1"
PART 18 "J_Pinky_LE_2"
PART 19 "J_Pinky_LE_3"
PART 20 "J_RingPalm_LE"
PART 21 "J_Ring_LE_0"
PART 22 "J_Ring_LE_1"
PART 23 "J_Ring_LE_2"
PART 24 "J_Ring_LE_3"
PART 25 "J_Webbing_LE"
PART 26 "J_Index_LE_0"
PART 27 "J_Index_LE_1"
PART 28 "J_Index_LE_2"
PART 29 "J_Index_LE_3"
PART 30 "J_Mid_LE_0"
PART 31 "J_Mid_LE_1"
PART 32 "J_Mid_LE_2"
PART 33 "J_Mid_LE_3"
PART 34 "tag_knife_attach"
PART 35 "tag_weapon"
PART 36 "J_Shoulder_RI"
PART 37 "J_Elbow_RI"
PART 38 "J_WristTwist_RI"
PART 39 "J_Sleave_Reshape_Top_RI_3"
PART 40 "J_Sleave_Reshape_Top_RI_2"
PART 41 "J_Sleave_Reshape_Top_RI_1"
PART 42 "J_Wrist_RI"
PART 43 "J_Thumb_RI_0"
PART 44 "J_Thumb_RI_1"
PART 45 "J_Thumb_RI_2"
PART 46 "J_Thumb_RI_3"
PART 47 "J_PinkyPalm_RI"
PART 48 "J_Pinky_RI_0"
PART 49 "J_Pinky_RI_1"
PART 50 "J_Pinky_RI_2"
PART 51 "J_Pinky_RI_3"
PART 52 "J_RingPalm_RI"
PART 53 "J_Ring_RI_0"
PART 54 "J_Ring_RI_1"
PART 55 "J_Ring_RI_2"
PART 56 "J_Ring_RI_3"
PART 57 "J_Webbing_RI"
PART 58 "J_Index_RI_0"
PART 59 "J_Index_RI_1"
PART 60 "J_Index_RI_2"
PART 61 "J_Index_RI_3"
PART 62 "J_Mid_RI_0"
PART 63 "J_Mid_RI_1"
PART 64 "J_Mid_RI_2"
PART 65 "J_Mid_RI_3"
PART 66 "tag_cambone"
PART 67 "tag_camera"
PART 68 "tag_gasmask"
PART 69 "tag_gasmask2"
PART 70 "J_Gun"
PART 71 "TAG_BRASS"
PART 72 "TAG_FLASH"
PART 73 "TAG_CLIP"
PART 74 "J_Clip_Release"
PART 75 "TAG_REFLEX_SIGHT"
PART 76 "TAG_ACOG"
PART 77 "TAG_IRON_SIGHT"

FRAMERATE 30
NUMFRAMES 13

FRAME 358
PART 0
OFFSET 0.0000 0.0000 0.0000
SCALE 1 1 1
X 1.0000 0.0000 0.0000
Y 0.0000 1.0000 0.0000
Z 0.0000 0.0000 1.0000

PART 1
OFFSET -7.6807 -2.7496 1.5396
SCALE 1 1 1
X 1.0000 0.0000 0.0000
Y 0.0000 1.0000 0.0000
Z 0.0000 0.0000 1.0000

PART 2
OFFSET -3.2132 8.4660 -2.3313
SCALE 1 1 1
X 0.3777 -0.0717 -0.9231
Y 0.0646 -0.9925 0.1036
Z -0.9237 -0.0988 -0.3702

PART 3
OFFSET 1.3546 7.5985 -13.4958
SCALE 1 1 1
X 0.8052 -0.4163 0.4222
Y -0.4233 0.0951 0.9010
Z -0.4152 -0.9042 -0.0996

PART 4
OFFSET 8.2035 4.0576 -9.9043
SCALE 1 1 1
X 0.8052 -0.4163 0.4222
Y 0.1521 0.8333 0.5315
Z -0.5731 -0.3637 0.7343

PART 5
OFFSET 10.3924 5.0321 -9.8111
SCALE 1 1 1
X 0.8089 -0.4144 0.4171
Y 0.4190 0.9040 0.0855
Z -0.4125 0.1056 0.9048

PART 6
OFFSET 9.2483 2.8556 -10.6801
SCALE 1 1 1
X 0.8089 -0.4144 0.4171
Y 0.4190 0.9040 0.0855
Z -0.4125 0.1056 0.9048

PART 7
OFFSET 9.7385 4.6846 -7.6675
SCALE 1 1 1
X 0.8089 -0.4144 0.4171
Y 0.4190 0.9040 0.0855
Z -0.4125 0.1056 0.9048

PART 8
OFFSET 8.9981 3.2816 -7.8756
SCALE 1 1 1
X 0.8089 -0.4144 0.4171
Y 0.4190 0.9040 0.0855
Z -0.4125 0.1056 0.9048

PART 9
OFFSET 8.3501 2.2536 -8.5562
SCALE 1 1 1
X 0.8089 -0.4144 0.4171
Y 0.4190 0.9040 0.0855
Z -0.4125 0.1056 0.9048

PART 10
OFFSET 10.6720 2.7813 -8.6099
SCALE 1 1 1
X 0.9824 -0.0093 -0.1865
Y 0.1061 0.8496 0.5166
Z 0.1536 -0.5273 0.8357

PART 11
OFFSET 11.2794 3.3806 -7.8521
SCALE 1 1 1
X 0.9929 0.1094 0.0471
Y -0.1143 0.9862 0.1200
Z -0.0334 -0.1246 0.9917

PART 12
OFFSET 13.4087 3.7081 -7.6832
SCALE 1 1 1
X 0.9923 0.0935 -0.0815
Y -0.0590 0.9337 0.3531
Z 0.1092 -0.3456 0.9320

PART 13
OFFSET 15.0263 3.7647 -7.7315
SCALE 1 1 1
X 0.9242 0.3577 0.1338
Y -0.3812 0.8859 0.2645
Z -0.0239 -0.2955 0.9551

PART 14
OFFSET 16.0182 4.1531 -7.5386
SCALE 1 1 1
X 0.6191 0.6364 -0.4602
Y -0.4014 -0.2472 -0.8819
Z -0.6750 0.7307 0.1024

PART 15
OFFSET 11.4208 1.7571 -9.1519
SCALE 1 1 1
X 0.7849 -0.6193 -0.0182
Y -0.2006 -0.2817 0.9383
Z -0.5862 -0.7329 -0.3454

PART 16
OFFSET 13.2452 0.4378 -9.0273
SCALE 1 1 1
X 0.2025 -0.1047 0.9737
Y -0.7173 0.6610 0.2203
Z -0.6667 -0.7430 0.0587

PART 17
OFFSET 13.5319 0.2896 -7.6488
SCALE 1 1 1
X -0.3145 0.3794 0.8701
Y -0.7030 0.5229 -0.4821
Z -0.6379 -0.7633 0.1023

PART 18
OFFSET 13.2531 0.6260 -6.8773
SCALE 1 1 1
X -0.5065 0.5299 0.6802
Y -0.5295 0.4314 -0.7304
Z -0.6805 -0.7301 0.0621

PART 19
OFFSET 12.7719 1.1294 -6.2312
SCALE 1 1 1
X 0.8182 -0.5706 -0.0707
Y -0.1598 -0.1076 -0.9813
Z 0.5523 0.8142 -0.1792

PART 20
OFFSET 11.6859 2.3934 -8.9663
SCALE 1 1 1
X 0.9166 -0.3882 -0.0957
Y -0.1095 -0.4739 0.8737
Z -0.3845 -0.7904 -0.4769

PART 21
OFFSET 14.0101 1.2789 -9.3046
SCALE 1 1 1
X 0.3416 -0.5189 0.7836
Y -0.5903 0.5303 0.6085
Z -0.7313 -0.6705 -0.1251

PART 22
OFFSET 14.5917 0.3955 -7.9705
SCALE 1 1 1
X -0.4663 0.3570 0.8094
Y -0.5182 0.6313 -0.5770
Z -0.7170 -0.6884 -0.1094

PART 23
OFFSET 13.9455 0.8904 -6.8488
SCALE 1 1 1
X -0.6303 0.5629 0.5346
Y -0.3051 0.4536 -0.8373
Z -0.7138 -0.6909 -0.1142

PART 24
OFFSET 13.2619 1.5008 -6.2689
SCALE 1 1 1
X 0.6556 -0.7543 0.0346
Y 0.1422 0.0783 -0.9867
Z 0.7416 0.6519 0.1586

PART 25
OFFSET 13.9513 3.8190 -7.9165
SCALE 1 1 1
X 0.9465 -0.3197 -0.0430
Y 0.1428 0.5346 -0.8330
Z 0.2893 0.7823 0.5517

PART 26
OFFSET 14.5230 3.5818 -9.2573
SCALE 1 1 1
X 0.7904 -0.5140 -0.3334
Y 0.0919 -0.4385 0.8940
Z -0.6057 -0.7372 -0.2993

PART 27
OFFSET 15.9146 2.6768 -9.8443
SCALE 1 1 1
X 0.3975 -0.6558 0.6418
Y -0.6824 0.2563 0.6846
Z -0.6134 -0.7101 -0.3456

PART 28
OFFSET 16.4351 1.9227 -9.0431
SCALE 1 1 1
X -0.2874 -0.1330 0.9485
Y -0.7483 0.6493 -0.1357
Z -0.5979 -0.7488 -0.2861

PART 29
OFFSET 16.1105 1.7725 -7.9716
SCALE 1 1 1
X 0.6009 -0.7535 -0.2668
Y 0.1277 0.4199 -0.8985
Z 0.7891 0.5059 0.3486

PART 30
OFFSET 14.3307 2.5665 -9.6480
SCALE 1 1 1
X 0.6774 -0.6325 0.3757
Y -0.4540 0.0424 0.8900
Z -0.5788 -0.7734 -0.2584

PART 31
OFFSET 15.6540 1.3309 -8.9141
SCALE 1 1 1
X -0.3862 -0.0013 0.9224
Y -0.6895 0.6647 -0.2878
Z -0.6127 -0.7471 -0.2576

PART 32
OFFSET 15.0899 1.3291 -7.5667
SCALE 1 1 1
X -0.6115 0.2328 0.7562
Y -0.4686 0.6636 -0.5832
Z -0.6376 -0.7110 -0.2967

PART 33
OFFSET 14.3932 1.5872 -6.7119
SCALE 1 1 1
X 0.8089 -0.5569 -0.1884
Y -0.0126 0.3040 -0.9526
Z 0.5877 0.7730 0.2389

PART 34
OFFSET 13.5124 1.4947 -8.1203
SCALE 1 1 1
X -0.4481 -0.7909 -0.4167
Y -0.1536 0.5273 -0.8357
Z 0.8807 -0.3104 -0.3577

PART 35
OFFSET 4.9882 -0.7943 -7.1587
SCALE 1 1 1
X 0.9247 0.2553 -0.2824
Y -0.2784 0.9594 -0.0442
Z 0.2597 0.1195 0.9583

PART 36
OFFSET -13.3341 -6.7471 -6.3406
SCALE 1 1 1
X -0.7830 0.4190 0.4596
Y -0.1418 -0.8398 0.5241
Z 0.6056 0.3452 0.7170

PART 37
OFFSET -3.8642 -11.8149 -11.8995
SCALE 1 1 1
X -0.4661 -0.7808 -0.4161
Y 0.8648 -0.3028 -0.4005
Z 0.1867 -0.5465 0.8164

PART 38
OFFSET 0.1002 -5.1741 -8.3603
SCALE 1 1 1
X -0.4661 -0.7808 -0.4161
Y 0.6543 0.0124 -0.7561
Z 0.5955 -0.6247 0.5051

PART 39
OFFSET -0.0136 -3.1646 -8.5477
SCALE 1 1 1
X -0.4718 -0.7774 -0.4159
Y -0.1978 0.5530 -0.8093
Z 0.8592 -0.2995 -0.4147

PART 40
OFFSET -0.4699 -3.0039 -7.4166
SCALE 1 1 1
X -0.4718 -0.7774 -0.4159
Y -0.1978 0.5530 -0.8093
Z 0.8592 -0.2995 -0.4147

PART 41
OFFSET -0.0286 -3.7739 -6.2291
SCALE 1 1 1
X -0.4718 -0.7774 -0.4159
Y -0.1978 0.5530 -0.8093
Z 0.8592 -0.2995 -0.4147

PART 42
OFFSET 1.5291 -2.7805 -7.0847
SCALE 1 1 1
X -0.9516 -0.1705 0.2556
Y -0.2342 -0.1357 -0.9627
Z 0.1988 -0.9760 0.0892

PART 43
OFFSET 2.1016 -2.1721 -6.3073
SCALE 1 1 1
X -0.5858 -0.8096 0.0384
Y -0.2556 0.1396 -0.9567
Z 0.7691 -0.5702 -0.2887

PART 44
OFFSET 3.3484 -0.4074 -6.2785
SCALE 1 1 1
X -0.2643 -0.3449 0.9007
Y -0.6235 -0.6513 -0.4324
Z 0.7358 -0.6759 -0.0429

PART 45
OFFSET 3.6555 0.1863 -7.7535
SCALE 1 1 1
X 0.4796 0.2898 0.8283
Y -0.4970 -0.6882 0.5286
Z 0.7232 -0.6652 -0.1860

PART 46
OFFSET 3.1123 -0.0850 -8.6497
SCALE 1 1 1
X -0.2129 0.4994 0.8398
Y -0.6775 0.5438 -0.4952
Z -0.7040 -0.6744 0.2225

PART 47
OFFSET 2.0434 -2.5843 -8.3498
SCALE 1 1 1
X -0.6507 -0.0564 0.7573
Y 0.2378 -0.9622 0.1327
Z 0.7212 0.2665 0.6395

PART 48
OFFSET 3.5812 -2.3009 -9.9744
SCALE 1 1 1
X -0.1094 -0.9727 0.2046
Y 0.7063 -0.2209 -0.6726
Z 0.6994 0.0709 0.7112

PART 49
OFFSET 3.7361 -0.9237 -10.2640
SCALE 1 1 1
X 0.6805 -0.4075 -0.6089
Y 0.2837 0.9128 -0.2938
Z 0.6756 0.0272 0.7368

PART 50
OFFSET 3.1326 -0.5624 -9.7241
SCALE 1 1 1
X 0.6143 0.4569 -0.6433
Y -0.3884 0.8848 0.2574
Z 0.6868 0.0917 0.7210

PART 51
OFFSET 2.5490 -0.9965 -9.1130
SCALE 1 1 1
X -0.3254 -0.9181 0.2262
Y -0.6018 0.3856 0.6994
Z -0.7294 0.0915 -0.6780

PART 52
OFFSET 2.4361 -2.5929 -7.7538
SCALE 1 1 1
X -0.8412 -0.0863 0.5337
Y 0.1936 -0.9698 0.1484
Z 0.5048 0.2282 0.8325

PART 53
OFFSET 4.5488 -2.4243 -9.2593
SCALE 1 1 1
X -0.0731 -0.9129 0.4016
Y 0.7454 -0.3176 -0.5861
Z 0.6626 0.2566 0.7037

PART 54
OFFSET 4.6732 -0.8701 -9.9432
SCALE 1 1 1
X 0.7494 -0.3309 -0.5736
Y 0.1032 0.9140 -0.3925
Z 0.6541 0.2349 0.7190

PART 55
OFFSET 3.6347 -0.4115 -9.1483
SCALE 1 1 1
X 0.6603 0.2962 -0.6901
Y -0.3774 0.9254 0.0361
Z 0.6493 0.2366 0.7228

PART 56
OFFSET 2.9186 -0.7328 -8.3998
SCALE 1 1 1
X -0.2935 -0.7596 0.5803
Y -0.7151 0.5773 0.3941
Z -0.6344 -0.2994 -0.7127

PART 57
OFFSET -2.1268 -3.8986 -5.1590
SCALE 1 1 1
X -0.7948 -0.4056 0.4515
Y -0.4758 0.8782 -0.0486
Z -0.3768 -0.2535 -0.8910

PART 58
OFFSET 5.4877 -2.3765 -7.3214
SCALE 1 1 1
X -0.8028 -0.4946 0.3329
Y 0.5351 -0.8440 0.0365
Z 0.2630 0.2074 0.9422

PART 59
OFFSET 6.9012 -1.5056 -7.9076
SCALE 1 1 1
X -0.8393 -0.4320 0.3301
Y 0.4891 -0.8651 0.1114
Z 0.2374 0.2550 0.9374

PART 60
OFFSET 7.9359 -0.9649 -8.2519
SCALE 1 1 1
X -0.9140 -0.3210 0.2481
Y 0.3595 -0.9243 0.1285
Z 0.1881 0.2066 0.9602

PART 61
OFFSET 8.9683 -0.6023 -8.5322
SCALE 1 1 1
X 0.0259 0.9970 0.0733
Y 0.9459 -0.0007 -0.3244
Z -0.3234 0.0778 -0.9431

PART 62
OFFSET 5.0965 -2.3668 -8.3545
SCALE 1 1 1
X -0.0695 -0.9090 0.4109
Y 0.8734 -0.2545 -0.4153
Z 0.4821 0.3300 0.8116

PART 63
OFFSET 5.2323 -0.5910 -9.1572
SCALE 1 1 1
X 0.8645 -0.2676 -0.4255
Y 0.0571 0.8933 -0.4457
Z 0.4994 0.3610 0.7876

PART 64
OFFSET 3.9696 -0.2001 -8.5358
SCALE 1 1 1
X 0.6869 0.3725 -0.6240
Y -0.5470 0.8304 -0.1063
Z 0.4786 0.4143 0.7742

PART 65
OFFSET 3.1879 -0.6244 -7.8345
SCALE 1 1 1
X -0.2079 -0.8425 0.4969
Y -0.8226 0.4255 0.3771
Z -0.5292 -0.3304 -0.7816

PART 66
OFFSET 0.0000 0.0000 0.0000
SCALE 1 1 1
X 1.0000 0.0000 0.0000
Y 0.0000 1.0000 0.0000
Z 0.0000 0.0000 1.0000

PART 67
OFFSET 0.0000 0.0000 0.0000
SCALE 1 1 1
X 1.0000 0.0000 0.0000
Y 0.0000 1.0000 0.0000
Z 0.0000 0.0000 1.0000

PART 68
OFFSET 1.5404 0.0000 4.1357
SCALE 1 1 1
X 1.0000 0.0000 0.0000
Y 0.0000 1.0000 0.0000
Z 0.0000 0.0000 1.0000

PART 69
OFFSET -4.6318 0.0000 -1.3770
SCALE 1 1 1
X 1.0000 0.0000 0.0000
Y 0.0000 1.0000 0.0000
Z 0.0000 0.0000 1.0000

PART 70
OFFSET 4.9882 -0.7943 -7.1587
SCALE 1 1 1
X 0.9247 0.2553 -0.2824
Y -0.2784 0.9594 -0.0442
Z 0.2597 0.1195 0.9583

PART 71
OFFSET 9.9777 -0.0260 -6.2838
SCALE 1 1 1
X 0.3770 -0.7174 0.5858
Y 0.9247 0.2553 -0.2824
Z 0.0531 0.6482 0.7596

PART 72
OFFSET 31.2602 6.5952 -12.5874
SCALE 1 1 1
X 0.9247 0.2553 -0.2824
Y -0.2784 0.9594 -0.0442
Z 0.2597 0.1195 0.9583

PART 73
OFFSET 9.2946 0.4474 -7.1393
SCALE 1 1 1
X 0.9247 0.2553 -0.2824
Y -0.2784 0.9594 -0.0442
Z 0.2597 0.1195 0.9583

PART 74
OFFSET 4.5464 -0.7789 -4.0417
SCALE 1 1 1
X 0.9247 0.2553 -0.2824
Y -0.2784 0.9594 -0.0442
Z 0.2597 0.1195 0.9583

PART 75
OFFSET 7.5435 0.0708 -4.4747
SCALE 1 1 1
X 0.9247 0.2553 -0.2824
Y -0.2784 0.9594 -0.0442
Z 0.2597 0.1195 0.9583

PART 76
OFFSET 7.5435 0.0708 -4.4747
SCALE 1 1 1
X 0.9247 0.2553 -0.2824
Y -0.2784 0.9594 -0.0442
Z 0.2597 0.1195 0.9583

PART 77
OFFSET 7.5435 0.0708 -4.4747
SCALE 1 1 1
X 0.9247 0.2553 -0.2824
Y -0.2784 0.9594 -0.0442
Z 0.2597 0.1195 0.9583


FRAME 359
PART 0
OFFSET 0.0000 0.0000 0.0000
SCALE 1 1 1
X 1.0000 0.0000 0.0000
Y 0.0000 1.0000 0.0000
Z 0.0000 0.0000 1.0000

PART 1
OFFSET -7.6807 -2.7496 1.5396
SCALE 1 1 1
X 1.0000 0.0000 0.0000
Y 0.0000 1.0000 0.0000
Z 0.0000 0.0000 1.0000

PART 2
OFFSET -3.2132 8.4660 -2.3313
SCALE 1 1 1
X 0.4611 -0.1117 -0.8803
Y 0.0513 -0.9870 0.1521
Z -0.8859 -0.1153 -0.4494

PART 3
OFFSET 2.3633 7.1152 -12.9775
SCALE 1 1 1
X 0.7755 -0.4007 0.4878
Y -0.4823 0.1226 0.8674
Z -0.4074 -0.9080 -0.0982

PART 4
OFFSET 8.9595 3.7069 -8.8284
SCALE 1 1 1
X 0.7755 -0.4007 0.4878
Y 0.0923 0.8364 0.5403
Z -0.6245 -0.3740 0.6856

PART 5
OFFSET 11.1395 4.6834 -8.6297
SCALE 1 1 1
X 0.7795 -0.3989 0.4829
Y 0.4121 0.9072 0.0843
Z -0.4717 0.1333 0.8716

PART 6
OFFSET 10.0540 2.4835 -9.4945
SCALE 1 1 1
X 0.7795 -0.3989 0.4829
Y 0.4121 0.9072 0.0843
Z -0.4717 0.1333 0.8716

PART 7
OFFSET 10.3365 4.4024 -6.5110
SCALE 1 1 1
X 0.7795 -0.3989 0.4829
Y 0.4121 0.9072 0.0843
Z -0.4717 0.1333 0.8716

PART 8
OFFSET 9.6179 2.9976 -6.7277
SCALE 1 1 1
X 0.7795 -0.3989 0.4829
Y 0.4121 0.9072 0.0843
Z -0.4717 0.1333 0.8716

PART 9
OFFSET 9.0450 1.9750 -7.4385
SCALE 1 1 1
X 0.7795 -0.3989 0.4829
Y 0.4121 0.9072 0.0843
Z -0.4717 0.1333 0.8716

PART 10
OFFSET 11.3371 2.4784 -7.3329
SCALE 1 1 1
X 0.9882 -0.0042 -0.1533
Y 0.0836 0.8525 0.5159
Z 0.1285 -0.5227 0.8428

PART 11
OFFSET 11.9151 3.0847 -6.5579
SCALE 1 1 1
X 0.9910 0.1085 0.0790
Y -0.1171 0.9865 0.1144
Z -0.0656 -0.1226 0.9903

PART 12
OFFSET 14.0382 3.4104 -6.3208
SCALE 1 1 1
X 0.9930 0.1098 -0.0430
Y -0.0880 0.9326 0.3500
Z 0.0785 -0.3438 0.9357

PART 13
OFFSET 15.6553 3.4935 -6.3063
SCALE 1 1 1
X 0.9123 0.3728 0.1694
Y -0.4056 0.8795 0.2490
Z -0.0561 -0.2959 0.9536

PART 14
OFFSET 16.6324 3.8981 -6.0752
SCALE 1 1 1
X 0.6259 0.6465 -0.4361
Y -0.3628 -0.2537 -0.8967
Z -0.6904 0.7195 0.0758

PART 15
OFFSET 12.1097 1.4564 -7.8447
SCALE 1 1 1
X 0.7890 -0.6142 0.0112
Y -0.2303 -0.2790 0.9323
Z -0.5695 -0.7382 -0.3616

PART 16
OFFSET 13.9372 0.1496 -7.6527
SCALE 1 1 1
X 0.1698 -0.0989 0.9805
Y -0.7280 0.6580 0.1924
Z -0.6642 -0.7465 0.0398

PART 17
OFFSET 14.1777 0.0096 -6.2645
SCALE 1 1 1
X -0.3460 0.3819 0.8570
Y -0.6890 0.5166 -0.5083
Z -0.6368 -0.7664 0.0844

PART 18
OFFSET 13.8709 0.3482 -5.5047
SCALE 1 1 1
X -0.5322 0.5303 0.6599
Y -0.5067 0.4249 -0.7501
Z -0.6782 -0.7336 0.0426

PART 19
OFFSET 13.3653 0.8520 -4.8777
SCALE 1 1 1
X 0.8232 -0.5663 -0.0400
Y -0.1257 -0.1132 -0.9856
Z 0.5536 0.8164 -0.1644

PART 20
OFFSET 12.3647 2.0950 -7.6533
SCALE 1 1 1
X 0.9216 -0.3829 -0.0629
Y -0.1361 -0.4707 0.8717
Z -0.3634 -0.7949 -0.4859

PART 21
OFFSET 14.7057 0.9935 -7.9080
SCALE 1 1 1
X 0.3191 -0.5128 0.7970
Y -0.6135 0.5292 0.5861
Z -0.7223 -0.6760 -0.1457

PART 22
OFFSET 15.2489 0.1204 -6.5511
SCALE 1 1 1
X -0.4950 0.3577 0.7919
Y -0.5031 0.6250 -0.5968
Z -0.7084 -0.6938 -0.1294

PART 23
OFFSET 14.5629 0.6162 -5.4537
SCALE 1 1 1
X -0.6513 0.5611 0.5109
Y -0.2805 0.4476 -0.8491
Z -0.7051 -0.6963 -0.1341

PART 24
OFFSET 13.8565 1.2247 -4.8996
SCALE 1 1 1
X 0.6591 -0.7496 0.0599
Y 0.1741 0.0746 -0.9819
Z 0.7316 0.6576 0.1797

PART 25
OFFSET 14.5850 3.5390 -6.5345
SCALE 1 1 1
X 0.9493 -0.3142 -0.0097
Y 0.1675 0.5318 -0.8301
Z 0.2659 0.7865 0.5575

PART 26
OFFSET 15.2029 3.2993 -7.8543
SCALE 1 1 1
X 0.8042 -0.5107 -0.3042
Y 0.0644 -0.4340 0.8986
Z -0.5909 -0.7422 -0.3161

PART 27
OFFSET 16.6187 2.4002 -8.3900
SCALE 1 1 1
X 0.3796 -0.6505 0.6578
Y -0.7066 0.2551 0.6601
Z -0.5972 -0.7153 -0.3628

PART 28
OFFSET 17.1165 1.6529 -7.5682
SCALE 1 1 1
X -0.3183 -0.1305 0.9390
Y -0.7472 0.6442 -0.1638
Z -0.5835 -0.7537 -0.3026

PART 29
OFFSET 16.7569 1.5054 -6.5076
SCALE 1 1 1
X 0.6140 -0.7510 -0.2429
Y 0.1554 0.4167 -0.8956
Z 0.7739 0.5122 0.3726

PART 30
OFFSET 15.0298 2.2812 -8.2465
SCALE 1 1 1
X 0.6681 -0.6267 0.4011
Y -0.4839 0.0436 0.8740
Z -0.5652 -0.7781 -0.2741

PART 31
OFFSET 16.3350 1.0569 -7.4628
SCALE 1 1 1
X -0.4170 0.0004 0.9089
Y -0.6833 0.6592 -0.3138
Z -0.5993 -0.7520 -0.2746

PART 32
OFFSET 15.7259 1.0576 -6.1352
SCALE 1 1 1
X -0.6380 0.2324 0.7342
Y -0.4526 0.6581 -0.6016
Z -0.6230 -0.7161 -0.3147

PART 33
OFFSET 14.9993 1.3152 -5.3055
SCALE 1 1 1
X 0.8181 -0.5528 -0.1586
Y 0.0176 0.2997 -0.9539
Z 0.5748 0.7776 0.2549

PART 34
OFFSET 14.1670 1.2111 -6.7422
SCALE 1 1 1
X -0.4291 -0.7955 -0.4279
Y -0.1285 0.5227 -0.8428
Z 0.8941 -0.3067 -0.3265

PART 35
OFFSET 5.6289 -1.1252 -6.0572
SCALE 1 1 1
X 0.9321 0.2597 -0.2524
Y -0.2824 0.9575 -0.0579
Z 0.2266 0.1253 0.9659

PART 36
OFFSET -13.3341 -6.7471 -6.3406
SCALE 1 1 1
X -0.8071 0.3887 0.4444
Y -0.1807 -0.8792 0.4408
Z 0.5620 0.2755 0.7799

PART 37
OFFSET -3.5726 -11.4478 -11.7147
SCALE 1 1 1
X -0.4972 -0.7187 -0.4861
Y 0.8577 -0.3226 -0.4005
Z 0.1310 -0.6160 0.7768

PART 38
OFFSET 0.6567 -5.3352 -7.5804
SCALE 1 1 1
X -0.4972 -0.7187 -0.4861
Y 0.6860 0.0173 -0.7274
Z 0.5312 -0.6951 0.4844

PART 39
OFFSET 0.6598 -3.3178 -7.6081
SCALE 1 1 1
X -0.5027 -0.7150 -0.4858
Y -0.1419 0.6226 -0.7696
Z 0.8527 -0.3179 -0.4145

PART 40
OFFSET 0.1771 -3.2114 -6.4828
SCALE 1 1 1
X -0.5027 -0.7150 -0.4858
Y -0.1419 0.6226 -0.7696
Z 0.8527 -0.3179 -0.4145

PART 41
OFFSET 0.5361 -4.0839 -5.3570
SCALE 1 1 1
X -0.5027 -0.7150 -0.4858
Y -0.1419 0.6226 -0.7696
Z 0.8527 -0.3179 -0.4145

PART 42
OFFSET 2.1811 -3.1320 -6.0903
SCALE 1 1 1
X -0.9587 -0.1752 0.2243
Y -0.2009 -0.1414 -0.9694
Z 0.2015 -0.9743 0.1003

PART 43
OFFSET 2.7235 -2.5168 -5.2969
SCALE 1 1 1
X -0.5819 -0.8129 0.0224
Y -0.2241 0.1338 -0.9653
Z 0.7817 -0.5668 -0.2600

PART 44
OFFSET 3.9581 -0.7444 -5.2344
SCALE 1 1 1
X -0.2924 -0.3425 0.8928
Y -0.6048 -0.6570 -0.4501
Z 0.7408 -0.6716 -0.0150

PART 45
OFFSET 4.3112 -0.1554 -6.7009
SCALE 1 1 1
X 0.4497 0.2964 0.8426
Y -0.5104 -0.6888 0.5147
Z 0.7329 -0.6616 -0.1585

PART 46
OFFSET 3.8000 -0.4339 -7.6136
SCALE 1 1 1
X -0.2440 0.5018 0.8299
Y -0.6637 0.5375 -0.5202
Z -0.7071 -0.6777 0.2019

PART 47
OFFSET 2.7364 -2.9383 -7.3383
SCALE 1 1 1
X -0.6754 -0.0570 0.7352
Y 0.2389 -0.9601 0.1451
Z 0.6977 0.2736 0.6621

PART 48
OFFSET 4.3263 -2.6527 -8.9116
SCALE 1 1 1
X -0.1104 -0.9725 0.2053
Y 0.7298 -0.2195 -0.6474
Z 0.6747 0.0783 0.7339

PART 49
OFFSET 4.4827 -1.2759 -9.2022
SCALE 1 1 1
X 0.7030 -0.4061 -0.5838
Y 0.2880 0.9132 -0.2883
Z 0.6502 0.0346 0.7590

PART 50
OFFSET 3.8593 -0.9159 -8.6846
SCALE 1 1 1
X 0.6329 0.4577 -0.6244
Y -0.4021 0.8835 0.2402
Z 0.6616 0.0991 0.7433

PART 51
OFFSET 3.2580 -1.3508 -8.0914
SCALE 1 1 1
X -0.3274 -0.9191 0.2193
Y -0.6272 0.3850 0.6770
Z -0.7067 0.0841 -0.7025

PART 52
OFFSET 3.1089 -2.9419 -6.7294
SCALE 1 1 1
X -0.8582 -0.0890 0.5055
Y 0.1942 -0.9679 0.1593
Z 0.4751 0.2349 0.8480

PART 53
OFFSET 5.2700 -2.7671 -8.1639
SCALE 1 1 1
X -0.0812 -0.9115 0.4032
Y 0.7666 -0.3156 -0.5592
Z 0.6370 0.2637 0.7244

PART 54
OFFSET 5.4082 -1.2152 -8.8503
SCALE 1 1 1
X 0.7702 -0.3289 -0.5465
Y 0.1110 0.9128 -0.3930
Z 0.6281 0.2420 0.7395

PART 55
OFFSET 4.3408 -0.7594 -8.0928
SCALE 1 1 1
X 0.6814 0.2972 -0.6689
Y -0.3838 0.9232 0.0192
Z 0.6232 0.2437 0.7431

PART 56
OFFSET 3.6018 -1.0817 -7.3674
SCALE 1 1 1
X -0.3083 -0.7589 0.5736
Y -0.7314 0.5747 0.3671
Z -0.6083 -0.3063 -0.7322

PART 57
OFFSET -1.5309 -4.2637 -4.2835
SCALE 1 1 1
X -0.8071 -0.4084 0.4264
Y -0.4790 0.8751 -0.0686
Z -0.3451 -0.2597 -0.9019

PART 58
OFFSET 6.1429 -2.7050 -6.1957
SCALE 1 1 1
X -0.8108 -0.4977 0.3079
Y 0.5383 -0.8407 0.0584
Z 0.2299 0.2131 0.9496

PART 59
OFFSET 7.5705 -1.8287 -6.7379
SCALE 1 1 1
X -0.8474 -0.4355 0.3036
Y 0.4901 -0.8617 0.1318
Z 0.2042 0.2605 0.9437

PART 60
OFFSET 8.6131 -1.2834 -7.0496
SCALE 1 1 1
X -0.9200 -0.3253 0.2187
Y 0.3603 -0.9216 0.1447
Z 0.1544 0.2119 0.9650

PART 61
OFFSET 9.6523 -0.9159 -7.2966
SCALE 1 1 1
X 0.0177 0.9974 0.0696
Y 0.9563 0.0034 -0.2924
Z -0.2919 0.0717 -0.9538

PART 62
OFFSET 5.7866 -2.7023 -7.2414
SCALE 1 1 1
X -0.0779 -0.9076 0.4125
Y 0.8883 -0.2510 -0.3845
Z 0.4525 0.3365 0.8258

PART 63
OFFSET 5.9389 -0.9292 -8.0473
SCALE 1 1 1
X 0.8799 -0.2642 -0.3950
Y 0.0668 0.8917 -0.4477
Z 0.4705 0.3675 0.8022

PART 64
OFFSET 4.6537 -0.5433 -7.4704
SCALE 1 1 1
X 0.7053 0.3740 -0.6023
Y -0.5480 0.8266 -0.1285
Z 0.4498 0.4206 0.7879

PART 65
OFFSET 3.8513 -0.9692 -6.7939
SCALE 1 1 1
X -0.2196 -0.8416 0.4935
Y -0.8374 0.4221 0.3473
Z -0.5006 -0.3370 -0.7974

PART 66
OFFSET 0.0000 0.0000 0.0000
SCALE 1 1 1
X 1.0000 0.0000 0.0000
Y 0.0000 1.0000 0.0000
Z 0.0000 0.0000 1.0000

PART 67
OFFSET 0.0000 0.0000 0.0000
SCALE 1 1 1
X 1.0000 0.0000 0.0000
Y 0.0000 1.0000 0.0000
Z 0.0000 0.0000 1.0000

PART 68
OFFSET 1.5404 0.0000 4.1357
SCALE 1 1 1
X 1.0000 0.0000 0.0000
Y 0.0000 1.0000 0.0000
Z 0.0000 0.0000 1.0000

PART 69
OFFSET -4.6318 0.0000 -1.3770
SCALE 1 1 1
X 1.0000 0.0000 0.0000
Y 0.0000 1.0000 0.0000
Z 0.0000 0.0000 1.0000

PART 70
OFFSET 5.6289 -1.1252 -6.0572
SCALE 1 1 1
X 0.9321 0.2597 -0.2524
Y -0.2824 0.9575 -0.0579
Z 0.2266 0.1253 0.9659

PART 71
OFFSET 10.5816 -0.3228 -5.0186
SCALE 1 1 1
X 0.3613 -0.7125 0.6015
Y 0.9321 0.2597 -0.2524
Z 0.0236 0.6518 0.7580

PART 72
OFFSET 32.0245 6.3995 -10.6337
SCALE 1 1 1
X 0.9321 0.2597 -0.2524
Y -0.2824 0.9575 -0.0579
Z 0.2266 0.1253 0.9659

PART 73
OFFSET 9.9248 0.1426 -5.8987
SCALE 1 1 1
X 0.9321 0.2597 -0.2524
Y -0.2824 0.9575 -0.0579
Z 0.2266 0.1253 0.9659

PART 74
OFFSET 5.0825 -1.0988 -2.9569
SCALE 1 1 1
X 0.9321 0.2597 -0.2524
Y -0.2824 0.9575 -0.0579
Z 0.2266 0.1253 0.9659

PART 75
OFFSET 8.0873 -0.2329 -3.2928
SCALE 1 1 1
X 0.9321 0.2597 -0.2524
Y -0.2824 0.9575 -0.0579
Z 0.2266 0.1253 0.9659

PART 76
OFFSET 8.0873 -0.2329 -3.2928
SCALE 1 1 1
X 0.9321 0.2597 -0.2524
Y -0.2824 0.9575 -0.0579
Z 0.2266 0.1253 0.9659

PART 77
OFFSET 8.0873 -0.2329 -3.2928
SCALE 1 1 1
X 0.9321 0.2597 -0.2524
Y -0.2824 0.9575 -0.0579
Z 0.2266 0.1253 0.9659


FRAME 360
PART 0
OFFSET 0.0000 0.0000 0.0000
SCALE 1 1 1
X 1.0000 0.0000 0.0000
Y 0.0000 1.0000 0.0000
Z 0.0000 0.0000 1.0000

PART 1
OFFSET -7.6807 -2.7496 1.5396
SCALE 1 1 1
X 1.0000 0.0000 0.0000
Y 0.0000 1.0000 0.0000
Z 0.0000 0.0000 1.0000

PART 2
OFFSET -3.2132 8.4660 -2.3313
SCALE 1 1 1
X 0.5252 -0.1431 -0.8389
Y 0.0346 -0.9813 0.1891
Z -0.8503 -0.1284 -0.5104

PART 3
OFFSET 3.1381 6.7352 -12.4767
SCALE 1 1 1
X 0.7529 -0.3908 0.5296
Y -0.5199 0.1404 0.8426
Z -0.4036 -0.9097 -0.0975

PART 4
OFFSET 9.5414 3.4114 -7.9720
SCALE 1 1 1
X 0.7529 -0.3908 0.5296
Y 0.0441 0.8328 0.5518
Z -0.6567 -0.3920 0.6442

PART 5
OFFSET 11.7140 4.3848 -7.7059
SCALE 1 1 1
X 0.7570 -0.3891 0.5248
Y 0.4089 0.9087 0.0839
Z -0.5096 0.1511 0.8471

PART 6
OFFSET 10.6629 2.1744 -8.5641
SCALE 1 1 1
X 0.7570 -0.3891 0.5248
Y 0.4089 0.9087 0.0839
Z -0.5096 0.1511 0.8471

PART 7
OFFSET 10.8095 4.1478 -5.6065
SCALE 1 1 1
X 0.7570 -0.3891 0.5248
Y 0.4089 0.9087 0.0839
Z -0.5096 0.1511 0.8471

PART 8
OFFSET 10.1057 2.7451 -5.8303
SCALE 1 1 1
X 0.7570 -0.3891 0.5248
Y 0.4089 0.9087 0.0839
Z -0.5096 0.1511 0.8471

PART 9
OFFSET 9.5920 1.7353 -6.5651
SCALE 1 1 1
X 0.7570 -0.3891 0.5248
Y 0.4089 0.9087 0.0839
Z -0.5096 0.1511 0.8471

PART 10
OFFSET 11.8494 2.2133 -6.3484
SCALE 1 1 1
X 0.9929 -0.0015 -0.1187
Y 0.0637 0.8503 0.5224
Z 0.1002 -0.5262 0.8444

PART 11
OFFSET 12.3987 2.8172 -5.5510
SCALE 1 1 1
X 0.9877 0.1075 0.1137
Y -0.1207 0.9859 0.1157
Z -0.0997 -0.1280 0.9868

PART 12
OFFSET 14.5124 3.1406 -5.2392
SCALE 1 1 1
X 0.9932 0.1159 -0.0058
Y -0.1064 0.9299 0.3520
Z 0.0462 -0.3490 0.9360

PART 13
OFFSET 16.1274 3.2331 -5.1647
SCALE 1 1 1
X 0.9032 0.3771 0.2050
Y -0.4199 0.8755 0.2391
Z -0.0894 -0.3020 0.9491

PART 14
OFFSET 17.0929 3.6420 -4.8955
SCALE 1 1 1
X 0.6376 0.6528 -0.4090
Y -0.3280 -0.2504 -0.9109
Z -0.6971 0.7149 0.0545

PART 15
OFFSET 12.6416 1.1952 -6.8375
SCALE 1 1 1
X 0.7898 -0.6123 0.0360
Y -0.2621 -0.2838 0.9224
Z -0.5546 -0.7379 -0.3846

PART 16
OFFSET 14.4648 -0.1079 -6.5875
SCALE 1 1 1
X 0.1354 -0.1027 0.9855
Y -0.7355 0.6560 0.1694
Z -0.6638 -0.7478 0.0133

PART 17
OFFSET 14.6564 -0.2533 -5.1923
SCALE 1 1 1
X -0.3767 0.3777 0.8459
Y -0.6716 0.5175 -0.5301
Z -0.6380 -0.7678 0.0587

PART 18
OFFSET 14.3225 0.0815 -4.4424
SCALE 1 1 1
X -0.5561 0.5267 0.6429
Y -0.4807 0.4272 -0.7658
Z -0.6780 -0.7349 0.0156

PART 19
OFFSET 13.7942 0.5819 -3.8316
SCALE 1 1 1
X 0.8252 -0.5647 -0.0133
Y -0.0907 -0.1093 -0.9899
Z 0.5575 0.8180 -0.1414

PART 20
OFFSET 12.8884 1.8335 -6.6344
SCALE 1 1 1
X 0.9241 -0.3807 -0.0324
Y -0.1653 -0.4750 0.8643
Z -0.3444 -0.7934 -0.5019

PART 21
OFFSET 15.2394 0.7382 -6.8121
SCALE 1 1 1
X 0.2931 -0.5153 0.8053
Y -0.6347 0.5251 0.5670
Z -0.7150 -0.6773 -0.1732

PART 22
OFFSET 15.7384 -0.1391 -5.4411
SCALE 1 1 1
X -0.5228 0.3530 0.7759
Y -0.4842 0.6262 -0.6111
Z -0.7016 -0.6952 -0.1565

PART 23
OFFSET 15.0138 0.3501 -4.3657
SCALE 1 1 1
X -0.6700 0.5572 0.4906
Y -0.2525 0.4504 -0.8564
Z -0.6981 -0.6976 -0.1611

PART 24
OFFSET 14.2872 0.9544 -3.8336
SCALE 1 1 1
X 0.6588 -0.7481 0.0793
Y 0.2073 0.0792 -0.9751
Z 0.7231 0.6588 0.2073

PART 25
OFFSET 15.0652 3.2769 -5.4324
SCALE 1 1 1
X 0.9498 -0.3122 0.0220
Y 0.1952 0.5359 -0.8214
Z 0.2446 0.7844 0.5699

PART 26
OFFSET 15.7292 3.0446 -6.7309
SCALE 1 1 1
X 0.8154 -0.5076 -0.2783
Y 0.0340 -0.4380 0.8984
Z -0.5779 -0.7420 -0.3399

PART 27
OFFSET 17.1648 2.1508 -7.2209
SCALE 1 1 1
X 0.3579 -0.6527 0.6677
Y -0.7297 0.2507 0.6361
Z -0.5826 -0.7149 -0.3866

PART 28
OFFSET 17.6353 1.4007 -6.3857
SCALE 1 1 1
X -0.3506 -0.1354 0.9267
Y -0.7424 0.6434 -0.1868
Z -0.5709 -0.7535 -0.3261

PART 29
OFFSET 17.2393 1.2477 -5.3389
SCALE 1 1 1
X 0.6237 -0.7486 -0.2247
Y 0.1856 0.4211 -0.8878
Z 0.7593 0.5121 0.4016

PART 30
OFFSET 15.5722 2.0278 -7.1335
SCALE 1 1 1
X 0.6551 -0.6271 0.4214
Y -0.5142 0.0386 0.8568
Z -0.5536 -0.7780 -0.2971

PART 31
OFFSET 16.8519 0.8027 -6.3103
SCALE 1 1 1
X -0.4484 -0.0045 0.8938
Y -0.6734 0.6592 -0.3345
Z -0.5877 -0.7519 -0.2987

PART 32
OFFSET 16.1969 0.7961 -5.0047
SCALE 1 1 1
X -0.6637 0.2277 0.7125
Y -0.4328 0.6599 -0.6141
Z -0.6101 -0.7160 -0.3394

PART 33
OFFSET 15.4413 1.0485 -4.1997
SCALE 1 1 1
X 0.8244 -0.5504 -0.1324
Y 0.0502 0.3041 -0.9513
Z 0.5638 0.7776 0.2783

PART 34
OFFSET 14.6598 0.9492 -5.6650
SCALE 1 1 1
X -0.4122 -0.7944 -0.4461
Y -0.1002 0.5262 -0.8444
Z 0.9056 -0.3033 -0.2965

PART 35
OFFSET 6.1082 -1.4078 -5.2886
SCALE 1 1 1
X 0.9398 0.2627 -0.2185
Y -0.2823 0.9572 -0.0635
Z 0.1925 0.1213 0.9738

PART 36
OFFSET -13.3341 -6.7471 -6.3406
SCALE 1 1 1
X -0.8247 0.3688 0.4288
Y -0.2025 -0.9004 0.3850
Z 0.5281 0.2307 0.8172

PART 37
OFFSET -3.3608 -11.2079 -11.5269
SCALE 1 1 1
X -0.5210 -0.6729 -0.5251
Y 0.8482 -0.3398 -0.4063
Z 0.0950 -0.6571 0.7478

PART 38
OFFSET 1.0708 -5.4845 -7.0607
SCALE 1 1 1
X -0.5210 -0.6729 -0.5251
Y 0.6969 0.0198 -0.7169
Z 0.4928 -0.7395 0.4587

PART 39
OFFSET 1.1590 -3.4706 -6.9904
SCALE 1 1 1
X -0.5263 -0.6691 -0.5247
Y -0.1057 0.6638 -0.7404
Z 0.8437 -0.3343 -0.4201

PART 40
OFFSET 0.6665 -3.3962 -5.8669
SCALE 1 1 1
X -0.5263 -0.6691 -0.5247
Y -0.1057 0.6638 -0.7404
Z 0.8437 -0.3343 -0.4201

PART 41
OFFSET 0.9737 -4.3338 -4.7822
SCALE 1 1 1
X -0.5263 -0.6691 -0.5247
Y -0.1057 0.6638 -0.7404
Z 0.8437 -0.3343 -0.4201

PART 42
OFFSET 2.6681 -3.4215 -5.4510
SCALE 1 1 1
X -0.9655 -0.1781 0.1899
Y -0.1667 -0.1374 -0.9764
Z 0.2000 -0.9744 0.1029

PART 43
OFFSET 3.1811 -2.8088 -4.6364
SCALE 1 1 1
X -0.5806 -0.8142 -0.0016
Y -0.1906 0.1378 -0.9720
Z 0.7916 -0.5640 -0.2352

PART 44
OFFSET 4.4089 -1.0341 -4.5229
SCALE 1 1 1
X -0.3226 -0.3472 0.8806
Y -0.5872 -0.6562 -0.4739
Z 0.7423 -0.6700 0.0078

PART 45
OFFSET 4.8116 -0.4377 -5.9736
SCALE 1 1 1
X 0.4194 0.2934 0.8591
Y -0.5265 -0.6922 0.4935
Z 0.7395 -0.6593 -0.1358

PART 46
OFFSET 4.3331 -0.7131 -6.9048
SCALE 1 1 1
X -0.2739 0.4975 0.8231
Y -0.6463 0.5385 -0.5406
Z -0.7122 -0.6801 0.1740

PART 47
OFFSET 3.2662 -3.2210 -6.6780
SCALE 1 1 1
X -0.7005 -0.0617 0.7110
Y 0.2358 -0.9603 0.1490
Z 0.6735 0.2720 0.6873

PART 48
OFFSET 4.9093 -2.9249 -8.1936
SCALE 1 1 1
X -0.1154 -0.9736 0.1969
Y 0.7524 -0.2151 -0.6226
Z 0.6485 0.0763 0.7574

PART 49
OFFSET 5.0727 -1.5465 -8.4724
SCALE 1 1 1
X 0.7239 -0.4019 -0.5608
Y 0.2958 0.9151 -0.2740
Z 0.6233 0.0324 0.7813

PART 50
OFFSET 4.4308 -1.1901 -7.9752
SCALE 1 1 1
X 0.6533 0.4619 -0.5999
Y -0.4122 0.8816 0.2299
Z 0.6351 0.0970 0.7663

PART 51
OFFSET 3.8102 -1.6289 -7.4052
SCALE 1 1 1
X -0.3328 -0.9207 0.2037
Y -0.6513 0.3806 0.6565
Z -0.6820 0.0858 -0.7263

PART 52
OFFSET 3.6172 -3.2265 -6.0564
SCALE 1 1 1
X -0.8751 -0.0931 0.4749
Y 0.1907 -0.9682 0.1616
Z 0.4448 0.2320 0.8651

PART 53
OFFSET 5.8266 -3.0408 -7.4139
SCALE 1 1 1
X -0.0932 -0.9135 0.3960
Y 0.7863 -0.3115 -0.5336
Z 0.6108 0.2617 0.7473

PART 54
OFFSET 5.9852 -1.4855 -8.0881
SCALE 1 1 1
X 0.7895 -0.3248 -0.5208
Y 0.1226 0.9148 -0.3848
Z 0.6014 0.2399 0.7621

PART 55
OFFSET 4.8910 -1.0354 -7.3663
SCALE 1 1 1
X 0.7036 0.3016 -0.6434
Y -0.3863 0.9223 0.0099
Z 0.5964 0.2416 0.7655

PART 56
OFFSET 4.1279 -1.3625 -6.6685
SCALE 1 1 1
X -0.3265 -0.7621 0.5591
Y -0.7450 0.5715 0.3440
Z -0.5817 -0.3043 -0.7544

PART 57
OFFSET -1.1022 -4.5690 -3.7798
SCALE 1 1 1
X -0.8206 -0.4120 0.3961
Y -0.4783 0.8744 -0.0814
Z -0.3129 -0.2563 -0.9146

PART 58
OFFSET 6.6302 -2.9859 -5.4162
SCALE 1 1 1
X -0.8201 -0.5006 0.2772
Y 0.5375 -0.8400 0.0734
Z 0.1961 0.2092 0.9580

PART 59
OFFSET 8.0742 -2.1046 -5.9042
SCALE 1 1 1
X -0.8566 -0.4386 0.2718
Y 0.4870 -0.8613 0.1449
Z 0.1705 0.2565 0.9514

PART 60
OFFSET 9.1259 -1.5558 -6.1769
SCALE 1 1 1
X -0.9264 -0.3281 0.1849
Y 0.3569 -0.9215 0.1531
Z 0.1202 0.2078 0.9708

PART 61
OFFSET 10.1723 -1.1852 -6.3857
SCALE 1 1 1
X 0.0132 0.9971 0.0747
Y 0.9659 0.0066 -0.2588
Z -0.2585 0.0756 -0.9630

PART 62
OFFSET 6.3106 -2.9791 -6.4737
SCALE 1 1 1
X -0.0903 -0.9096 0.4055
Y 0.9018 -0.2475 -0.3544
Z 0.4227 0.3336 0.8426

PART 63
OFFSET 6.4869 -1.2021 -7.2658
SCALE 1 1 1
X 0.8937 -0.2606 -0.3652
Y 0.0804 0.8939 -0.4411
Z 0.4414 0.3648 0.8198

PART 64
OFFSET 5.1816 -0.8214 -6.7324
SCALE 1 1 1
X 0.7250 0.3781 -0.5756
Y -0.5450 0.8260 -0.1438
Z 0.4211 0.4180 0.8050

PART 65
OFFSET 4.3571 -1.2521 -6.0862
SCALE 1 1 1
X -0.2348 -0.8443 0.4818
Y -0.8499 0.4188 0.3198
Z -0.4718 -0.3344 -0.8159

PART 66
OFFSET 0.0000 0.0000 0.0000
SCALE 1 1 1
X 1.0000 0.0000 0.0000
Y 0.0000 1.0000 0.0000
Z 0.0000 0.0000 1.0000

PART 67
OFFSET 0.0000 0.0000 0.0000
SCALE 1 1 1
X 1.0000 0.0000 0.0000
Y 0.0000 1.0000 0.0000
Z 0.0000 0.0000 1.0000

PART 68
OFFSET 1.5404 0.0000 4.1357
SCALE 1 1 1
X 1.0000 0.0000 0.0000
Y 0.0000 1.0000 0.0000
Z 0.0000 0.0000 1.0000

PART 69
OFFSET -4.6318 0.0000 -1.3770
SCALE 1 1 1
X 1.0000 0.0000 0.0000
Y 0.0000 1.0000 0.0000
Z 0.0000 0.0000 1.0000

PART 70
OFFSET 6.1082 -1.4078 -5.2886
SCALE 1 1 1
X 0.9398 0.2627 -0.2185
Y -0.2823 0.9572 -0.0635
Z 0.1925 0.1213 0.9738

PART 71
OFFSET 11.0199 -0.6000 -4.0744
SCALE 1 1 1
X 0.3417 -0.7145 0.6105
Y 0.9398 0.2627 -0.2185
Z -0.0042 0.6484 0.7613

PART 72
OFFSET 32.6306 6.1919 -8.9081
SCALE 1 1 1
X 0.9398 0.2627 -0.2185
Y -0.2823 0.9572 -0.0635
Z 0.1925 0.1213 0.9738

PART 73
OFFSET 10.3932 -0.1318 -4.9748
SCALE 1 1 1
X 0.9398 0.2627 -0.2185
Y -0.2823 0.9572 -0.0635
Z 0.1925 0.1213 0.9738

PART 74
OFFSET 5.4539 -1.3966 -2.2092
SCALE 1 1 1
X 0.9398 0.2627 -0.2185
Y -0.2823 0.9572 -0.0635
Z 0.1925 0.1213 0.9738

PART 75
OFFSET 8.4668 -0.5230 -2.4362
SCALE 1 1 1
X 0.9398 0.2627 -0.2185
Y -0.2823 0.9572 -0.0635
Z 0.1925 0.1213 0.9738

PART 76
OFFSET 8.4668 -0.5230 -2.4362
SCALE 1 1 1
X 0.9398 0.2627 -0.2185
Y -0.2823 0.9572 -0.0635
Z 0.1925 0.1213 0.9738

PART 77
OFFSET 8.4668 -0.5230 -2.4362
SCALE 1 1 1
X 0.9398 0.2627 -0.2185
Y -0.2823 0.9572 -0.0635
Z 0.1925 0.1213 0.9738


FRAME 361
PART 0
OFFSET 0.0000 0.0000 0.0000
SCALE 1 1 1
X 1.0000 0.0000 0.0000
Y 0.0000 1.0000 0.0000
Z 0.0000 0.0000 1.0000

PART 1
OFFSET -7.6807 -2.7496 1.5396
SCALE 1 1 1
X 1.0000 0.0000 0.0000
Y 0.0000 1.0000 0.0000
Z 0.0000 0.0000 1.0000

PART 2
OFFSET -3.2132 8.4660 -2.3313
SCALE 1 1 1
X 0.5724 -0.1676 -0.8026
Y 0.0172 -0.9762 0.2162
Z -0.8198 -0.1376 -0.5559

PART 3
OFFSET 3.7095 6.4386 -12.0384
SCALE 1 1 1
X 0.7366 -0.3857 0.5556
Y -0.5431 0.1522 0.8257
Z -0.4030 -0.9100 -0.0974

PART 4
OFFSET 9.9746 3.1580 -7.3130
SCALE 1 1 1
X 0.7366 -0.3857 0.5556
Y -0.0088 0.8159 0.5781
Z -0.6763 -0.4307 0.5976

PART 5
OFFSET 12.1449 4.1183 -7.0108
SCALE 1 1 1
X 0.7409 -0.3841 0.5509
Y 0.4087 0.9088 0.0839
Z -0.5329 0.1630 0.8303

PART 6
OFFSET 11.1092 1.9112 -7.8575
SCALE 1 1 1
X 0.7409 -0.3841 0.5509
Y 0.4087 0.9088 0.0839
Z -0.5329 0.1630 0.8303

PART 7
OFFSET 11.1677 3.9115 -4.9161
SCALE 1 1 1
X 0.7409 -0.3841 0.5509
Y 0.4087 0.9088 0.0839
Z -0.5329 0.1630 0.8303

PART 8
OFFSET 10.4765 2.5177 -5.1480
SCALE 1 1 1
X 0.7409 -0.3841 0.5509
Y 0.4087 0.9088 0.0839
Z -0.5329 0.1630 0.8303

PART 9
OFFSET 10.0231 1.5383 -5.9130
SCALE 1 1 1
X 0.7409 -0.3841 0.5509
Y 0.4087 0.9088 0.0839
Z -0.5329 0.1630 0.8303

PART 10
OFFSET 12.2327 1.9756 -5.6098
SCALE 1 1 1
X 0.9970 -0.0088 -0.0763
Y 0.0492 0.8367 0.5455
Z 0.0591 -0.5476 0.8346

PART 11
OFFSET 12.7529 2.5542 -4.7750
SCALE 1 1 1
X 0.9825 0.0977 0.1588
Y -0.1194 0.9839 0.1334
Z -0.1432 -0.1500 0.9783

PART 12
OFFSET 14.8531 2.8548 -4.3646
SCALE 1 1 1
X 0.9942 0.1011 0.0368
Y -0.1075 0.9232 0.3690
Z 0.0033 -0.3708 0.9287

PART 13
OFFSET 16.4649 2.9214 -4.2233
SCALE 1 1 1
X 0.8994 0.3588 0.2499
Y -0.4168 0.8761 0.2424
Z -0.1320 -0.3221 0.9375

PART 14
OFFSET 17.4244 3.3095 -3.9060
SCALE 1 1 1
X 0.6628 0.6523 -0.3678
Y -0.2944 -0.2247 -0.9289
Z -0.6886 0.7239 0.0431

PART 15
OFFSET 13.0357 0.9616 -6.0898
SCALE 1 1 1
X 0.7820 -0.6209 0.0545
Y -0.3040 -0.3036 0.9030
Z -0.5441 -0.7227 -0.4261

PART 16
OFFSET 14.8347 -0.3655 -5.7945
SCALE 1 1 1
X 0.0918 -0.1278 0.9875
Y -0.7358 0.6595 0.1537
Z -0.6709 -0.7408 -0.0335

PART 17
OFFSET 14.9646 -0.5464 -4.3964
SCALE 1 1 1
X -0.4091 0.3612 0.8379
Y -0.6432 0.5373 -0.5456
Z -0.6473 -0.7622 0.0125

PART 18
OFFSET 14.6019 -0.2262 -3.6534
SCALE 1 1 1
X -0.5782 0.5169 0.6312
Y -0.4432 0.4506 -0.7750
Z -0.6850 -0.7278 -0.0315

PART 19
OFFSET 14.0525 0.2649 -3.0538
SCALE 1 1 1
X 0.8195 -0.5730 0.0083
Y -0.0490 -0.0844 -0.9952
Z 0.5709 0.8152 -0.0973

PART 20
OFFSET 13.2794 1.5922 -5.8606
SCALE 1 1 1
X 0.9212 -0.3892 -0.0024
Y -0.2066 -0.4941 0.8445
Z -0.3299 -0.7774 -0.5356

PART 21
OFFSET 15.6257 0.4775 -5.9650
SCALE 1 1 1
X 0.2542 -0.5374 0.8041
Y -0.6535 0.5175 0.5524
Z -0.7130 -0.6659 -0.2196

PART 22
OFFSET 16.0585 -0.4375 -4.5960
SCALE 1 1 1
X -0.5521 0.3393 0.7616
Y -0.4524 0.6455 -0.6154
Z -0.7004 -0.6843 -0.2028

PART 23
OFFSET 15.2934 0.0328 -3.5404
SCALE 1 1 1
X -0.6852 0.5517 0.4754
Y -0.2121 0.4734 -0.8550
Z -0.6968 -0.6867 -0.2073

PART 24
OFFSET 14.5503 0.6312 -3.0248
SCALE 1 1 1
X 0.6483 -0.7562 0.0886
Y 0.2491 0.1006 -0.9632
Z 0.7195 0.6465 0.2536

PART 25
OFFSET 15.4160 2.9834 -4.5316
SCALE 1 1 1
X 0.9450 -0.3224 0.0548
Y 0.2352 0.5537 -0.7988
Z 0.2272 0.7678 0.5991

PART 26
OFFSET 16.1329 2.7758 -5.8060
SCALE 1 1 1
X 0.8218 -0.5091 -0.2558
Y -0.0086 -0.4600 0.8879
Z -0.5697 -0.7275 -0.3824

PART 27
OFFSET 17.5798 1.8795 -6.2564
SCALE 1 1 1
X 0.3229 -0.6725 0.6660
Y -0.7539 0.2426 0.6105
Z -0.5721 -0.6992 -0.4287

PART 28
OFFSET 18.0071 1.1045 -5.4207
SCALE 1 1 1
X -0.3912 -0.1543 0.9073
Y -0.7277 0.6553 -0.2023
Z -0.5634 -0.7394 -0.3687

PART 29
OFFSET 17.5652 0.9302 -4.3959
SCALE 1 1 1
X 0.6258 -0.7493 -0.2164
Y 0.2273 0.4407 -0.8684
Z 0.7461 0.4943 0.4461

PART 30
OFFSET 15.9838 1.7709 -6.2399
SCALE 1 1 1
X 0.6306 -0.6439 0.4333
Y -0.5500 0.0231 0.8348
Z -0.5476 -0.7647 -0.3396

PART 31
OFFSET 17.2157 0.5129 -5.3936
SCALE 1 1 1
X -0.4863 -0.0217 0.8735
Y -0.6524 0.6741 -0.3465
Z -0.5813 -0.7383 -0.3420

PART 32
OFFSET 16.5054 0.4813 -4.1177
SCALE 1 1 1
X -0.6915 0.2172 0.6890
Y -0.4000 0.6791 -0.6155
Z -0.6016 -0.7012 -0.3827

PART 33
OFFSET 15.7183 0.7218 -3.3396
SCALE 1 1 1
X 0.8241 -0.5555 -0.1108
Y 0.0937 0.3266 -0.9405
Z 0.5586 0.7647 0.3212

PART 34
OFFSET 14.9994 0.6663 -4.8388
SCALE 1 1 1
X -0.4000 -0.7790 -0.4828
Y -0.0591 0.5476 -0.8346
Z 0.9146 -0.3053 -0.2651

PART 35
OFFSET 6.4181 -1.6108 -4.8856
SCALE 1 1 1
X 0.9507 0.2582 -0.1717
Y -0.2705 0.9613 -0.0517
Z 0.1517 0.0956 0.9838

PART 36
OFFSET -13.3341 -6.7471 -6.3406
SCALE 1 1 1
X -0.8321 0.3608 0.4212
Y -0.2100 -0.9079 0.3628
Z 0.5133 0.2134 0.8313

PART 37
OFFSET -3.2702 -11.1103 -11.4341
SCALE 1 1 1
X -0.5393 -0.6504 -0.5350
Y 0.8382 -0.3535 -0.4152
Z 0.0809 -0.6723 0.7358

PART 38
OFFSET 1.3163 -5.5784 -6.8841
SCALE 1 1 1
X -0.5393 -0.6504 -0.5350
Y 0.6915 0.0205 -0.7220
Z 0.4806 -0.7593 0.4387

PART 39
OFFSET 1.4562 -3.5674 -6.7821
SCALE 1 1 1
X -0.5445 -0.6464 -0.5345
Y -0.0914 0.6792 -0.7283
Z 0.8338 -0.3476 -0.4289

PART 40
OFFSET 0.9703 -3.5022 -5.6547
SCALE 1 1 1
X -0.5445 -0.6464 -0.5345
Y -0.0914 0.6792 -0.7283
Z 0.8338 -0.3476 -0.4289

PART 41
OFFSET 1.2581 -4.4698 -4.5839
SCALE 1 1 1
X -0.5445 -0.6464 -0.5345
Y -0.0914 0.6792 -0.7283
Z 0.8338 -0.3476 -0.4289

PART 42
OFFSET 2.9695 -3.5844 -5.2441
SCALE 1 1 1
X -0.9744 -0.1727 0.1441
Y -0.1260 -0.1118 -0.9857
Z 0.1864 -0.9786 0.0872

PART 43
OFFSET 3.4529 -2.9970 -4.3935
SCALE 1 1 1
X -0.5875 -0.8079 -0.0465
Y -0.1475 0.1633 -0.9755
Z 0.7957 -0.5662 -0.2151

PART 44
OFFSET 4.6911 -1.2384 -4.1839
SCALE 1 1 1
X -0.3633 -0.3652 0.8571
Y -0.5725 -0.6384 -0.5146
Z 0.7351 -0.6776 0.0228

PART 45
OFFSET 5.1610 -0.6111 -5.6009
SCALE 1 1 1
X 0.3849 0.2681 0.8831
Y -0.5536 -0.6986 0.4534
Z 0.7385 -0.6634 -0.1205

PART 46
OFFSET 4.7204 -0.8588 -6.5582
SCALE 1 1 1
X -0.3043 0.4801 0.8227
Y -0.6176 0.5582 -0.5541
Z -0.7253 -0.6767 0.1266

PART 47
OFFSET 3.6215 -3.3602 -6.4392
SCALE 1 1 1
X -0.7309 -0.0718 0.6787
Y 0.2203 -0.9660 0.1351
Z 0.6460 0.2483 0.7219

PART 48
OFFSET 5.3307 -3.0443 -7.8756
SCALE 1 1 1
X -0.1327 -0.9769 0.1677
Y 0.7764 -0.2076 -0.5951
Z 0.6161 0.0512 0.7860

PART 49
OFFSET 5.5186 -1.6613 -8.1130
SCALE 1 1 1
X 0.7435 -0.3956 -0.5392
Y 0.3158 0.9184 -0.2384
Z 0.5895 0.0070 0.8077

PART 50
OFFSET 4.8594 -1.3106 -7.6349
SCALE 1 1 1
X 0.6826 0.4696 -0.5599
Y -0.4134 0.8800 0.2339
Z 0.6025 0.0718 0.7948

PART 51
OFFSET 4.2109 -1.7567 -7.1030
SCALE 1 1 1
X -0.3497 -0.9219 0.1665
Y -0.6753 0.3712 0.6373
Z -0.6494 0.1105 -0.7524

PART 52
OFFSET 3.9455 -3.3846 -5.8036
SCALE 1 1 1
X -0.8955 -0.0956 0.4347
Y 0.1746 -0.9738 0.1456
Z 0.4094 0.2063 0.8887

PART 53
OFFSET 6.2126 -3.1886 -7.0607
SCALE 1 1 1
