// Export filename: `C:/Program Files/Activision/Call of Duty 4 - Modern Warfare/xanim_export/viewmodels/M16/m16_putaway2.XANIM_EXPORT`
// Source filename: `C:/Program Files/Activision/Call of Duty 4 - Modern Warfare/bin/maya/animation_src/viewmodel/m16/viewmodel_m16_animation.mb`
// Export time: Mon Jan 07 16:17:01 2008

ANIMATION
VERSION 3

NUMPARTS 78
PART 0 "tag_ads"
PART 1 "tag_torso"
PART 2 "J_Shoulder_LE"
PART 3 "J_Elbow_LE"
PART 4 "J_WristTwist_LE"
PART 5 "J_Sleave_Reshape_Bottom_LE_1"
PART 6 "J_Sleave_Reshape_Bottom_LE_2"
PART 7 "J_Sleave_Reshape_Top_LE_1"
PART 8 "J_Sleave_Reshape_Top_LE_2"
PART 9 "J_Sleave_Reshape_Top_LE_3"
PART 10 "J_Wrist_LE"
PART 11 "J_Thumb_LE_0"
PART 12 "J_Thumb_LE_1"
PART 13 "J_Thumb_LE_2"
PART 14 "J_Thumb_LE_3"
PART 15 "J_PinkyPalm_LE"
PART 16 "J_Pinky_LE_0"
PART 17 "J_Pinky_LE_1"
PART 18 "J_Pinky_LE_2"
PART 19 "J_Pinky_LE_3"
PART 20 "J_RingPalm_LE"
PART 21 "J_Ring_LE_0"
PART 22 "J_Ring_LE_1"
PART 23 "J_Ring_LE_2"
PART 24 "J_Ring_LE_3"
PART 25 "J_Webbing_LE"
PART 26 "J_Index_LE_0"
PART 27 "J_Index_LE_1"
PART 28 "J_Index_LE_2"
PART 29 "J_Index_LE_3"
PART 30 "J_Mid_LE_0"
PART 31 "J_Mid_LE_1"
PART 32 "J_Mid_LE_2"
PART 33 "J_Mid_LE_3"
PART 34 "tag_knife_attach"
PART 35 "tag_weapon"
PART 36 "J_Shoulder_RI"
PART 37 "J_Elbow_RI"
PART 38 "J_WristTwist_RI"
PART 39 "J_Sleave_Reshape_Top_RI_3"
PART 40 "J_Sleave_Reshape_Top_RI_2"
PART 41 "J_Sleave_Reshape_Top_RI_1"
PART 42 "J_Wrist_RI"
PART 43 "J_Thumb_RI_0"
PART 44 "J_Thumb_RI_1"
PART 45 "J_Thumb_RI_2"
PART 46 "J_Thumb_RI_3"
PART 47 "J_PinkyPalm_RI"
PART 48 "J_Pinky_RI_0"
PART 49 "J_Pinky_RI_1"
PART 50 "J_Pinky_RI_2"
PART 51 "J_Pinky_RI_3"
PART 52 "J_RingPalm_RI"
PART 53 "J_Ring_RI_0"
PART 54 "J_Ring_RI_1"
PART 55 "J_Ring_RI_2"
PART 56 "J_Ring_RI_3"
PART 57 "J_Webbing_RI"
PART 58 "J_Index_RI_0"
PART 59 "J_Index_RI_1"
PART 60 "J_Index_RI_2"
PART 61 "J_Index_RI_3"
PART 62 "J_Mid_RI_0"
PART 63 "J_Mid_RI_1"
PART 64 "J_Mid_RI_2"
PART 65 "J_Mid_RI_3"
PART 66 "tag_cambone"
PART 67 "tag_camera"
PART 68 "tag_gasmask"
PART 69 "tag_gasmask2"
PART 70 "J_Gun"
PART 71 "TAG_BRASS"
PART 72 "TAG_FLASH"
PART 73 "TAG_CLIP"
PART 74 "J_Clip_Release"
PART 75 "TAG_REFLEX_SIGHT"
PART 76 "TAG_ACOG"
PART 77 "TAG_IRON_SIGHT"

FRAMERATE 30
NUMFRAMES 14

FRAME 465
PART 0
OFFSET 0.0000 0.0000 0.0000
SCALE 1 1 1
X 1.0000 0.0000 0.0000
Y 0.0000 1.0000 0.0000
Z 0.0000 0.0000 1.0000

PART 1
OFFSET -7.6807 -2.7496 1.5396
SCALE 1 1 1
X 1.0000 0.0000 0.0000
Y 0.0000 1.0000 0.0000
Z 0.0000 0.0000 1.0000

PART 2
OFFSET -3.2132 8.4660 -2.3313
SCALE 1 1 1
X 0.7253 -0.3235 -0.6076
Y -0.1633 -0.9383 0.3047
Z -0.6688 -0.1218 -0.7334

PART 3
OFFSET 5.5588 4.5531 -9.6800
SCALE 1 1 1
X 0.7649 -0.4789 0.4307
Y -0.4280 0.1219 0.8955
Z -0.4814 -0.8694 -0.1117

PART 4
OFFSET 12.0648 0.4797 -6.0164
SCALE 1 1 1
X 0.7649 -0.4789 0.4307
Y 0.1107 0.7565 0.6445
Z -0.6345 -0.4453 0.6317

PART 5
OFFSET 14.3239 1.2573 -5.9225
SCALE 1 1 1
X 0.7688 -0.4772 0.4257
Y 0.4853 0.8689 0.0976
Z -0.4165 0.1315 0.8996

PART 6
OFFSET 13.0263 -0.7939 -6.7855
SCALE 1 1 1
X 0.7688 -0.4772 0.4257
Y 0.4853 0.8689 0.0976
Z -0.4165 0.1315 0.8996

PART 7
OFFSET 13.5851 0.9499 -3.7361
SCALE 1 1 1
X 0.7688 -0.4772 0.4257
Y 0.4853 0.8689 0.0976
Z -0.4165 0.1315 0.8996

PART 8
OFFSET 12.7681 -0.3663 -3.9820
SCALE 1 1 1
X 0.7688 -0.4772 0.4257
Y 0.4853 0.8689 0.0976
Z -0.4165 0.1315 0.8996

PART 9
OFFSET 12.1657 -1.2350 -4.7632
SCALE 1 1 1
X 0.7688 -0.4772 0.4257
Y 0.4853 0.8689 0.0976
Z -0.4165 0.1315 0.8996

PART 10
OFFSET 14.4097 -0.9885 -4.6958
SCALE 1 1 1
X 0.9587 -0.2742 0.0754
Y 0.1691 0.7628 0.6241
Z -0.2286 -0.5856 0.7777

PART 11
OFFSET 14.9103 -0.6162 -3.7403
SCALE 1 1 1
X 0.9398 -0.0723 0.3340
Y 0.0268 0.9899 0.1389
Z -0.3407 -0.1216 0.9323

PART 12
OFFSET 16.9220 -0.6802 -2.9537
SCALE 1 1 1
X 0.9386 -0.3291 0.1033
Y 0.2596 0.8711 0.4168
Z -0.2272 -0.3644 0.9031

PART 13
OFFSET 18.3963 -1.3044 -2.7107
SCALE 1 1 1
X 0.9436 -0.0618 0.3254
Y -0.0297 0.9627 0.2689
Z -0.3299 -0.2634 0.9065

PART 14
OFFSET 19.4011 -1.3668 -2.3127
SCALE 1 1 1
X 0.9023 0.3220 -0.2867
Y -0.2854 -0.0523 -0.9570
Z -0.3231 0.9453 0.0447

PART 15
OFFSET 14.9937 -2.1557 -5.1432
SCALE 1 1 1
X 0.5702 -0.8139 0.1110
Y -0.5222 -0.2548 0.8139
Z -0.6342 -0.5221 -0.5703

PART 16
OFFSET 16.3033 -3.9397 -4.7108
SCALE 1 1 1
X -0.1118 -0.2032 0.9727
Y -0.5601 0.8214 0.1072
Z -0.8208 -0.5329 -0.2057

PART 17
OFFSET 16.1450 -4.2274 -3.3336
SCALE 1 1 1
X -0.4400 0.4089 0.7995
Y -0.3846 0.7187 -0.5792
Z -0.8115 -0.5623 -0.1590

PART 18
OFFSET 15.7549 -3.8649 -2.6248
SCALE 1 1 1
X -0.5268 0.6154 0.5864
Y -0.1772 0.5952 -0.7838
Z -0.8313 -0.5168 -0.2045

PART 19
OFFSET 15.2544 -3.2802 -2.0677
SCALE 1 1 1
X 0.6344 -0.7696 0.0731
Y 0.1001 -0.0120 -0.9949
Z 0.7665 0.6385 0.0695

PART 20
OFFSET 15.3489 -1.6273 -4.8204
SCALE 1 1 1
X 0.7751 -0.6240 0.0993
Y -0.4690 -0.4628 0.7522
Z -0.4234 -0.6296 -0.6514

PART 21
OFFSET 17.3079 -3.3302 -4.6760
SCALE 1 1 1
X -0.0461 -0.6293 0.7758
Y -0.5818 0.6482 0.4912
Z -0.8120 -0.4287 -0.3960

PART 22
OFFSET 17.2294 -4.4015 -3.3551
SCALE 1 1 1
X -0.5705 0.4380 0.6948
Y -0.1470 0.7778 -0.6110
Z -0.8080 -0.4507 -0.3793

PART 23
OFFSET 16.4388 -3.7945 -2.3922
SCALE 1 1 1
X -0.5889 0.6941 0.4140
Y 0.0782 0.5588 -0.8256
Z -0.8044 -0.4538 -0.3834

PART 24
OFFSET 15.8001 -3.0417 -1.9432
SCALE 1 1 1
X 0.3982 -0.9102 0.1135
Y 0.4361 0.0790 -0.8964
Z 0.8070 0.4065 0.4284

PART 25
OFFSET 17.5112 -0.9365 -3.0558
SCALE 1 1 1
X 0.8058 -0.5684 0.1664
Y 0.5038 0.5100 -0.6972
Z 0.3114 0.6457 0.6973

PART 26
OFFSET 18.3579 -1.2640 -4.2205
SCALE 1 1 1
X 0.6938 -0.6985 -0.1756
Y -0.2795 -0.4858 0.8282
Z -0.6638 -0.5255 -0.5322

PART 27
OFFSET 19.5794 -2.4937 -4.5297
SCALE 1 1 1
X 0.0189 -0.7682 0.6399
Y -0.7590 0.4056 0.5094
Z -0.6509 -0.4953 -0.5754

PART 28
OFFSET 19.6419 -3.3976 -3.7169
SCALE 1 1 1
X -0.5676 -0.0895 0.8184
Y -0.4879 0.8373 -0.2468
Z -0.6632 -0.5394 -0.5189

PART 29
OFFSET 19.0008 -3.4987 -2.7924
SCALE 1 1 1
X 0.4386 -0.8784 -0.1896
Y 0.4791 0.4071 -0.7777
Z 0.7603 0.2503 0.5994

PART 30
OFFSET 18.0312 -2.1673 -4.7661
SCALE 1 1 1
X 0.3588 -0.8120 0.4604
Y -0.6603 0.1278 0.7400
Z -0.6597 -0.5695 -0.4903

PART 31
OFFSET 18.7322 -3.7536 -3.8668
SCALE 1 1 1
X -0.6180 0.0655 0.7835
Y -0.3866 0.8424 -0.3754
Z -0.6846 -0.5349 -0.4952

PART 32
OFFSET 17.8295 -3.6579 -2.7224
SCALE 1 1 1
X -0.7196 0.3601 0.5937
Y -0.0992 0.7929 -0.6012
Z -0.6873 -0.4915 -0.5349

PART 33
OFFSET 17.0097 -3.2540 -2.0534
SCALE 1 1 1
X 0.6591 -0.7512 -0.0370
Y 0.3350 0.3373 -0.8798
Z 0.6734 0.5674 0.4739

PART 34
OFFSET 16.5695 -3.0354 -3.6428
SCALE 1 1 1
X -0.4985 -0.6157 -0.6102
Y 0.2286 0.5856 -0.7777
Z 0.8362 -0.5272 -0.1512

PART 35
OFFSET 7.8313 -2.9010 -5.2087
SCALE 1 1 1
X 1.0000 0.0000 0.0000
Y 0.0000 1.0000 0.0000
Z 0.0000 0.0000 1.0000

PART 36
OFFSET -13.3341 -6.7471 -6.3406
SCALE 1 1 1
X -0.8317 0.3598 0.4228
Y -0.1880 -0.8991 0.3954
Z 0.5224 0.2494 0.8154

PART 37
OFFSET -3.2753 -11.0985 -11.4543
SCALE 1 1 1
X -0.6378 -0.6267 -0.4477
Y 0.7631 -0.4352 -0.4778
Z 0.1046 -0.6464 0.7558

PART 38
OFFSET 2.1494 -5.7682 -7.6460
SCALE 1 1 1
X -0.6378 -0.6267 -0.4477
Y 0.6522 -0.1303 -0.7468
Z 0.4097 -0.7683 0.4918

PART 39
OFFSET 2.4352 -3.7864 -7.6153
SCALE 1 1 1
X -0.6426 -0.6223 -0.4470
Y -0.1137 0.6544 -0.7476
Z 0.7577 -0.4296 -0.4913

PART 40
OFFSET 2.0606 -3.6171 -6.4619
SCALE 1 1 1
X -0.6426 -0.6223 -0.4470
Y -0.1137 0.6544 -0.7476
Z 0.7577 -0.4296 -0.4913

PART 41
OFFSET 2.3757 -4.5220 -5.4233
SCALE 1 1 1
X -0.6426 -0.6223 -0.4470
Y -0.1137 0.6544 -0.7476
Z 0.7577 -0.4296 -0.4913

PART 42
OFFSET 4.1047 -3.8469 -6.2734
SCALE 1 1 1
X -0.9957 0.0900 -0.0226
Y 0.0206 -0.0225 -0.9995
Z -0.0905 -0.9957 0.0205

PART 43
OFFSET 4.5698 -3.4569 -5.3071
SCALE 1 1 1
X -0.7592 -0.6153 -0.2121
Y 0.0695 0.2474 -0.9664
Z 0.6472 -0.7484 -0.1450

PART 44
OFFSET 6.1651 -2.1121 -4.7449
SCALE 1 1 1
X -0.5869 -0.2971 0.7532
Y -0.6207 -0.4322 -0.6541
Z 0.5199 -0.8514 0.0692

PART 45
OFFSET 7.0172 -1.5629 -6.0076
SCALE 1 1 1
X 0.2835 0.1079 0.9529
Y -0.7846 -0.5453 0.2952
Z 0.5514 -0.8313 -0.0699

PART 46
OFFSET 6.6988 -1.6323 -7.0398
SCALE 1 1 1
X -0.3066 0.5013 0.8091
Y -0.3478 0.7323 -0.5855
Z -0.8860 -0.4609 -0.0502

PART 47
OFFSET 4.9876 -3.7459 -7.3287
SCALE 1 1 1
X -0.8299 0.0936 0.5500
Y -0.0632 -0.9953 0.0740
Z 0.5543 0.0266 0.8319

PART 48
OFFSET 6.9408 -3.8303 -8.4523
SCALE 1 1 1
X -0.4072 -0.9119 0.0514
Y 0.7867 -0.3788 -0.4875
Z 0.4640 -0.1581 0.8716

PART 49
OFFSET 7.5174 -2.5393 -8.5250
SCALE 1 1 1
X 0.6972 -0.5535 -0.4555
Y 0.5783 0.8098 -0.0988
Z 0.4235 -0.1945 0.8848

PART 50
OFFSET 6.8992 -2.0485 -8.1212
SCALE 1 1 1
X 0.8664 0.2957 -0.4023
Y -0.2060 0.9457 0.2515
Z 0.4549 -0.1351 0.8803

PART 51
OFFSET 6.0761 -2.3295 -7.7390
SCALE 1 1 1
X -0.5992 -0.8003 0.0225
Y -0.6556 0.5065 0.5600
Z -0.4596 0.3208 -0.8282

PART 52
OFFSET 5.1802 -3.8899 -6.6566
SCALE 1 1 1
X -0.9507 0.1278 0.2827
Y -0.1105 -0.9909 0.0766
Z 0.2899 0.0416 0.9562

PART 53
OFFSET 7.6021 -4.2497 -7.5305
SCALE 1 1 1
X -0.4141 -0.8733 0.2568
Y 0.7738 -0.4863 -0.4060
Z 0.4794 0.0306 0.8771

PART 54
OFFSET 8.3071 -2.7630 -7.9678
SCALE 1 1 1
X 0.7704 -0.5008 -0.3946
Y 0.4396 0.8655 -0.2401
Z 0.4617 0.0115 0.8870

PART 55
OFFSET 7.2393 -2.0690 -7.4210
SCALE 1 1 1
X 0.8811 0.1309 -0.4545
Y -0.1229 0.9913 0.0472
Z 0.4567 0.0143 0.8895

PART 56
OFFSET 6.2837 -2.2109 -6.9281
SCALE 1 1 1
X -0.6292 -0.6728 0.3891
Y -0.6252 0.7356 0.2609
Z -0.4618 -0.0791 -0.8835

PART 57
OFFSET -0.1053 -3.9869 -5.5112
SCALE 1 1 1
X -0.9660 -0.1878 0.1778
Y -0.2020 0.9772 -0.0652
Z -0.1615 -0.0989 -0.9819

PART 58
OFFSET 7.9352 -4.5508 -5.4239
SCALE 1 1 1
X -0.9620 -0.2681 0.0523
Y 0.2714 -0.9597 0.0733
Z 0.0305 0.0847 0.9959

PART 59
OFFSET 9.6289 -4.0788 -5.5159
SCALE 1 1 1
X -0.9794 -0.1965 0.0473
Y 0.2011 -0.9708 0.1308
Z 0.0202 0.1376 0.9903

PART 60
OFFSET 10.8207 -3.8315 -5.5133
SCALE 1 1 1
X -0.9971 -0.0658 -0.0374
Y 0.0615 -0.9924 0.1064
Z -0.0441 0.1038 0.9936

PART 61
OFFSET 11.9470 -3.7572 -5.4711
SCALE 1 1 1
X 0.2567 0.9465 0.1956
Y 0.9664 -0.2485 -0.0658
Z -0.0136 0.2059 -0.9785

PART 62
OFFSET 7.8676 -4.3870 -6.5143
SCALE 1 1 1
X -0.4124 -0.8710 0.2671
Y 0.8599 -0.4690 -0.2015
Z 0.3008 0.1465 0.9424

PART 63
OFFSET 8.6733 -2.6855 -7.0361
SCALE 1 1 1
X 0.8512 -0.4786 -0.2152
Y 0.4068 0.8609 -0.3056
Z 0.3315 0.1726 0.9275

PART 64
OFFSET 7.4300 -1.9864 -6.7218
SCALE 1 1 1
X 0.9065 0.1938 -0.3751
Y -0.2637 0.9537 -0.1447
Z 0.3296 0.2301 0.9156

PART 65
OFFSET 6.4008 -2.2069 -6.3035
SCALE 1 1 1
X -0.5477 -0.7724 0.3215
Y -0.7586 0.6206 0.1986
Z -0.3529 -0.1351 -0.9259

PART 66
OFFSET 0.0000 0.0000 0.0000
SCALE 1 1 1
X 1.0000 0.0000 0.0000
Y 0.0000 1.0000 0.0000
Z 0.0000 0.0000 1.0000

PART 67
OFFSET 0.0000 0.0000 0.0000
SCALE 1 1 1
X 1.0000 0.0000 0.0000
Y 0.0000 1.0000 0.0000
Z 0.0000 0.0000 1.0000

PART 68
OFFSET 1.5404 0.0000 4.1357
SCALE 1 1 1
X 1.0000 0.0000 0.0000
Y 0.0000 1.0000 0.0000
Z 0.0000 0.0000 1.0000

PART 69
OFFSET -4.6318 0.0000 -1.3770
SCALE 1 1 1
X 1.0000 0.0000 0.0000
Y 0.0000 1.0000 0.0000
Z 0.0000 0.0000 1.0000

PART 70
OFFSET 7.8313 -2.9010 -5.2087
SCALE 1 1 1
X 1.0000 0.0000 0.0000
Y 0.0000 1.0000 0.0000
Z 0.0000 0.0000 1.0000

PART 71
OFFSET 12.3941 -3.5916 -2.9826
SCALE 1 1 1
X 0.0000 -0.8192 0.5736
Y 1.0000 0.0000 -0.0000
Z -0.0000 0.5736 0.8192

PART 72
OFFSET 35.5445 -2.8852 -2.7048
SCALE 1 1 1
X 1.0000 0.0000 0.0000
Y 0.0000 1.0000 0.0000
Z 0.0000 0.0000 1.0000

PART 73
OFFSET 12.1249 -2.9094 -3.9233
SCALE 1 1 1
X 1.0000 0.0000 0.0000
Y 0.0000 1.0000 0.0000
Z 0.0000 0.0000 1.0000

PART 74
OFFSET 6.5463 -2.9010 -2.3346
SCALE 1 1 1
X 1.0000 0.0000 0.0000
Y 0.0000 1.0000 0.0000
Z 0.0000 0.0000 1.0000

PART 75
OFFSET 9.6569 -2.9010 -1.8697
SCALE 1 1 1
X 1.0000 0.0000 0.0000
Y 0.0000 1.0000 0.0000
Z 0.0000 0.0000 1.0000

PART 76
OFFSET 9.6569 -2.9010 -1.8697
SCALE 1 1 1
X 1.0000 0.0000 0.0000
Y 0.0000 1.0000 0.0000
Z 0.0000 0.0000 1.0000

PART 77
OFFSET 9.6569 -2.9010 -1.8697
SCALE 1 1 1
X 1.0000 0.0000 0.0000
Y 0.0000 1.0000 0.0000
Z 0.0000 0.0000 1.0000


FRAME 466
PART 0
OFFSET 0.0000 0.0000 0.0000
SCALE 1 1 1
X 1.0000 0.0000 0.0000
Y 0.0000 1.0000 0.0000
Z 0.0000 0.0000 1.0000

PART 1
OFFSET -7.6807 -2.7496 1.5396
SCALE 1 1 1
X 1.0000 0.0000 0.0000
Y 0.0000 1.0000 0.0000
Z 0.0000 0.0000 1.0000

PART 2
OFFSET -3.2132 8.4660 -2.3313
SCALE 1 1 1
X 0.7194 -0.2917 -0.6304
Y -0.1472 -0.9510 0.2720
Z -0.6788 -0.1028 -0.7271

PART 3
OFFSET 5.4873 4.9385 -9.9550
SCALE 1 1 1
X 0.7477 -0.4783 0.4607
Y -0.4664 0.1156 0.8770
Z -0.4727 -0.8706 -0.1366

PART 4
OFFSET 11.8468 0.8706 -6.0368
SCALE 1 1 1
X 0.7477 -0.4783 0.4607
Y 0.1070 0.7715 0.6272
Z -0.6554 -0.4197 0.6280

PART 5
OFFSET 14.0958 1.6643 -5.8323
SCALE 1 1 1
X 0.7518 -0.4766 0.4558
Y 0.4772 0.8702 0.1227
Z -0.4551 0.1253 0.8816

PART 6
OFFSET 12.8454 -0.3954 -6.7706
SCALE 1 1 1
X 0.7518 -0.4766 0.4558
Y 0.4772 0.8702 0.1227
Z -0.4551 0.1253 0.8816

PART 7
OFFSET 13.2732 1.3420 -3.6951
SCALE 1 1 1
X 0.7518 -0.4766 0.4558
Y 0.4772 0.8702 0.1227
Z -0.4551 0.1253 0.8816

PART 8
OFFSET 12.4658 0.0166 -3.9785
SCALE 1 1 1
X 0.7518 -0.4766 0.4558
Y 0.4772 0.8702 0.1227
Z -0.4551 0.1253 0.8816

PART 9
OFFSET 11.8722 -0.8762 -4.7695
SCALE 1 1 1
X 0.7518 -0.4766 0.4558
Y 0.4772 0.8702 0.1227
Z -0.4551 0.1253 0.8816

PART 10
OFFSET 14.1390 -0.5956 -4.6246
SCALE 1 1 1
X 0.9834 -0.1652 0.0747
Y 0.0880 0.7953 0.5998
Z -0.1585 -0.5833 0.7966

PART 11
OFFSET 14.6012 -0.1420 -3.6850
SCALE 1 1 1
X 0.8942 0.0501 0.4448
Y -0.1822 0.9484 0.2595
Z -0.4089 -0.3131 0.8572

PART 12
OFFSET 16.4899 0.0433 -2.6516
SCALE 1 1 1
X 0.9686 -0.1541 0.1952
Y 0.0231 0.8371 0.5465
Z -0.2476 -0.5249 0.8144

PART 13
OFFSET 18.0245 -0.3142 -2.2779
SCALE 1 1 1
X 0.8987 0.0526 0.4355
Y -0.2375 0.8930 0.3823
Z -0.3688 -0.4470 0.8150

PART 14
OFFSET 18.9754 -0.2626 -1.7631
SCALE 1 1 1
X 0.8513 0.5099 -0.1233
Y -0.1677 0.0419 -0.9849
Z -0.4971 0.8592 0.1212

PART 15
OFFSET 14.8448 -1.7048 -5.0426
SCALE 1 1 1
X 0.6731 -0.7334 0.0951
Y -0.4623 -0.3168 0.8282
Z -0.5773 -0.6014 -0.5523

PART 16
OFFSET 16.3845 -3.3040 -4.6469
SCALE 1 1 1
X 0.7353 -0.5030 0.4542
Y -0.5624 -0.0787 0.8231
Z -0.3782 -0.8607 -0.3407

PART 17
OFFSET 17.4256 -4.0161 -4.0038
SCALE 1 1 1
X 0.3215 -0.4396 0.8387
Y -0.8887 0.1657 0.4275
Z -0.3269 -0.8828 -0.3374

PART 18
OFFSET 17.7106 -4.4059 -3.2602
SCALE 1 1 1
X 0.0645 -0.3673 0.9279
Y -0.9193 0.3399 0.1985
Z -0.3883 -0.8658 -0.3157

PART 19
OFFSET 17.7719 -4.7549 -2.3787
SCALE 1 1 1
X 0.5839 0.1928 -0.7886
Y -0.7846 0.3836 -0.4871
Z 0.2086 0.9032 0.3752

PART 20
OFFSET 15.1418 -1.1312 -4.7388
SCALE 1 1 1
X 0.8389 -0.5331 0.1097
Y -0.4111 -0.4884 0.7697
Z -0.3568 -0.6908 -0.6289

PART 21
OFFSET 17.2750 -2.6067 -4.5645
SCALE 1 1 1
X 0.6653 -0.6240 0.4099
Y -0.5445 -0.0298 0.8383
Z -0.5109 -0.7808 -0.3596

PART 22
OFFSET 18.4076 -3.6691 -3.8666
SCALE 1 1 1
X 0.1430 -0.4751 0.8682
Y -0.8608 0.3732 0.3460
Z -0.4884 -0.7969 -0.3556

PART 23
OFFSET 18.6059 -4.3276 -2.6633
SCALE 1 1 1
X -0.0541 -0.3856 0.9211
Y -0.8706 0.4699 0.1456
Z -0.4889 -0.7940 -0.3612

PART 24
OFFSET 18.5472 -4.7458 -1.6643
SCALE 1 1 1
X 0.5176 0.0085 -0.8556
Y -0.6605 0.6397 -0.3932
Z 0.5439 0.7686 0.3367

PART 25
OFFSET 17.2254 -0.1548 -3.0149
SCALE 1 1 1
X 0.8642 -0.4714 0.1758
Y 0.4407 0.5408 -0.7165
Z 0.2427 0.6967 0.6751

PART 26
OFFSET 18.0962 -0.4227 -4.1771
SCALE 1 1 1
X 0.8893 -0.4493 -0.0859
Y -0.2321 -0.6050 0.7617
Z -0.3942 -0.6574 -0.6422

PART 27
OFFSET 19.6619 -1.2137 -4.3284
SCALE 1 1 1
X 0.5735 -0.7402 0.3509
Y -0.7230 -0.2560 0.6417
Z -0.3851 -0.6217 -0.6820

PART 28
OFFSET 20.3825 -2.0759 -3.8604
SCALE 1 1 1
X 0.2901 -0.7353 0.6125
Y -0.8872 0.0333 0.4601
Z -0.3588 -0.6769 -0.6427

PART 29
OFFSET 20.7101 -2.9064 -3.1685
SCALE 1 1 1
X 0.6056 0.0189 -0.7956
Y -0.4914 0.7952 -0.3552
Z 0.6259 0.6060 0.4909

PART 30
OFFSET 17.8674 -1.3725 -4.6929
SCALE 1 1 1
X 0.8464 -0.4840 0.2222
Y -0.4478 -0.4210 0.7888
Z -0.2883 -0.7671 -0.5731

PART 31
OFFSET 19.5209 -2.3180 -4.2590
SCALE 1 1 1
X 0.2932 -0.6530 0.6983
Y -0.8977 0.0633 0.4361
Z -0.3290 -0.7547 -0.5677

PART 32
OFFSET 19.9491 -3.2718 -3.2390
SCALE 1 1 1
X -0.0375 -0.5960 0.8021
Y -0.9229 0.3285 0.2010
Z -0.3832 -0.7327 -0.5624

PART 33
OFFSET 19.9046 -3.9523 -2.3347
SCALE 1 1 1
X 0.6427 0.2941 -0.7074
Y -0.7088 0.5786 -0.4034
Z 0.2907 0.7607 0.5803

PART 34
OFFSET 16.5162 -2.3610 -3.5313
SCALE 1 1 1
X -0.4315 -0.6848 -0.5873
Y 0.1585 0.5833 -0.7966
Z 0.8881 -0.4368 -0.1432

PART 35
OFFSET 7.7657 -2.8364 -5.1072
SCALE 1 1 1
X 0.9998 0.0121 -0.0149
Y -0.0122 0.9999 -0.0042
Z 0.0149 0.0044 0.9999

PART 36
OFFSET -13.3341 -6.7471 -6.3406
SCALE 1 1 1
X -0.8335 0.3579 0.4209
Y -0.1914 -0.9017 0.3878
Z 0.5183 0.2427 0.8200

PART 37
OFFSET -3.2537 -11.0758 -11.4308
SCALE 1 1 1
X -0.6299 -0.6260 -0.4596
Y 0.7702 -0.4277 -0.4731
Z 0.0995 -0.6520 0.7516

PART 38
OFFSET 2.1042 -5.7512 -7.5214
SCALE 1 1 1
X -0.6299 -0.6260 -0.4596
Y 0.6637 -0.1266 -0.7372
Z 0.4033 -0.7695 0.4952

PART 39
OFFSET 2.3791 -3.7695 -7.4686
SCALE 1 1 1
X -0.6348 -0.6217 -0.4589
Y -0.1088 0.6599 -0.7434
Z 0.7650 -0.4220 -0.4865

PART 40
OFFSET 1.9904 -3.6097 -6.3189
SCALE 1 1 1
X -0.6348 -0.6217 -0.4589
Y -0.1088 0.6599 -0.7434
Z 0.7650 -0.4220 -0.4865

PART 41
OFFSET 2.2983 -4.5186 -5.2876
SCALE 1 1 1
X -0.6348 -0.6217 -0.4589
Y -0.1088 0.6599 -0.7434
Z 0.7650 -0.4220 -0.4865

PART 42
OFFSET 4.0354 -3.8320 -6.1122
SCALE 1 1 1
X -0.9969 0.0779 -0.0081
Y 0.0060 -0.0266 -0.9996
Z -0.0781 -0.9966 0.0260

PART 43
OFFSET 4.5101 -3.4322 -5.1546
SCALE 1 1 1
X -0.7547 -0.6254 -0.1982
Y 0.0521 0.2440 -0.9684
Z 0.6540 -0.7412 -0.1515

PART 44
OFFSET 6.0971 -2.0657 -4.6219
SCALE 1 1 1
X -0.5719 -0.3009 0.7631
Y -0.6251 -0.4426 -0.6430
Z 0.5312 -0.8447 0.0650

PART 45
OFFSET 6.9236 -1.5117 -5.8995
SCALE 1 1 1
X 0.2963 0.1155 0.9481
Y -0.7734 -0.5534 0.3092
Z 0.5604 -0.8249 -0.0746

PART 46
OFFSET 6.5907 -1.5895 -6.9266
SCALE 1 1 1
X -0.3006 0.5011 0.8115
Y -0.3653 0.7255 -0.5833
Z -0.8810 -0.4718 -0.0350

PART 47
OFFSET 4.9012 -3.7249 -7.1810
SCALE 1 1 1
X -0.8227 0.0859 0.5619
Y -0.0500 -0.9956 0.0791
Z 0.5662 0.0369 0.8234

PART 48
OFFSET 6.8384 -3.7906 -8.3333
SCALE 1 1 1
X -0.3953 -0.9165 0.0613
Y 0.7839 -0.3714 -0.4976
Z 0.4788 -0.1487 0.8652

PART 49
OFFSET 7.3981 -2.4930 -8.4200
SCALE 1 1 1
X 0.6971 -0.5470 -0.4635
Y 0.5669 0.8163 -0.1108
Z 0.4390 -0.1855 0.8791

PART 50
OFFSET 6.7801 -2.0080 -8.0091
SCALE 1 1 1
X 0.8567 0.3044 -0.4165
Y -0.2137 0.9442 0.2506
Z 0.4695 -0.1257 0.8739

PART 51
OFFSET 5.9662 -2.2972 -7.6134
SCALE 1 1 1
X -0.5890 -0.8074 0.0348
Y -0.6533 0.5010 0.5676
Z -0.4758 0.3116 -0.8225

PART 52
OFFSET 5.1056 -3.8636 -6.5113
SCALE 1 1 1
X -0.9478 0.1176 0.2963
Y -0.0973 -0.9918 0.0824
Z 0.3035 0.0493 0.9515

PART 53
OFFSET 7.5183 -4.1979 -7.4197
SCALE 1 1 1
X -0.3996 -0.8771 0.2666
Y 0.7735 -0.4787 -0.4154
Z 0.4920 0.0402 0.8697

PART 54
OFFSET 8.1986 -2.7047 -7.8737
SCALE 1 1 1
X 0.7705 -0.4931 -0.4039
Y 0.4255 0.8697 -0.2502
Z 0.4747 0.0209 0.8799

PART 55
OFFSET 7.1308 -2.0213 -7.3139
SCALE 1 1 1
X 0.8726 0.1395 -0.4681
Y -0.1342 0.9899 0.0449
Z 0.4696 0.0237 0.8825

PART 56
OFFSET 6.1844 -2.1726 -6.8062
SCALE 1 1 1
X -0.6152 -0.6786 0.4013
Y -0.6301 0.7291 0.2671
Z -0.4738 -0.0886 -0.8761

PART 57
OFFSET -0.1607 -4.0195 -5.2867
SCALE 1 1 1
X -0.9609 -0.1987 0.1929
Y -0.2148 0.9744 -0.0663
Z -0.1748 -0.1051 -0.9790

PART 58
OFFSET 7.8864 -4.4858 -5.3171
SCALE 1 1 1
X -0.9578 -0.2795 0.0677
Y 0.2841 -0.9560 0.0732
Z 0.0443 0.0894 0.9950

PART 59
OFFSET 9.5727 -3.9938 -5.4363
SCALE 1 1 1
X -0.9761 -0.2081 0.0627
Y 0.2148 -0.9677 0.1318
Z 0.0333 0.1421 0.9893

PART 60
OFFSET 10.7613 -3.7321 -5.4525
SCALE 1 1 1
X -0.9967 -0.0780 -0.0222
Y 0.0751 -0.9911 0.1097
Z -0.0306 0.1076 0.9937

PART 61
OFFSET 11.8871 -3.6441 -5.4274
SCALE 1 1 1
X 0.2481 0.9504 0.1878
Y 0.9683 -0.2371 -0.0791
Z -0.0307 0.2014 -0.9790

PART 62
OFFSET 7.8006 -4.3276 -6.4071
SCALE 1 1 1
X -0.3978 -0.8747 0.2768
Y 0.8624 -0.4594 -0.2124
Z 0.3130 0.1543 0.9372

PART 63
OFFSET 8.5778 -2.6188 -6.9479
SCALE 1 1 1
X 0.8537 -0.4692 -0.2259
Y 0.3917 0.8644 -0.3152
Z 0.3431 0.1806 0.9218

PART 64
OFFSET 7.3308 -1.9334 -6.6180
SCALE 1 1 1
X 0.8984 0.2031 -0.3894
Y -0.2774 0.9498 -0.1447
Z 0.3404 0.2381 0.9096

PART 65
OFFSET 6.3107 -2.1645 -6.1835
SCALE 1 1 1
X -0.5335 -0.7776 0.3328
Y -0.7630 0.6122 0.2073
Z -0.3650 -0.1434 -0.9199

PART 66
OFFSET 0.0000 0.0000 0.0000
SCALE 1 1 1
X 1.0000 0.0000 0.0000
Y 0.0000 1.0000 0.0000
Z 0.0000 0.0000 1.0000

PART 67
OFFSET 0.0000 0.0000 0.0000
SCALE 1 1 1
X 1.0000 0.0000 0.0000
Y 0.0000 1.0000 0.0000
Z 0.0000 0.0000 1.0000

PART 68
OFFSET 1.5404 0.0000 4.1357
SCALE 1 1 1
X 1.0000 0.0000 0.0000
Y 0.0000 1.0000 0.0000
Z 0.0000 0.0000 1.0000

PART 69
OFFSET -4.6318 0.0000 -1.3770
SCALE 1 1 1
X 1.0000 0.0000 0.0000
Y 0.0000 1.0000 0.0000
Z 0.0000 0.0000 1.0000

PART 70
OFFSET 7.7657 -2.8364 -5.1072
SCALE 1 1 1
X 0.9998 0.0121 -0.0149
Y -0.0122 0.9999 -0.0042
Z 0.0149 0.0044 0.9999

PART 71
OFFSET 12.3691 -3.4621 -2.9466
SCALE 1 1 1
X 0.0185 -0.8166 0.5769
Y 0.9998 0.0121 -0.0149
Z 0.0052 0.5771 0.8167

PART 72
OFFSET 35.5108 -2.4747 -3.0173
SCALE 1 1 1
X 0.9998 0.0121 -0.0149
Y -0.0122 0.9999 -0.0042
Z 0.0149 0.0044 0.9999

PART 73
OFFSET 12.0777 -2.7873 -3.8860
SCALE 1 1 1
X 0.9998 0.0121 -0.0149
Y -0.0122 0.9999 -0.0042
Z 0.0149 0.0044 0.9999

PART 74
OFFSET 6.5237 -2.8394 -2.2143
SCALE 1 1 1
X 0.9998 0.0121 -0.0149
Y -0.0122 0.9999 -0.0042
Z 0.0149 0.0044 0.9999

PART 75
OFFSET 9.6406 -2.7998 -1.7958
SCALE 1 1 1
X 0.9998 0.0121 -0.0149
Y -0.0122 0.9999 -0.0042
Z 0.0149 0.0044 0.9999

PART 76
OFFSET 9.6406 -2.7998 -1.7958
SCALE 1 1 1
X 0.9998 0.0121 -0.0149
Y -0.0122 0.9999 -0.0042
Z 0.0149 0.0044 0.9999

PART 77
OFFSET 9.6406 -2.7998 -1.7958
SCALE 1 1 1
X 0.9998 0.0121 -0.0149
Y -0.0122 0.9999 -0.0042
Z 0.0149 0.0044 0.9999


FRAME 467
PART 0
OFFSET 0.0000 0.0000 0.0000
SCALE 1 1 1
X 1.0000 0.0000 0.0000
Y 0.0000 1.0000 0.0000
Z 0.0000 0.0000 1.0000

PART 1
OFFSET -7.6807 -2.7496 1.5396
SCALE 1 1 1
X 1.0000 0.0000 0.0000
Y 0.0000 1.0000 0.0000
Z 0.0000 0.0000 1.0000

PART 2
OFFSET -3.2132 8.4660 -2.3313
SCALE 1 1 1
X 0.7040 -0.2038 -0.6804
Y -0.1078 -0.9775 0.1813
Z -0.7020 -0.0542 -0.7101

PART 3
OFFSET 5.3003 6.0011 -10.5597
SCALE 1 1 1
X 0.7052 -0.4878 0.5144
Y -0.5474 0.0865 0.8324
Z -0.4506 -0.8686 -0.2060

PART 4
OFFSET 11.2987 1.8517 -6.1843
SCALE 1 1 1
X 0.7052 -0.4878 0.5144
Y -0.0107 0.7182 0.6957
Z -0.7089 -0.4961 0.5013

PART 5
OFFSET 13.5151 2.6364 -5.7648
SCALE 1 1 1
X 0.7097 -0.4860 0.5100
Y 0.4564 0.8687 0.1926
Z -0.5366 0.0961 0.8383

PART 6
OFFSET 12.3721 0.6140 -6.8582
SCALE 1 1 1
X 0.7097 -0.4860 0.5100
Y 0.4564 0.8687 0.1926
Z -0.5366 0.0961 0.8383

PART 7
OFFSET 12.4827 2.2461 -3.7011
SCALE 1 1 1
X 0.7097 -0.4860 0.5100
Y 0.4564 0.8687 0.1926
Z -0.5366 0.0961 0.8383

PART 8
OFFSET 11.7295 0.9395 -4.1031
SCALE 1 1 1
X 0.7097 -0.4860 0.5100
Y 0.4564 0.8687 0.1926
Z -0.5366 0.0961 0.8383

PART 9
OFFSET 11.2725 0.1141 -5.0005
SCALE 1 1 1
X 0.7097 -0.4860 0.5100
Y 0.4564 0.8687 0.1926
Z -0.5366 0.0961 0.8383

PART 10
OFFSET 13.4607 0.3562 -4.6072
SCALE 1 1 1
X 0.9963 0.0138 0.0845
Y -0.0667 0.7442 0.6646
Z -0.0537 -0.6678 0.7424

PART 11
OFFSET 13.8225 0.8063 -3.6229
SCALE 1 1 1
X 0.7983 0.1685 0.5782
Y -0.4793 0.7591 0.4405
Z -0.3647 -0.6288 0.6868

PART 12
OFFSET 15.4771 1.2107 -2.2930
SCALE 1 1 1
X 0.9449 0.0793 0.3176
Y -0.2938 0.6333 0.7160
Z -0.1444 -0.7699 0.6217

PART 13
OFFSET 17.0038 1.2147 -1.7533
SCALE 1 1 1
X 0.8078 0.1656 0.5657
Y -0.5168 0.6605 0.5447
Z -0.2834 -0.7324 0.6191

PART 14
OFFSET 17.8556 1.3715 -1.1040
SCALE 1 1 1
X 0.6719 0.7288 0.1321
Y -0.0965 0.2631 -0.9599
Z -0.7343 0.6322 0.2471

PART 15
OFFSET 14.3644 -0.5640 -5.0973
SCALE 1 1 1
X 0.8119 -0.5838 0.0025
Y -0.3616 -0.4995 0.7873
Z -0.4583 -0.6401 -0.6166

PART 16
OFFSET 16.2110 -1.8437 -4.9054
SCALE 1 1 1
X 0.8583 0.0901 -0.5052
Y 0.3877 -0.7588 0.5233
Z -0.3362 -0.6450 -0.6862

PART 17
OFFSET 17.4261 -1.7161 -5.6208
SCALE 1 1 1
X 0.9533 -0.2034 -0.2234
Y -0.0084 -0.7570 0.6534
Z -0.3020 -0.6209 -0.7234

PART 18
OFFSET 18.2713 -1.8964 -5.8188
SCALE 1 1 1
X 0.9263 -0.3723 -0.0573
Y -0.2134 -0.6441 0.7346
Z -0.3104 -0.6682 -0.6761

PART 19
OFFSET 19.1514 -2.2502 -5.8733
SCALE 1 1 1
X -0.5296 0.7858 -0.3195
Y -0.7965 -0.3311 0.5060
Z 0.2918 0.5225 0.8012

PART 20
OFFSET 14.5467 0.0269 -4.7407
SCALE 1 1 1
X 0.9303 -0.3612 0.0632
Y -0.2935 -0.6301 0.7189
Z -0.2199 -0.6873 -0.6922

PART 21
OFFSET 16.9351 -0.9988 -4.6955
SCALE 1 1 1
X 0.9807 -0.0635 -0.1851
Y 0.1013 -0.6447 0.7577
Z -0.1674 -0.7618 -0.6259

PART 22
OFFSET 18.6047 -1.1069 -5.0105
SCALE 1 1 1
X 0.9871 -0.1563 -0.0344
Y -0.0735 -0.6336 0.7702
Z -0.1421 -0.7577 -0.6369

PART 23
OFFSET 19.9727 -1.3235 -5.0582
SCALE 1 1 1
X 0.9795 -0.2010 0.0107
Y -0.1362 -0.6224 0.7708
Z -0.1483 -0.7565 -0.6370

PART 24
OFFSET 21.0351 -1.5415 -5.0466
SCALE 1 1 1
X -0.7320 0.4830 -0.4804
Y -0.6665 -0.3616 0.6520
Z 0.1412 0.7975 0.5866

PART 25
OFFSET 16.3975 1.2224 -2.8936
SCALE 1 1 1
X 0.9354 -0.3166 0.1574
Y 0.3382 0.6716 -0.6592
Z 0.1031 0.6699 0.7353

PART 26
OFFSET 17.3127 1.2194 -4.0526
SCALE 1 1 1
X 0.9981 -0.0584 -0.0171
Y -0.0373 -0.8095 0.5859
Z -0.0481 -0.5842 -0.8102

PART 27
OFFSET 19.0700 1.1166 -4.0828
SCALE 1 1 1
X 0.9849 -0.1666 0.0477
Y -0.1657 -0.8254 0.5396
Z -0.0506 -0.5394 -0.8405

PART 28
OFFSET 20.2704 0.9468 -3.9738
SCALE 1 1 1
X 0.9997 0.0236 0.0019
Y 0.0184 -0.8239 0.5665
Z 0.0149 -0.5663 -0.8241

PART 29
OFFSET 21.3996 0.9734 -3.9716
SCALE 1 1 1
X -0.3378 0.5768 -0.7438
Y -0.9411 -0.1929 0.2778
Z 0.0167 0.7938 0.6079

PART 30
OFFSET 17.2691 0.2908 -4.6495
SCALE 1 1 1
X 0.9867 0.1070 -0.1227
Y 0.1563 -0.8340 0.5291
Z -0.0457 -0.5412 -0.8396

PART 31
OFFSET 19.1966 0.5000 -4.8892
SCALE 1 1 1
X 0.9908 0.0443 -0.1282
Y 0.1082 -0.8278 0.5505
Z -0.0817 -0.5593 -0.8249

PART 32
OFFSET 20.6437 0.5646 -5.0764
SCALE 1 1 1
X 0.9697 -0.2378 0.0559
Y -0.2219 -0.7616 0.6089
Z -0.1022 -0.6029 -0.7912

PART 33
OFFSET 21.7414 0.2915 -5.0191
SCALE 1 1 1
X -0.5953 0.7073 -0.3812
Y -0.7994 -0.4735 0.3698
Z 0.0811 0.5249 0.8473

PART 34
OFFSET 16.1161 -1.0252 -3.6050
SCALE 1 1 1
X -0.2915 -0.7006 -0.6513
Y 0.0537 0.6678 -0.7424
Z 0.9551 -0.2514 -0.1571

PART 35
OFFSET 7.6045 -2.6545 -5.0431
SCALE 1 1 1
X 0.9977 0.0440 -0.0523
Y -0.0448 0.9989 -0.0149
Z 0.0516 0.0172 0.9985

PART 36
OFFSET -13.3341 -6.7471 -6.3406
SCALE 1 1 1
X -0.8350 0.3565 0.4192
Y -0.1954 -0.9042 0.3798
Z 0.5144 0.2352 0.8246

PART 37
OFFSET -3.2358 -11.0583 -11.4101
SCALE 1 1 1
X -0.6144 -0.6289 -0.4764
Y 0.7833 -0.4142 -0.4635
Z 0.0941 -0.6580 0.7471

PART 38
OFFSET 1.9904 -5.7096 -7.3579
SCALE 1 1 1
X -0.6144 -0.6289 -0.4764
Y 0.6789 -0.1139 -0.7253
Z 0.4019 -0.7691 0.4969

PART 39
OFFSET 2.2406 -3.7258 -7.2806
SCALE 1 1 1
X -0.6194 -0.6246 -0.4757
Y -0.1036 0.6657 -0.7390
Z 0.7782 -0.4084 -0.4770

PART 40
OFFSET 1.8297 -3.5810 -6.1368
SCALE 1 1 1
X -0.6194 -0.6246 -0.4757
Y -0.1036 0.6657 -0.7390
Z 0.7782 -0.4084 -0.4770

PART 41
OFFSET 2.1303 -4.4951 -5.1101
SCALE 1 1 1
X -0.6194 -0.6246 -0.4757
Y -0.1036 0.6657 -0.7390
Z 0.7782 -0.4084 -0.4770

PART 42
OFFSET 3.8741 -3.7817 -5.8973
SCALE 1 1 1
X -0.9986 0.0457 0.0282
Y -0.0299 -0.0388 -0.9988
Z -0.0446 -0.9982 0.0401

PART 43
OFFSET 4.3705 -3.3550 -4.9625
SCALE 1 1 1
X -0.7408 -0.6517 -0.1629
Y 0.0084 0.2335 -0.9723
Z 0.6717 -0.7216 -0.1675

PART 44
OFFSET 5.9308 -1.9318 -4.5046
SCALE 1 1 1
X -0.5333 -0.3096 0.7872
Y -0.6336 -0.4703 -0.6143
Z 0.5604 -0.8264 0.0547

PART 45
OFFSET 6.6912 -1.3675 -5.8182
SCALE 1 1 1
X 0.3271 0.1367 0.9350
Y -0.7431 -0.5741 0.3439
Z 0.5838 -0.8073 -0.0862

PART 46
OFFSET 6.3233 -1.4686 -6.8313
SCALE 1 1 1
X -0.2866 0.5012 0.8165
Y -0.4100 0.7061 -0.5774
Z -0.8659 -0.5003 0.0031

PART 47
OFFSET 4.6960 -3.6602 -6.9987
SCALE 1 1 1
X -0.8038 0.0665 0.5911
Y -0.0146 -0.9956 0.0920
Z 0.5947 0.0653 0.8013

PART 48
OFFSET 6.5905 -3.6779 -8.2215
SCALE 1 1 1
X -0.3628 -0.9279 0.0862
Y 0.7767 -0.3522 -0.5222
Z 0.5149 -0.1225 0.8484

PART 49
OFFSET 7.1041 -2.3642 -8.3435
SCALE 1 1 1
X 0.6969 -0.5301 -0.4830
Y 0.5356 0.8326 -0.1410
Z 0.4769 -0.1604 0.8642

PART 50
OFFSET 6.4862 -1.8942 -7.9153
SCALE 1 1 1
X 0.8304 0.3266 -0.4515
Y -0.2349 0.9399 0.2478
Z 0.5053 -0.0997 0.8572

PART 51
OFFSET 5.6973 -2.2045 -7.4864
SCALE 1 1 1
X -0.5607 -0.8254 0.0658
Y -0.6479 0.4868 0.5859
Z -0.5156 0.2859 -0.8077

PART 52
OFFSET 4.9293 -3.7839 -6.3355
SCALE 1 1 1
X -0.9396 0.0907 0.3300
Y -0.0618 -0.9934 0.0971
Z 0.3366 0.0708 0.9390

PART 53
OFFSET 7.3165 -4.0518 -7.3294
SCALE 1 1 1
X -0.3607 -0.8861 0.2911
Y 0.7728 -0.4587 -0.4386
Z 0.5221 0.0668 0.8502

PART 54
OFFSET 7.9307 -2.5433 -7.8250
SCALE 1 1 1
X 0.7707 -0.4731 -0.4268
Y 0.3874 0.8797 -0.2756
Z 0.5058 0.0471 0.8613

PART 55
OFFSET 6.8625 -1.8876 -7.2336
SCALE 1 1 1
X 0.8497 0.1617 -0.5018
Y -0.1646 0.9856 0.0388
Z 0.5008 0.0497 0.8641

PART 56
OFFSET 5.9409 -2.0629 -6.6893
SCALE 1 1 1
X -0.5775 -0.6930 0.4315
Y -0.6432 0.7118 0.2822
Z -0.5027 -0.1146 -0.8568

PART 57
OFFSET -0.2804 -4.0936 -4.9140
SCALE 1 1 1
X -0.9461 -0.2270 0.2308
Y -0.2487 0.9661 -0.0692
Z -0.2073 -0.1228 -0.9705

PART 58
OFFSET 7.7710 -4.3017 -5.2388
SCALE 1 1 1
X -0.9451 -0.3091 0.1064
Y 0.3175 -0.9454 0.0733
Z 0.0780 0.1030 0.9916

PART 59
OFFSET 9.4349 -3.7574 -5.4262
SCALE 1 1 1
X -0.9658 -0.2385 0.1013
Y 0.2509 -0.9586 0.1345
Z 0.0651 0.1554 0.9857

PART 60
OFFSET 10.6130 -3.4580 -5.4895
SCALE 1 1 1
X -0.9938 -0.1102 0.0158
Y 0.1112 -0.9868 0.1179
Z 0.0026 0.1189 0.9929

PART 61
OFFSET 11.7355 -3.3336 -5.5073
SCALE 1 1 1
X 0.2238 0.9601 0.1677
Y 0.9719 -0.2069 -0.1124
Z -0.0732 0.1882 -0.9794

PART 62
OFFSET 7.6400 -4.1598 -6.3265
SCALE 1 1 1
X -0.3587 -0.8835 0.3012
Y 0.8685 -0.4341 -0.2392
Z 0.3421 0.1759 0.9231

PART 63
OFFSET 8.3407 -2.4338 -6.9150
SCALE 1 1 1
X 0.8596 -0.4444 -0.2522
Y 0.3515 0.8726 -0.3392
Z 0.3708 0.2029 0.9063

PART 64
OFFSET 7.0851 -1.7847 -6.5466
SCALE 1 1 1
X 0.8764 0.2270 -0.4248
Y -0.3133 0.9385 -0.1449
Z 0.3658 0.2601 0.8936

PART 65
OFFSET 6.0898 -2.0430 -6.0719
SCALE 1 1 1
X -0.4952 -0.7901 0.3612
Y -0.7744 0.5899 0.2287
Z -0.3938 -0.1664 -0.9040

PART 66
OFFSET 0.0000 0.0000 0.0000
SCALE 1 1 1
X 1.0000 0.0000 0.0000
Y 0.0000 1.0000 0.0000
Z 0.0000 0.0000 1.0000

PART 67
OFFSET 0.0000 0.0000 0.0000
SCALE 1 1 1
X 1.0000 0.0000 0.0000
Y 0.0000 1.0000 0.0000
Z 0.0000 0.0000 1.0000

PART 68
OFFSET 1.5404 0.0000 4.1357
SCALE 1 1 1
X 1.0000 0.0000 0.0000
Y 0.0000 1.0000 0.0000
Z 0.0000 0.0000 1.0000

PART 69
OFFSET -4.6318 0.0000 -1.3770
SCALE 1 1 1
X 1.0000 0.0000 0.0000
Y 0.0000 1.0000 0.0000
Z 0.0000 0.0000 1.0000

PART 70
OFFSET 7.6045 -2.6545 -5.0431
SCALE 1 1 1
X 0.9977 0.0440 -0.0523
Y -0.0448 0.9989 -0.0149
Z 0.0516 0.0172 0.9985

PART 71
OFFSET 12.3024 -3.1052 -3.0485
SCALE 1 1 1
X 0.0663 -0.8083 0.5850
Y 0.9977 0.0440 -0.0523
Z 0.0165 0.5871 0.8094

PART 72
OFFSET 35.3814 -1.3764 -3.9920
SCALE 1 1 1
X 0.9977 0.0440 -0.0523
Y -0.0448 0.9989 -0.0149
Z 0.0516 0.0172 0.9985

PART 73
OFFSET 11.9548 -2.4518 -3.9839
SCALE 1 1 1
X 0.9977 0.0440 -0.0523
Y -0.0448 0.9989 -0.0149
Z 0.0516 0.0172 0.9985

PART 74
OFFSET 6.4708 -2.6615 -2.1061
SCALE 1 1 1
X 0.9977 0.0440 -0.0523
Y -0.0448 0.9989 -0.0149
Z 0.0516 0.0172 0.9985

PART 75
OFFSET 9.5981 -2.5166 -1.8044
SCALE 1 1 1
X 0.9977 0.0440 -0.0523
Y -0.0448 0.9989 -0.0149
Z 0.0516 0.0172 0.9985

PART 76
OFFSET 9.5981 -2.5166 -1.8044
SCALE 1 1 1
X 0.9977 0.0440 -0.0523
Y -0.0448 0.9989 -0.0149
Z 0.0516 0.0172 0.9985

PART 77
OFFSET 9.5981 -2.5166 -1.8044
SCALE 1 1 1
X 0.9977 0.0440 -0.0523
Y -0.0448 0.9989 -0.0149
Z 0.0516 0.0172 0.9985


FRAME 468
PART 0
OFFSET 0.0000 0.0000 0.0000
SCALE 1 1 1
X 1.0000 0.0000 0.0000
Y 0.0000 1.0000 0.0000
Z 0.0000 0.0000 1.0000

PART 1
OFFSET -7.6807 -2.7496 1.5396
SCALE 1 1 1
X 1.0000 0.0000 0.0000
Y 0.0000 1.0000 0.0000
Z 0.0000 0.0000 1.0000

PART 2
OFFSET -3.2132 8.4660 -2.3313
SCALE 1 1 1
X 0.6877 -0.0735 -0.7222
Y -0.0592 -0.9972 0.0451
Z -0.7235 0.0118 -0.6902

PART 3
OFFSET 5.1043 7.5775 -11.0659
SCALE 1 1 1
X 0.6447 -0.5226 0.5578
Y -0.6389 0.0323 0.7686
Z -0.4197 -0.8519 -0.3131

PART 4
OFFSET 10.5879 3.1323 -6.3212
SCALE 1 1 1
X 0.6447 -0.5226 0.5578
Y -0.5331 0.2156 0.8181
Z -0.5478 -0.8248 -0.1396

PART 5
OFFSET 12.6105 3.3294 -5.9707
SCALE 1 1 1
X 0.6497 -0.5205 0.5541
Y 0.4271 0.8529 0.3004
Z -0.6289 0.0415 0.7764

PART 6
OFFSET 11.7374 1.9395 -6.9491
SCALE 1 1 1
X 0.6497 -0.5205 0.5541
Y 0.4271 0.8529 0.3004
Z -0.6289 0.0415 0.7764

PART 7
OFFSET 11.2705 2.9674 -3.8204
SCALE 1 1 1
X 0.6497 -0.5205 0.5541
Y 0.4271 0.8529 0.3004
Z -0.6289 0.0415 0.7764

PART 8
OFFSET 10.5803 1.9155 -4.1875
SCALE 1 1 1
X 0.6497 -0.5205 0.5541
Y 0.4271 0.8529 0.3004
Z -0.6289 0.0415 0.7764

PART 9
OFFSET 10.5621 1.4294 -5.3088
SCALE 1 1 1
X 0.6497 -0.5205 0.5541
Y 0.4271 0.8529 0.3004
Z -0.6289 0.0415 0.7764

PART 10
OFFSET 12.5644 1.5301 -4.6110
SCALE 1 1 1
X 0.9725 0.1895 0.1354
Y -0.1986 0.3713 0.9070
Z 0.1216 -0.9090 0.3987

PART 11
OFFSET 12.8602 1.6004 -3.5111
SCALE 1 1 1
X 0.7533 0.0670 0.6543
Y -0.6311 0.3539 0.6903
Z -0.1853 -0.9329 0.3088

PART 12
OFFSET 14.4124 1.7284 -2.0131
SCALE 1 1 1
X 0.8988 0.1426 0.4146
Y -0.4343 0.1602 0.8864
Z 0.0600 -0.9767 0.2059

PART 13
OFFSET 15.8959 1.8397 -1.3735
SCALE 1 1 1
X 0.7710 0.0672 0.6333
Y -0.6313 0.2119 0.7461
Z -0.0840 -0.9750 0.2058

PART 14
OFFSET 16.7151 1.8713 -0.6666
SCALE 1 1 1
X 0.4930 0.7196 0.4890
Y -0.1925 0.6384 -0.7453
Z -0.8485 0.2733 0.4532

PART 15
OFFSET 13.6246 1.1092 -5.3871
SCALE 1 1 1
X 0.9239 -0.3000 -0.2376
Y -0.1584 -0.8650 0.4761
Z -0.3483 -0.4022 -0.8467

PART 16
OFFSET 15.7317 0.3876 -5.7392
SCALE 1 1 1
X 0.6165 0.6361 -0.4641
Y 0.7218 -0.6920 0.0104
Z -0.3145 -0.3414 -0.8857

PART 17
OFFSET 16.6045 1.2881 -6.3962
SCALE 1 1 1
X 0.8533 0.3430 -0.3928
Y 0.4261 -0.8928 0.1459
Z -0.3006 -0.2919 -0.9080

PART 18
OFFSET 17.3611 1.5923 -6.7445
SCALE 1 1 1
X 0.9193 0.1702 -0.3550
Y 0.2775 -0.9197 0.2778
Z -0.2792 -0.3539 -0.8926

PART 19
OFFSET 18.2344 1.7539 -7.0817
SCALE 1 1 1
X -0.8369 0.4984 0.2262
Y -0.4173 -0.8485 0.3254
Z 0.3541 0.1779 0.9181

PART 20
OFFSET 13.6895 1.5245 -4.8102
SCALE 1 1 1
X 0.9925 -0.1036 -0.0653
Y -0.0717 -0.9236 0.3766
Z -0.0993 -0.3690 -0.9241

PART 21
OFFSET 16.2522 1.2211 -5.1252
SCALE 1 1 1
X 0.8944 0.3958 -0.2084
Y 0.4460 -0.8243 0.3487
Z -0.0338 -0.4048 -0.9138

PART 22
OFFSET 17.7749 1.8949 -5.4800
SCALE 1 1 1
X 0.9229 0.3499 -0.1607
Y 0.3848 -0.8530 0.3525
Z -0.0138 -0.3872 -0.9219

PART 23
OFFSET 19.0539 2.3799 -5.7028
SCALE 1 1 1
X 0.9300 0.3311 -0.1598
Y 0.3671 -0.8597 0.3552
Z -0.0197 -0.3890 -0.9210

PART 24
OFFSET 20.0625 2.7390 -5.8761
SCALE 1 1 1
X -0.9726 0.2006 -0.1173
Y -0.2317 -0.8766 0.4218
Z -0.0182 0.4375 0.8991

PART 25
OFFSET 15.3123 2.2165 -2.5398
SCALE 1 1 1
X 0.9872 -0.1463 0.0628
Y 0.1586 0.9386 -0.3064
Z -0.0141 0.3125 0.9498

PART 26
OFFSET 16.1589 2.8863 -3.5476
SCALE 1 1 1
X 0.9791 0.1991 0.0425
Y 0.1892 -0.9669 0.1712
Z 0.0752 -0.1596 -0.9843

PART 27
OFFSET 17.8827 3.2368 -3.4728
SCALE 1 1 1
X 0.9844 0.1710 0.0413
Y 0.1652 -0.9793 0.1167
Z 0.0604 -0.1081 -0.9923

PART 28
OFFSET 19.0757 3.4513 -3.3623
SCALE 1 1 1
X 0.8879 0.4553 0.0658
Y 0.4406 -0.8828 0.1630
Z 0.1323 -0.1157 -0.9844

PART 29
OFFSET 20.0786 3.9656 -3.2880
SCALE 1 1 1
X -0.6496 0.6161 -0.4454
Y -0.7248 -0.6787 0.1182
Z -0.2294 0.3997 0.8875

PART 30
OFFSET 16.2924 2.3002 -4.4745
SCALE 1 1 1
X 0.8909 0.4524 -0.0395
Y 0.4541 -0.8876 0.0768
Z -0.0003 -0.0863 -0.9963

PART 31
OFFSET 18.0330 3.1840 -4.5517
SCALE 1 1 1
X 0.8446 0.5283 -0.0870
Y 0.5347 -0.8406 0.0862
Z -0.0275 -0.1193 -0.9925

PART 32
OFFSET 19.2666 3.9557 -4.6787
SCALE 1 1 1
X 0.9721 0.2263 -0.0624
Y 0.2337 -0.9578 0.1673
Z -0.0219 -0.1772 -0.9839

PART 33
OFFSET 20.3672 4.2114 -4.7565
SCALE 1 1 1
X -0.8932 0.4496 0.0039
Y -0.4473 -0.8894 0.0944
Z 0.0459 0.0826 0.9955

PART 34
OFFSET 15.4934 0.4585 -4.1252
SCALE 1 1 1
X -0.1597 -0.4144 -0.8960
Y -0.1216 0.9090 -0.3987
Z 0.9796 0.0453 -0.1956

PART 35
OFFSET 7.3983 -2.3930 -5.0309
SCALE 1 1 1
X 0.9903 0.0933 -0.1032
Y -0.0968 0.9949 -0.0295
Z 0.0999 0.0392 0.9942

PART 36
OFFSET -13.3341 -6.7471 -6.3406
SCALE 1 1 1
X -0.8366 0.3549 0.4173
Y -0.1991 -0.9066 0.3720
Z 0.5104 0.2281 0.8291

PART 37
OFFSET -3.2168 -11.0397 -11.3880
SCALE 1 1 1
X -0.5972 -0.6323 -0.4936
Y 0.7972 -0.3996 -0.4526
Z 0.0889 -0.6637 0.7427

PART 38
OFFSET 1.8624 -5.6618 -7.1901
SCALE 1 1 1
X -0.5972 -0.6323 -0.4936
Y 0.6889 -0.0890 -0.7194
Z 0.4109 -0.7696 0.4887

PART 39
OFFSET 2.0869 -3.6739 -7.0950
SCALE 1 1 1
X -0.6022 -0.6281 -0.4929
Y -0.0987 0.6712 -0.7347
Z 0.7923 -0.3938 -0.4661

PART 40
OFFSET 1.6546 -3.5479 -5.9561
SCALE 1 1 1
X -0.6022 -0.6281 -0.4929
Y -0.0987 0.6712 -0.7347
Z 0.7923 -0.3938 -0.4661

PART 41
OFFSET 1.9485 -4.4724 -4.9269
SCALE 1 1 1
X -0.6022 -0.6281 -0.4929
Y -0.0987 0.6712 -0.7347
Z 0.7923 -0.3938 -0.4661

PART 42
OFFSET 3.6931 -3.7234 -5.6770
SCALE 1 1 1
X -0.9970 -0.0042 0.0776
Y -0.0773 -0.0596 -0.9952
Z 0.0088 -0.9982 0.0591

PART 43
OFFSET 4.2125 -3.2542 -4.7757
SCALE 1 1 1
X -0.7134 -0.6913 -0.1144
Y -0.0517 0.2147 -0.9753
Z 0.6988 -0.6899 -0.1889

PART 44
OFFSET 5.7183 -1.7454 -4.4211
SCALE 1 1 1
X -0.4771 -0.3208 0.8182
Y -0.6382 -0.5136 -0.5735
Z 0.6042 -0.7958 0.0403

PART 45
OFFSET 6.3828 -1.1690 -5.7806
SCALE 1 1 1
X 0.3655 0.1712 0.9149
Y -0.6947 -0.6041 0.3906
Z 0.6195 -0.7783 -0.1019

PART 46
OFFSET 5.9710 -1.3082 -6.7720
SCALE 1 1 1
X -0.2713 0.5018 0.8213
Y -0.4738 0.6731 -0.5678
Z -0.8378 -0.5432 0.0552

PART 47
OFFSET 4.4522 -3.5820 -6.8203
SCALE 1 1 1
X -0.7760 0.0372 0.6297
Y 0.0411 -0.9931 0.1094
Z 0.6294 0.1108 0.7691

PART 48
OFFSET 6.2823 -3.5277 -8.1365
SCALE 1 1 1
X -0.3099 -0.9432 0.1200
Y 0.7670 -0.3226 -0.5547
Z 0.5619 -0.0798 0.8234

PART 49
OFFSET 6.7211 -2.1924 -8.3064
SCALE 1 1 1
X 0.6985 -0.5035 -0.5085
Y 0.4845 0.8557 -0.1818
Z 0.5267 -0.1193 0.8417

PART 50
OFFSET 6.1017 -1.7460 -7.8555
SCALE 1 1 1
X 0.7892 0.3593 -0.4982
Y -0.2704 0.9315 0.2435
Z 0.5515 -0.0574 0.8322

PART 51
OFFSET 5.3520 -2.0873 -7.3823
SCALE 1 1 1
X -0.5136 -0.8512 0.1078
Y -0.6423 0.4647 0.6095
Z -0.5690 0.2438 -0.7854

PART 52
OFFSET 4.7241 -3.6808 -6.1677
SCALE 1 1 1
X -0.9255 0.0496 0.3754
Y -0.0058 -0.9931 0.1168
Z 0.3786 0.1059 0.9195

PART 53
