// Export filename: `C:/Program Files/Activision/Call of Duty 4 - Modern Warfare/xanim_export/viewmodels/M16/m16_NVG_takeoff.XANIM_EXPORT`
// Source filename: `C:/Program Files/Activision/Call of Duty 4 - Modern Warfare/bin/maya/animation_src/viewmodel/m16/viewmodel_m16_animation.mb`
// Export time: Mon Jan 07 16:17:03 2008

ANIMATION
VERSION 3

NUMPARTS 78
PART 0 "tag_ads"
PART 1 "tag_torso"
PART 2 "J_Shoulder_LE"
PART 3 "J_Elbow_LE"
PART 4 "J_WristTwist_LE"
PART 5 "J_Sleave_Reshape_Bottom_LE_1"
PART 6 "J_Sleave_Reshape_Bottom_LE_2"
PART 7 "J_Sleave_Reshape_Top_LE_1"
PART 8 "J_Sleave_Reshape_Top_LE_2"
PART 9 "J_Sleave_Reshape_Top_LE_3"
PART 10 "J_Wrist_LE"
PART 11 "J_Thumb_LE_0"
PART 12 "J_Thumb_LE_1"
PART 13 "J_Thumb_LE_2"
PART 14 "J_Thumb_LE_3"
PART 15 "J_PinkyPalm_LE"
PART 16 "J_Pinky_LE_0"
PART 17 "J_Pinky_LE_1"
PART 18 "J_Pinky_LE_2"
PART 19 "J_Pinky_LE_3"
PART 20 "J_RingPalm_LE"
PART 21 "J_Ring_LE_0"
PART 22 "J_Ring_LE_1"
PART 23 "J_Ring_LE_2"
PART 24 "J_Ring_LE_3"
PART 25 "J_Webbing_LE"
PART 26 "J_Index_LE_0"
PART 27 "J_Index_LE_1"
PART 28 "J_Index_LE_2"
PART 29 "J_Index_LE_3"
PART 30 "J_Mid_LE_0"
PART 31 "J_Mid_LE_1"
PART 32 "J_Mid_LE_2"
PART 33 "J_Mid_LE_3"
PART 34 "tag_knife_attach"
PART 35 "tag_weapon"
PART 36 "J_Shoulder_RI"
PART 37 "J_Elbow_RI"
PART 38 "J_WristTwist_RI"
PART 39 "J_Sleave_Reshape_Top_RI_3"
PART 40 "J_Sleave_Reshape_Top_RI_2"
PART 41 "J_Sleave_Reshape_Top_RI_1"
PART 42 "J_Wrist_RI"
PART 43 "J_Thumb_RI_0"
PART 44 "J_Thumb_RI_1"
PART 45 "J_Thumb_RI_2"
PART 46 "J_Thumb_RI_3"
PART 47 "J_PinkyPalm_RI"
PART 48 "J_Pinky_RI_0"
PART 49 "J_Pinky_RI_1"
PART 50 "J_Pinky_RI_2"
PART 51 "J_Pinky_RI_3"
PART 52 "J_RingPalm_RI"
PART 53 "J_Ring_RI_0"
PART 54 "J_Ring_RI_1"
PART 55 "J_Ring_RI_2"
PART 56 "J_Ring_RI_3"
PART 57 "J_Webbing_RI"
PART 58 "J_Index_RI_0"
PART 59 "J_Index_RI_1"
PART 60 "J_Index_RI_2"
PART 61 "J_Index_RI_3"
PART 62 "J_Mid_RI_0"
PART 63 "J_Mid_RI_1"
PART 64 "J_Mid_RI_2"
PART 65 "J_Mid_RI_3"
PART 66 "tag_cambone"
PART 67 "tag_camera"
PART 68 "tag_gasmask"
PART 69 "tag_gasmask2"
PART 70 "J_Gun"
PART 71 "TAG_BRASS"
PART 72 "TAG_FLASH"
PART 73 "TAG_CLIP"
PART 74 "J_Clip_Release"
PART 75 "TAG_REFLEX_SIGHT"
PART 76 "TAG_ACOG"
PART 77 "TAG_IRON_SIGHT"

FRAMERATE 30
NUMFRAMES 49

FRAME 625
PART 0
OFFSET 0.0000 0.0000 0.0000
SCALE 1 1 1
X 1.0000 0.0000 0.0000
Y 0.0000 1.0000 0.0000
Z 0.0000 0.0000 1.0000

PART 1
OFFSET -7.6807 -2.7496 1.5396
SCALE 1 1 1
X 1.0000 0.0000 0.0000
Y 0.0000 1.0000 0.0000
Z 0.0000 0.0000 1.0000

PART 2
OFFSET -3.2132 8.4660 -2.3313
SCALE 1 1 1
X 0.7253 -0.3235 -0.6076
Y -0.1633 -0.9383 0.3047
Z -0.6688 -0.1218 -0.7334

PART 3
OFFSET 5.5588 4.5531 -9.6800
SCALE 1 1 1
X 0.7649 -0.4789 0.4307
Y -0.4280 0.1219 0.8955
Z -0.4814 -0.8694 -0.1117

PART 4
OFFSET 12.0648 0.4797 -6.0164
SCALE 1 1 1
X 0.7649 -0.4789 0.4307
Y 0.1107 0.7565 0.6445
Z -0.6345 -0.4453 0.6317

PART 5
OFFSET 14.3239 1.2573 -5.9225
SCALE 1 1 1
X 0.7688 -0.4772 0.4257
Y 0.4853 0.8689 0.0976
Z -0.4165 0.1315 0.8996

PART 6
OFFSET 13.0263 -0.7939 -6.7855
SCALE 1 1 1
X 0.7688 -0.4772 0.4257
Y 0.4853 0.8689 0.0976
Z -0.4165 0.1315 0.8996

PART 7
OFFSET 13.5851 0.9499 -3.7361
SCALE 1 1 1
X 0.7688 -0.4772 0.4257
Y 0.4853 0.8689 0.0976
Z -0.4165 0.1315 0.8996

PART 8
OFFSET 12.7681 -0.3663 -3.9820
SCALE 1 1 1
X 0.7688 -0.4772 0.4257
Y 0.4853 0.8689 0.0976
Z -0.4165 0.1315 0.8996

PART 9
OFFSET 12.1657 -1.2350 -4.7632
SCALE 1 1 1
X 0.7688 -0.4772 0.4257
Y 0.4853 0.8689 0.0976
Z -0.4165 0.1315 0.8996

PART 10
OFFSET 14.4097 -0.9885 -4.6958
SCALE 1 1 1
X 0.9587 -0.2742 0.0754
Y 0.1691 0.7628 0.6241
Z -0.2286 -0.5856 0.7777

PART 11
OFFSET 14.9103 -0.6162 -3.7403
SCALE 1 1 1
X 0.9398 -0.0723 0.3340
Y 0.0268 0.9899 0.1389
Z -0.3407 -0.1216 0.9323

PART 12
OFFSET 16.9220 -0.6802 -2.9537
SCALE 1 1 1
X 0.9386 -0.3291 0.1033
Y 0.2596 0.8711 0.4168
Z -0.2272 -0.3644 0.9031

PART 13
OFFSET 18.3963 -1.3044 -2.7107
SCALE 1 1 1
X 0.9436 -0.0618 0.3254
Y -0.0297 0.9627 0.2689
Z -0.3299 -0.2634 0.9065

PART 14
OFFSET 19.4011 -1.3668 -2.3127
SCALE 1 1 1
X 0.9023 0.3220 -0.2867
Y -0.2854 -0.0523 -0.9570
Z -0.3231 0.9453 0.0447

PART 15
OFFSET 14.9937 -2.1557 -5.1432
SCALE 1 1 1
X 0.5702 -0.8139 0.1110
Y -0.5222 -0.2548 0.8139
Z -0.6342 -0.5221 -0.5703

PART 16
OFFSET 16.3033 -3.9397 -4.7108
SCALE 1 1 1
X -0.1118 -0.2032 0.9727
Y -0.5601 0.8214 0.1072
Z -0.8208 -0.5329 -0.2057

PART 17
OFFSET 16.1450 -4.2274 -3.3336
SCALE 1 1 1
X -0.4400 0.4089 0.7995
Y -0.3846 0.7187 -0.5792
Z -0.8115 -0.5623 -0.1590

PART 18
OFFSET 15.7549 -3.8649 -2.6248
SCALE 1 1 1
X -0.5268 0.6154 0.5864
Y -0.1772 0.5952 -0.7838
Z -0.8313 -0.5168 -0.2045

PART 19
OFFSET 15.2544 -3.2802 -2.0677
SCALE 1 1 1
X 0.6344 -0.7696 0.0731
Y 0.1001 -0.0120 -0.9949
Z 0.7665 0.6385 0.0695

PART 20
OFFSET 15.3489 -1.6273 -4.8204
SCALE 1 1 1
X 0.7751 -0.6240 0.0993
Y -0.4690 -0.4628 0.7522
Z -0.4234 -0.6296 -0.6514

PART 21
OFFSET 17.3079 -3.3302 -4.6760
SCALE 1 1 1
X -0.0461 -0.6293 0.7758
Y -0.5818 0.6482 0.4912
Z -0.8120 -0.4287 -0.3960

PART 22
OFFSET 17.2294 -4.4015 -3.3551
SCALE 1 1 1
X -0.5705 0.4380 0.6948
Y -0.1470 0.7778 -0.6110
Z -0.8080 -0.4507 -0.3793

PART 23
OFFSET 16.4388 -3.7945 -2.3922
SCALE 1 1 1
X -0.5889 0.6941 0.4140
Y 0.0782 0.5588 -0.8256
Z -0.8044 -0.4538 -0.3834

PART 24
OFFSET 15.8001 -3.0417 -1.9432
SCALE 1 1 1
X 0.3982 -0.9102 0.1135
Y 0.4361 0.0790 -0.8964
Z 0.8070 0.4065 0.4284

PART 25
OFFSET 17.5112 -0.9365 -3.0558
SCALE 1 1 1
X 0.8058 -0.5684 0.1664
Y 0.5038 0.5100 -0.6972
Z 0.3114 0.6457 0.6973

PART 26
OFFSET 18.3579 -1.2640 -4.2205
SCALE 1 1 1
X 0.6938 -0.6985 -0.1756
Y -0.2795 -0.4858 0.8282
Z -0.6638 -0.5255 -0.5322

PART 27
OFFSET 19.5794 -2.4937 -4.5297
SCALE 1 1 1
X 0.0189 -0.7682 0.6399
Y -0.7590 0.4056 0.5094
Z -0.6509 -0.4953 -0.5754

PART 28
OFFSET 19.6419 -3.3976 -3.7169
SCALE 1 1 1
X -0.5676 -0.0895 0.8184
Y -0.4879 0.8373 -0.2468
Z -0.6632 -0.5394 -0.5189

PART 29
OFFSET 19.0008 -3.4987 -2.7924
SCALE 1 1 1
X 0.4386 -0.8784 -0.1896
Y 0.4791 0.4071 -0.7777
Z 0.7603 0.2503 0.5994

PART 30
OFFSET 18.0312 -2.1673 -4.7661
SCALE 1 1 1
X 0.3588 -0.8120 0.4604
Y -0.6603 0.1278 0.7400
Z -0.6597 -0.5695 -0.4903

PART 31
OFFSET 18.7322 -3.7536 -3.8668
SCALE 1 1 1
X -0.6180 0.0655 0.7835
Y -0.3866 0.8424 -0.3754
Z -0.6846 -0.5349 -0.4952

PART 32
OFFSET 17.8295 -3.6579 -2.7224
SCALE 1 1 1
X -0.7196 0.3601 0.5937
Y -0.0992 0.7929 -0.6012
Z -0.6873 -0.4915 -0.5349

PART 33
OFFSET 17.0097 -3.2540 -2.0534
SCALE 1 1 1
X 0.6591 -0.7512 -0.0370
Y 0.3350 0.3373 -0.8798
Z 0.6734 0.5674 0.4739

PART 34
OFFSET 16.5695 -3.0354 -3.6428
SCALE 1 1 1
X -0.4985 -0.6157 -0.6102
Y 0.2286 0.5856 -0.7777
Z 0.8362 -0.5272 -0.1512

PART 35
OFFSET 7.8313 -2.9010 -5.2087
SCALE 1 1 1
X 1.0000 0.0000 0.0000
Y 0.0000 1.0000 0.0000
Z 0.0000 0.0000 1.0000

PART 36
OFFSET -13.3341 -6.7471 -6.3406
SCALE 1 1 1
X -0.8317 0.3598 0.4228
Y -0.1880 -0.8991 0.3954
Z 0.5224 0.2494 0.8154

PART 37
OFFSET -3.2753 -11.0985 -11.4543
SCALE 1 1 1
X -0.6378 -0.6267 -0.4477
Y 0.7631 -0.4352 -0.4778
Z 0.1046 -0.6464 0.7558

PART 38
OFFSET 2.1494 -5.7682 -7.6460
SCALE 1 1 1
X -0.6378 -0.6267 -0.4477
Y 0.6522 -0.1303 -0.7468
Z 0.4097 -0.7683 0.4918

PART 39
OFFSET 2.4352 -3.7864 -7.6153
SCALE 1 1 1
X -0.6426 -0.6223 -0.4470
Y -0.1137 0.6544 -0.7476
Z 0.7577 -0.4296 -0.4913

PART 40
OFFSET 2.0606 -3.6171 -6.4619
SCALE 1 1 1
X -0.6426 -0.6223 -0.4470
Y -0.1137 0.6544 -0.7476
Z 0.7577 -0.4296 -0.4913

PART 41
OFFSET 2.3757 -4.5220 -5.4233
SCALE 1 1 1
X -0.6426 -0.6223 -0.4470
Y -0.1137 0.6544 -0.7476
Z 0.7577 -0.4296 -0.4913

PART 42
OFFSET 4.1047 -3.8469 -6.2734
SCALE 1 1 1
X -0.9957 0.0900 -0.0226
Y 0.0206 -0.0225 -0.9995
Z -0.0905 -0.9957 0.0205

PART 43
OFFSET 4.5698 -3.4569 -5.3071
SCALE 1 1 1
X -0.7592 -0.6153 -0.2121
Y 0.0695 0.2474 -0.9664
Z 0.6472 -0.7484 -0.1450

PART 44
OFFSET 6.1651 -2.1121 -4.7449
SCALE 1 1 1
X -0.5869 -0.2971 0.7532
Y -0.6207 -0.4322 -0.6541
Z 0.5199 -0.8514 0.0692

PART 45
OFFSET 7.0172 -1.5629 -6.0076
SCALE 1 1 1
X 0.2835 0.1079 0.9529
Y -0.7846 -0.5453 0.2952
Z 0.5514 -0.8313 -0.0699

PART 46
OFFSET 6.6988 -1.6323 -7.0398
SCALE 1 1 1
X -0.3066 0.5013 0.8091
Y -0.3478 0.7323 -0.5855
Z -0.8860 -0.4609 -0.0502

PART 47
OFFSET 4.9876 -3.7459 -7.3287
SCALE 1 1 1
X -0.8299 0.0936 0.5500
Y -0.0632 -0.9953 0.0740
Z 0.5543 0.0266 0.8319

PART 48
OFFSET 6.9408 -3.8303 -8.4523
SCALE 1 1 1
X -0.4072 -0.9119 0.0514
Y 0.7867 -0.3788 -0.4875
Z 0.4640 -0.1581 0.8716

PART 49
OFFSET 7.5174 -2.5393 -8.5250
SCALE 1 1 1
X 0.6972 -0.5535 -0.4555
Y 0.5783 0.8098 -0.0988
Z 0.4235 -0.1945 0.8848

PART 50
OFFSET 6.8992 -2.0485 -8.1212
SCALE 1 1 1
X 0.8664 0.2957 -0.4023
Y -0.2060 0.9457 0.2515
Z 0.4549 -0.1351 0.8803

PART 51
OFFSET 6.0761 -2.3295 -7.7390
SCALE 1 1 1
X -0.5992 -0.8003 0.0225
Y -0.6556 0.5065 0.5600
Z -0.4596 0.3208 -0.8282

PART 52
OFFSET 5.1802 -3.8899 -6.6566
SCALE 1 1 1
X -0.9507 0.1278 0.2827
Y -0.1105 -0.9909 0.0766
Z 0.2899 0.0416 0.9562

PART 53
OFFSET 7.6021 -4.2497 -7.5305
SCALE 1 1 1
X -0.4141 -0.8733 0.2568
Y 0.7738 -0.4863 -0.4060
Z 0.4794 0.0306 0.8771

PART 54
OFFSET 8.3071 -2.7630 -7.9678
SCALE 1 1 1
X 0.7704 -0.5008 -0.3946
Y 0.4396 0.8655 -0.2401
Z 0.4617 0.0115 0.8870

PART 55
OFFSET 7.2393 -2.0690 -7.4210
SCALE 1 1 1
X 0.8811 0.1309 -0.4545
Y -0.1229 0.9913 0.0472
Z 0.4567 0.0143 0.8895

PART 56
OFFSET 6.2837 -2.2109 -6.9281
SCALE 1 1 1
X -0.6292 -0.6728 0.3891
Y -0.6252 0.7356 0.2609
Z -0.4618 -0.0791 -0.8835

PART 57
OFFSET -0.1053 -3.9869 -5.5112
SCALE 1 1 1
X -0.9660 -0.1878 0.1778
Y -0.2020 0.9772 -0.0652
Z -0.1615 -0.0989 -0.9819

PART 58
OFFSET 7.9352 -4.5508 -5.4239
SCALE 1 1 1
X -0.9620 -0.2681 0.0523
Y 0.2714 -0.9597 0.0733
Z 0.0305 0.0847 0.9959

PART 59
OFFSET 9.6289 -4.0788 -5.5159
SCALE 1 1 1
X -0.9794 -0.1965 0.0473
Y 0.2011 -0.9708 0.1308
Z 0.0202 0.1376 0.9903

PART 60
OFFSET 10.8207 -3.8315 -5.5133
SCALE 1 1 1
X -0.9971 -0.0658 -0.0374
Y 0.0615 -0.9924 0.1064
Z -0.0441 0.1038 0.9936

PART 61
OFFSET 11.9470 -3.7572 -5.4711
SCALE 1 1 1
X 0.2567 0.9465 0.1956
Y 0.9664 -0.2485 -0.0658
Z -0.0136 0.2059 -0.9785

PART 62
OFFSET 7.8676 -4.3870 -6.5143
SCALE 1 1 1
X -0.4124 -0.8710 0.2671
Y 0.8599 -0.4690 -0.2015
Z 0.3008 0.1465 0.9424

PART 63
OFFSET 8.6733 -2.6855 -7.0361
SCALE 1 1 1
X 0.8512 -0.4786 -0.2152
Y 0.4068 0.8609 -0.3056
Z 0.3315 0.1726 0.9275

PART 64
OFFSET 7.4300 -1.9864 -6.7218
SCALE 1 1 1
X 0.9065 0.1938 -0.3751
Y -0.2637 0.9537 -0.1447
Z 0.3296 0.2301 0.9156

PART 65
OFFSET 6.4008 -2.2069 -6.3035
SCALE 1 1 1
X -0.5477 -0.7724 0.3215
Y -0.7586 0.6206 0.1986
Z -0.3529 -0.1351 -0.9259

PART 66
OFFSET 0.0000 0.0000 0.0000
SCALE 1 1 1
X 1.0000 0.0000 0.0000
Y 0.0000 1.0000 0.0000
Z 0.0000 0.0000 1.0000

PART 67
OFFSET 0.0000 0.0000 0.0000
SCALE 1 1 1
X 1.0000 0.0000 0.0000
Y 0.0000 1.0000 0.0000
Z 0.0000 0.0000 1.0000

PART 68
OFFSET 1.5404 0.0000 4.1357
SCALE 1 1 1
X 1.0000 0.0000 0.0000
Y 0.0000 1.0000 0.0000
Z 0.0000 0.0000 1.0000

PART 69
OFFSET -4.6318 0.0000 -1.3770
SCALE 1 1 1
X 1.0000 0.0000 0.0000
Y 0.0000 1.0000 0.0000
Z 0.0000 0.0000 1.0000

PART 70
OFFSET 7.8313 -2.9010 -5.2087
SCALE 1 1 1
X 1.0000 0.0000 0.0000
Y 0.0000 1.0000 0.0000
Z 0.0000 0.0000 1.0000

PART 71
OFFSET 12.3941 -3.5916 -2.9826
SCALE 1 1 1
X 0.0000 -0.8192 0.5736
Y 1.0000 0.0000 -0.0000
Z -0.0000 0.5736 0.8192

PART 72
OFFSET 35.5445 -2.8852 -2.7048
SCALE 1 1 1
X 1.0000 0.0000 0.0000
Y 0.0000 1.0000 0.0000
Z 0.0000 0.0000 1.0000

PART 73
OFFSET 12.1249 -2.9094 -3.9233
SCALE 1 1 1
X 1.0000 0.0000 0.0000
Y 0.0000 1.0000 0.0000
Z 0.0000 0.0000 1.0000

PART 74
OFFSET 6.5463 -2.9010 -2.3346
SCALE 1 1 1
X 1.0000 0.0000 0.0000
Y 0.0000 1.0000 0.0000
Z 0.0000 0.0000 1.0000

PART 75
OFFSET 9.6569 -2.9010 -1.8697
SCALE 1 1 1
X 1.0000 0.0000 0.0000
Y 0.0000 1.0000 0.0000
Z 0.0000 0.0000 1.0000

PART 76
OFFSET 9.6569 -2.9010 -1.8697
SCALE 1 1 1
X 1.0000 0.0000 0.0000
Y 0.0000 1.0000 0.0000
Z 0.0000 0.0000 1.0000

PART 77
OFFSET 9.6569 -2.9010 -1.8697
SCALE 1 1 1
X 1.0000 0.0000 0.0000
Y 0.0000 1.0000 0.0000
Z 0.0000 0.0000 1.0000


FRAME 626
PART 0
OFFSET 0.0000 0.0000 0.0000
SCALE 1 1 1
X 1.0000 0.0000 0.0000
Y 0.0000 1.0000 0.0000
Z 0.0000 0.0000 1.0000

PART 1
OFFSET -7.6807 -2.7496 1.5396
SCALE 1 1 1
X 1.0000 0.0000 0.0000
Y 0.0000 1.0000 0.0000
Z 0.0000 0.0000 1.0000

PART 2
OFFSET -3.2282 8.4310 -2.3391
SCALE 1 1 1
X 0.7119 -0.2932 -0.6381
Y -0.1243 -0.9469 0.2964
Z -0.6911 -0.1317 -0.7106

PART 3
OFFSET 5.3819 4.8846 -10.0561
SCALE 1 1 1
X 0.8144 -0.4662 0.3456
Y -0.3548 0.0714 0.9322
Z -0.4593 -0.8818 -0.1072

PART 4
OFFSET 12.3085 0.9195 -7.1163
SCALE 1 1 1
X 0.8144 -0.4662 0.3456
Y 0.1166 0.7149 0.6895
Z -0.5685 -0.5212 0.6365

PART 5
OFFSET 14.5392 1.7681 -7.1884
SCALE 1 1 1
X 0.8177 -0.4642 0.3404
Y 0.4620 0.8820 0.0928
Z -0.3433 0.0813 0.9357

PART 6
OFFSET 13.2444 -0.2870 -8.0146
SCALE 1 1 1
X 0.8177 -0.4642 0.3404
Y 0.4620 0.8820 0.0928
Z -0.3433 0.0813 0.9357

PART 7
OFFSET 13.9929 1.3504 -4.9487
SCALE 1 1 1
X 0.8177 -0.4642 0.3404
Y 0.4620 0.8820 0.0928
Z -0.3433 0.0813 0.9357

PART 8
OFFSET 13.2095 0.0230 -5.1840
SCALE 1 1 1
X 0.8177 -0.4642 0.3404
Y 0.4620 0.8820 0.0928
Z -0.3433 0.0813 0.9357

PART 9
OFFSET 12.5957 -0.8123 -5.9677
SCALE 1 1 1
X 0.8177 -0.4642 0.3404
Y 0.4620 0.8820 0.0928
Z -0.3433 0.0813 0.9357

PART 10
OFFSET 14.8052 -0.5097 -6.0567
SCALE 1 1 1
X 0.9633 -0.2683 -0.0001
Y 0.2000 0.7178 0.6670
Z -0.1789 -0.6425 0.7451

PART 11
OFFSET 15.3580 -0.2015 -5.1072
SCALE 1 1 1
X 0.9315 -0.1170 0.3445
Y 0.0432 0.9757 0.2147
Z -0.3613 -0.1851 0.9139

PART 12
OFFSET 17.3522 -0.3670 -4.2914
SCALE 1 1 1
X 0.9399 -0.3215 0.1145
Y 0.2303 0.8450 0.4827
Z -0.2519 -0.4273 0.8683

PART 13
OFFSET 18.8277 -0.9843 -4.0382
SCALE 1 1 1
X 0.9343 -0.1375 0.3290
Y 0.0123 0.9345 0.3557
Z -0.3564 -0.3283 0.8748

PART 14
OFFSET 19.8219 -1.1322 -3.6363
SCALE 1 1 1
X 0.9211 0.3019 -0.2458
Y -0.2725 0.0491 -0.9609
Z -0.2781 0.9521 0.1275

PART 15
OFFSET 15.3701 -1.6351 -6.6203
SCALE 1 1 1
X 0.6124 -0.7904 -0.0127
Y -0.4467 -0.3593 0.8194
Z -0.6522 -0.4961 -0.5731

PART 16
OFFSET 16.7863 -3.3829 -6.4649
SCALE 1 1 1
X 0.3315 -0.6480 0.6857
Y -0.5917 0.4233 0.6861
Z -0.7348 -0.6332 -0.2431

PART 17
OFFSET 17.2557 -4.3003 -5.4941
SCALE 1 1 1
X 0.0814 -0.3903 0.9171
Y -0.7070 0.6260 0.3292
Z -0.7025 -0.6752 -0.2249

PART 18
OFFSET 17.3279 -4.6463 -4.6810
SCALE 1 1 1
X -0.0326 -0.2826 0.9587
Y -0.6619 0.7248 0.1911
Z -0.7488 -0.6284 -0.2107

PART 19
OFFSET 17.2969 -4.9148 -3.7702
SCALE 1 1 1
X 0.5488 -0.1480 -0.8228
Y -0.5733 0.6496 -0.4993
Z 0.6084 0.7457 0.2717

PART 20
OFFSET 15.7398 -1.1274 -6.2812
SCALE 1 1 1
X 0.7854 -0.6189 0.0114
Y -0.4212 -0.5209 0.7425
Z -0.4536 -0.5879 -0.6698

PART 21
OFFSET 17.7201 -2.8094 -6.3674
SCALE 1 1 1
X 0.4241 -0.8319 0.3580
Y -0.4947 0.1184 0.8610
Z -0.7586 -0.5422 -0.3614

PART 22
OFFSET 18.4421 -4.2257 -5.7579
SCALE 1 1 1
X -0.0142 -0.5228 0.8523
Y -0.6693 0.6382 0.3804
Z -0.7428 -0.5651 -0.3589

PART 23
OFFSET 18.4225 -4.9502 -4.5766
SCALE 1 1 1
X -0.1473 -0.3937 0.9074
Y -0.6535 0.7274 0.2095
Z -0.7424 -0.5621 -0.3644

PART 24
OFFSET 18.2627 -5.3772 -3.5926
SCALE 1 1 1
X 0.4575 -0.1206 -0.8810
Y -0.4184 0.8450 -0.3330
Z 0.7846 0.5210 0.3361

PART 25
OFFSET 17.9965 -0.5415 -4.5987
SCALE 1 1 1
X 0.8180 -0.5699 0.0781
Y 0.4587 0.5644 -0.6863
Z 0.3471 0.5972 0.7231

PART 26
OFFSET 18.7761 -0.7750 -5.8310
SCALE 1 1 1
X 0.7515 -0.5580 -0.3518
Y -0.1378 -0.6544 0.7435
Z -0.6451 -0.5103 -0.5687

PART 27
OFFSET 20.0993 -1.7575 -6.4504
SCALE 1 1 1
X 0.4453 -0.8710 0.2074
Y -0.6260 -0.1373 0.7677
Z -0.6402 -0.4717 -0.6064

PART 28
OFFSET 20.6796 -2.7877 -6.1615
SCALE 1 1 1
X 0.0755 -0.7699 0.6337
Y -0.7809 0.3496 0.5177
Z -0.6201 -0.5340 -0.5748

PART 29
OFFSET 20.7649 -3.6573 -5.4457
SCALE 1 1 1
X 0.5059 -0.2151 -0.8353
Y -0.2219 0.9033 -0.3671
Z 0.8335 0.3711 0.4093

PART 30
OFFSET 18.4244 -1.6403 -6.4208
SCALE 1 1 1
X 0.6364 -0.7614 0.1233
Y -0.4769 -0.2627 0.8388
Z -0.6063 -0.5926 -0.5303

PART 31
OFFSET 19.6676 -3.1278 -6.1800
SCALE 1 1 1
X 0.0376 -0.6984 0.7147
Y -0.7683 0.4371 0.4676
Z -0.6390 -0.5667 -0.5202

PART 32
OFFSET 19.7225 -4.1480 -5.1361
SCALE 1 1 1
X -0.1415 -0.5934 0.7924
Y -0.7203 0.6108 0.3288
Z -0.6791 -0.5242 -0.5138

PART 33
OFFSET 19.5579 -4.8242 -4.2425
SCALE 1 1 1
X 0.6119 0.0984 -0.7848
Y -0.5095 0.8080 -0.2960
Z 0.6050 0.5810 0.5445

PART 34
OFFSET 17.0366 -2.6030 -5.2809
SCALE 1 1 1
X -0.5290 -0.5757 -0.6234
Y 0.1789 0.6425 -0.7451
Z 0.8295 -0.5057 -0.2369

PART 35
OFFSET 7.8550 -2.8801 -5.2043
SCALE 1 1 1
X 1.0000 -0.0030 0.0095
Y 0.0029 1.0000 0.0084
Z -0.0095 -0.0084 0.9999

PART 36
OFFSET -13.3341 -6.7471 -6.3406
SCALE 1 1 1
X -0.8330 0.3581 0.4218
Y -0.1846 -0.8985 0.3983
Z 0.5216 0.2539 0.8145

PART 37
OFFSET -3.2601 -11.0776 -11.4420
SCALE 1 1 1
X -0.6392 -0.6284 -0.4433
Y 0.7616 -0.4369 -0.4787
Z 0.1071 -0.6436 0.7578

PART 38
OFFSET 2.1764 -5.7327 -7.6713
SCALE 1 1 1
X -0.6392 -0.6284 -0.4433
Y 0.6453 -0.1247 -0.7537
Z 0.4183 -0.7678 0.4852

PART 39
OFFSET 2.4638 -3.7491 -7.6536
SCALE 1 1 1
X -0.6440 -0.6240 -0.4425
Y -0.1162 0.6516 -0.7496
Z 0.7561 -0.4313 -0.4921

PART 40
OFFSET 2.0943 -3.5781 -6.4981
SCALE 1 1 1
X -0.6440 -0.6240 -0.4425
Y -0.1162 0.6516 -0.7496
Z 0.7561 -0.4313 -0.4921

PART 41
OFFSET 2.4135 -4.4833 -5.4520
SCALE 1 1 1
X -0.6440 -0.6240 -0.4425
Y -0.1162 0.6516 -0.7496
Z 0.7561 -0.4313 -0.4921

PART 42
OFFSET 4.1359 -3.8061 -6.3122
SCALE 1 1 1
X -0.9952 0.0932 -0.0313
Y 0.0301 -0.0141 -0.9994
Z -0.0936 -0.9956 0.0113

PART 43
OFFSET 4.5930 -3.4256 -5.3383
SCALE 1 1 1
X -0.7589 -0.6113 -0.2245
Y 0.0794 0.2553 -0.9636
Z 0.6464 -0.7491 -0.1452

PART 44
OFFSET 6.1867 -2.0903 -4.7497
SCALE 1 1 1
X -0.5948 -0.3017 0.7451
Y -0.6157 -0.4249 -0.6636
Z 0.5168 -0.8535 0.0670

PART 45
OFFSET 7.0524 -1.5330 -5.9996
SCALE 1 1 1
X 0.2748 0.0991 0.9564
Y -0.7889 -0.5454 0.2832
Z 0.5497 -0.8323 -0.0717

PART 46
OFFSET 6.7435 -1.5928 -7.0354
SCALE 1 1 1
X -0.3128 0.4954 0.8104
Y -0.3401 0.7382 -0.5826
Z -0.8868 -0.4579 -0.0624

PART 47
OFFSET 5.0291 -3.6989 -7.3582
SCALE 1 1 1
X -0.8348 0.0914 0.5428
Y -0.0668 -0.9956 0.0650
Z 0.5464 0.0180 0.8373

PART 48
OFFSET 6.9927 -3.7796 -8.4639
SCALE 1 1 1
X -0.4103 -0.9111 0.0399
Y 0.7902 -0.3770 -0.4832
Z 0.4552 -0.1668 0.8746

PART 49
OFFSET 7.5736 -2.4897 -8.5203
SCALE 1 1 1
X 0.6999 -0.5518 -0.4535
Y 0.5816 0.8089 -0.0865
Z 0.4146 -0.2032 0.8871

PART 50
OFFSET 6.9530 -2.0005 -8.1183
SCALE 1 1 1
X 0.8710 0.2965 -0.3916
Y -0.2056 0.9441 0.2575
Z 0.4461 -0.1438 0.8834

PART 51
OFFSET 6.1255 -2.2823 -7.7462
SCALE 1 1 1
X -0.6016 -0.7987 0.0101
Y -0.6594 0.5038 0.5581
Z -0.4508 0.3291 -0.8297

PART 52
OFFSET 5.2150 -3.8490 -6.6855
SCALE 1 1 1
X -0.9529 0.1283 0.2747
Y -0.1140 -0.9912 0.0672
Z 0.2809 0.0327 0.9592

PART 53
OFFSET 7.6439 -4.2086 -7.5395
SCALE 1 1 1
X -0.4190 -0.8742 0.2455
Y 0.7762 -0.4852 -0.4027
Z 0.4711 0.0218 0.8818

PART 54
OFFSET 8.3573 -2.7204 -7.9575
SCALE 1 1 1
X 0.7727 -0.4997 -0.3914
Y 0.4444 0.8662 -0.2286
Z 0.4533 0.0027 0.8914

PART 55
OFFSET 7.2864 -2.0278 -7.4150
SCALE 1 1 1
X 0.8857 0.1321 -0.4450
Y -0.1205 0.9912 0.0544
Z 0.4483 0.0054 0.8939

PART 56
OFFSET 6.3258 -2.1711 -6.9324
SCALE 1 1 1
X -0.6348 -0.6742 0.3775
Y -0.6255 0.7352 0.2611
Z -0.4536 -0.0703 -0.8884

PART 57
OFFSET -0.0814 -3.9400 -5.5911
SCALE 1 1 1
X -0.9682 -0.1864 0.1670
Y -0.1986 0.9783 -0.0589
Z -0.1524 -0.0902 -0.9842

PART 58
OFFSET 7.9562 -4.5284 -5.4324
SCALE 1 1 1
X -0.9631 -0.2661 0.0410
Y 0.2684 -0.9609 0.0678
Z 0.0214 0.0763 0.9969

PART 59
OFFSET 9.6518 -4.0600 -5.5047
SCALE 1 1 1
X -0.9803 -0.1942 0.0365
Y 0.1973 -0.9724 0.1245
Z 0.0113 0.1293 0.9915

PART 60
OFFSET 10.8442 -3.8160 -5.4888
SCALE 1 1 1
X -0.9969 -0.0627 -0.0473
Y 0.0578 -0.9934 0.0987
Z -0.0531 0.0957 0.9940

PART 61
OFFSET 11.9702 -3.7452 -5.4354
SCALE 1 1 1
X 0.2574 0.9441 0.2058
Y 0.9663 -0.2506 -0.0588
Z -0.0039 0.2140 -0.9768

PART 62
OFFSET 7.8994 -4.3553 -6.5221
SCALE 1 1 1
X -0.4174 -0.8719 0.2558
Y 0.8604 -0.4698 -0.1973
Z 0.2922 0.1377 0.9464

PART 63
OFFSET 8.7149 -2.6519 -7.0218
SCALE 1 1 1
X 0.8519 -0.4793 -0.2112
Y 0.4122 0.8622 -0.2944
Z 0.3232 0.1638 0.9321

PART 64
OFFSET 7.4707 -1.9517 -6.7134
SCALE 1 1 1
X 0.9106 0.1943 -0.3648
Y -0.2596 0.9556 -0.1392
Z 0.3216 0.2214 0.9206

PART 65
OFFSET 6.4369 -2.1727 -6.3068
SCALE 1 1 1
X -0.5530 -0.7735 0.3098
Y -0.7587 0.6211 0.1966
Z -0.3445 -0.1263 -0.9303

PART 66
OFFSET 0.0000 0.0000 0.0000
SCALE 1 1 1
X 1.0000 0.0000 0.0000
Y 0.0000 1.0000 0.0000
Z 0.0000 0.0000 1.0000

PART 67
OFFSET 0.0000 0.0000 0.0000
SCALE 1 1 1
X 1.0000 0.0000 0.0000
Y 0.0000 1.0000 0.0000
Z 0.0000 0.0000 1.0000

PART 68
OFFSET 1.5404 0.0000 4.1357
SCALE 1 1 1
X 1.0000 0.0000 0.0000
Y 0.0000 1.0000 0.0000
Z 0.0000 0.0000 1.0000

PART 69
OFFSET -4.6318 0.0000 -1.3770
SCALE 1 1 1
X 1.0000 0.0000 0.0000
Y 0.0000 1.0000 0.0000
Z 0.0000 0.0000 1.0000

PART 70
OFFSET 7.8550 -2.8801 -5.2043
SCALE 1 1 1
X 1.0000 -0.0030 0.0095
Y 0.0029 1.0000 0.0084
Z -0.0095 -0.0084 0.9999

PART 71
OFFSET 12.3944 -3.6028 -2.9410
SCALE 1 1 1
X -0.0078 -0.8239 0.5666
Y 1.0000 -0.0030 0.0095
Z -0.0061 0.5667 0.8239

PART 72
OFFSET 35.5431 -2.9672 -2.4381
SCALE 1 1 1
X 1.0000 -0.0030 0.0095
Y 0.0029 1.0000 0.0084
Z -0.0095 -0.0084 0.9999

PART 73
OFFSET 12.1362 -2.9120 -3.8784
SCALE 1 1 1
X 1.0000 -0.0030 0.0095
Y 0.0029 1.0000 0.0084
Z -0.0095 -0.0084 0.9999

PART 74
OFFSET 6.5428 -2.9005 -2.3427
SCALE 1 1 1
X 1.0000 -0.0030 0.0095
Y 0.0029 1.0000 0.0084
Z -0.0095 -0.0084 0.9999

PART 75
OFFSET 9.6488 -2.9135 -1.8483
SCALE 1 1 1
X 1.0000 -0.0030 0.0095
Y 0.0029 1.0000 0.0084
Z -0.0095 -0.0084 0.9999

PART 76
OFFSET 9.6488 -2.9135 -1.8483
SCALE 1 1 1
X 1.0000 -0.0030 0.0095
Y 0.0029 1.0000 0.0084
Z -0.0095 -0.0084 0.9999

PART 77
OFFSET 9.6488 -2.9135 -1.8483
SCALE 1 1 1
X 1.0000 -0.0030 0.0095
Y 0.0029 1.0000 0.0084
Z -0.0095 -0.0084 0.9999


FRAME 627
PART 0
OFFSET 0.0000 0.0000 0.0000
SCALE 1 1 1
X 1.0000 0.0000 0.0000
Y 0.0000 1.0000 0.0000
Z 0.0000 0.0000 1.0000

PART 1
OFFSET -7.6807 -2.7496 1.5396
SCALE 1 1 1
X 1.0000 0.0000 0.0000
Y 0.0000 1.0000 0.0000
Z 0.0000 0.0000 1.0000

PART 2
OFFSET -3.2714 8.3299 -2.3616
SCALE 1 1 1
X 0.6643 -0.2182 -0.7149
Y -0.0228 -0.9619 0.2724
Z -0.7471 -0.1646 -0.6440

PART 3
OFFSET 4.7623 5.6910 -11.0078
SCALE 1 1 1
X 0.8389 -0.4059 0.3626
Y -0.3686 0.0664 0.9272
Z -0.4005 -0.9115 -0.0939

PART 4
OFFSET 11.8974 2.2383 -7.9237
SCALE 1 1 1
X 0.8389 -0.4059 0.3626
Y -0.1607 0.4518 0.8775
Z -0.5201 -0.7944 0.3138

PART 5
OFFSET 14.0136 2.9923 -8.1256
SCALE 1 1 1
X 0.8422 -0.4038 0.3573
Y 0.4034 0.9116 0.0796
Z -0.3578 0.0771 0.9306

PART 6
OFFSET 12.9185 1.0775 -8.7887
SCALE 1 1 1
X 0.8422 -0.4038 0.3573
Y 0.4034 0.9116 0.0796
Z -0.3578 0.0771 0.9306

PART 7
OFFSET 13.4415 2.6434 -5.7460
SCALE 1 1 1
X 0.8422 -0.4038 0.3573
Y 0.4034 0.9116 0.0796
Z -0.3578 0.0771 0.9306

PART 8
OFFSET 12.8122 1.4159 -5.9420
SCALE 1 1 1
X 0.8422 -0.4038 0.3573
Y 0.4034 0.9116 0.0796
Z -0.3578 0.0771 0.9306

PART 9
OFFSET 12.3727 0.6602 -6.8240
SCALE 1 1 1
X 0.8422 -0.4038 0.3573
Y 0.4034 0.9116 0.0796
Z -0.3578 0.0771 0.9306

PART 10
OFFSET 14.4691 0.9938 -6.8121
SCALE 1 1 1
X 0.9751 -0.2218 -0.0044
Y 0.1054 0.4457 0.8889
Z -0.1952 -0.8673 0.4580

PART 11
OFFSET 14.9293 0.9681 -5.7681
SCALE 1 1 1
X 0.8416 -0.2572 0.4750
Y -0.0370 0.8498 0.5258
Z -0.5389 -0.4601 0.7056

PART 12
OFFSET 16.7117 0.4721 -4.6514
SCALE 1 1 1
X 0.9086 -0.3487 0.2301
Y 0.0559 0.6471 0.7603
Z -0.4140 -0.6779 0.6074

PART 13
OFFSET 18.1287 -0.2053 -4.2574
SCALE 1 1 1
X 0.8506 -0.3182 0.4186
Y -0.0480 0.7458 0.6644
Z -0.5236 -0.5852 0.6191

PART 14
OFFSET 19.0237 -0.5635 -3.7650
SCALE 1 1 1
X 0.9544 0.2947 0.0483
Y -0.0790 0.4051 -0.9109
Z -0.2880 0.8655 0.4099

PART 15
OFFSET 15.1420 0.1535 -7.6751
SCALE 1 1 1
X 0.6916 -0.6782 -0.2483
Y -0.4523 -0.6748 0.5832
Z -0.5631 -0.2910 -0.7735

PART 16
OFFSET 16.7225 -1.4107 -8.0488
SCALE 1 1 1
X 0.7060 -0.7010 -0.1013
Y -0.3165 -0.4402 0.8403
Z -0.6336 -0.5611 -0.5326

PART 17
OFFSET 17.7220 -2.4031 -8.1923
SCALE 1 1 1
X 0.6962 -0.7177 0.0169
Y -0.4099 -0.3781 0.8301
Z -0.5893 -0.5848 -0.5574

PART 18
OFFSET 18.3393 -3.0394 -8.1773
SCALE 1 1 1
X 0.6853 -0.7278 0.0246
Y -0.3794 -0.3280 0.8651
Z -0.6216 -0.6022 -0.5009

PART 19
OFFSET 18.9903 -3.7309 -8.1540
SCALE 1 1 1
X -0.1961 0.8497 -0.4895
Y -0.8060 0.1447 0.5740
Z 0.5585 0.5071 0.6565

PART 20
OFFSET 15.4537 0.5221 -7.1492
SCALE 1 1 1
X 0.8358 -0.5295 -0.1453
Y -0.4130 -0.7806 0.4691
Z -0.3618 -0.3321 -0.8711

PART 21
OFFSET 17.5783 -0.8842 -7.6660
SCALE 1 1 1
X 0.7632 -0.5582 -0.3255
Y -0.2036 -0.6858 0.6987
Z -0.6132 -0.4670 -0.6371

PART 22
OFFSET 18.8777 -1.8345 -8.2201
SCALE 1 1 1
X 0.7405 -0.6402 -0.2042
Y -0.3198 -0.6030 0.7308
Z -0.5910 -0.4759 -0.6513

PART 23
OFFSET 19.9040 -2.7219 -8.5031
SCALE 1 1 1
X 0.7368 -0.6432 -0.2083
Y -0.3201 -0.6032 0.7305
Z -0.5955 -0.4716 -0.6504

PART 24
OFFSET 20.7031 -3.4194 -8.7290
SCALE 1 1 1
X -0.4502 0.8484 -0.2786
Y -0.6587 -0.1048 0.7451
Z 0.6029 0.5189 0.6059

PART 25
OFFSET 17.5377 0.5530 -5.1686
SCALE 1 1 1
X 0.8428 -0.5360 -0.0487
Y 0.4741 0.7821 -0.4044
Z 0.2549 0.3178 0.9133

PART 26
OFFSET 18.4206 0.7880 -6.3289
SCALE 1 1 1
X 0.8611 -0.2019 -0.4666
Y -0.0273 -0.9348 0.3542
Z -0.5076 -0.2923 -0.8105

PART 27
OFFSET 19.9368 0.4325 -7.1503
SCALE 1 1 1
X 0.8143 -0.4453 -0.3724
Y -0.2784 -0.8625 0.4226
Z -0.5094 -0.2405 -0.8263

PART 28
OFFSET 20.9577 -0.0942 -7.5528
SCALE 1 1 1
X 0.8030 -0.5408 -0.2506
Y -0.3828 -0.7902 0.4786
Z -0.4568 -0.2884 -0.8415

PART 29
OFFSET 21.8646 -0.7050 -7.8359
SCALE 1 1 1
X -0.0444 0.8082 -0.5872
Y -0.8120 0.3132 0.4924
Z 0.5819 0.4987 0.6424

PART 30
OFFSET 18.1673 0.1726 -7.2106
SCALE 1 1 1
X 0.8402 -0.4343 -0.3248
Y -0.2149 -0.8166 0.5358
Z -0.4979 -0.3803 -0.7794

PART 31
OFFSET 19.8086 -0.6758 -7.8452
SCALE 1 1 1
X 0.7772 -0.5711 -0.2642
Y -0.3325 -0.7292 0.5980
Z -0.5342 -0.3770 -0.7567

PART 32
OFFSET 20.9439 -1.5099 -8.2311
SCALE 1 1 1
X 0.7428 -0.6231 -0.2448
Y -0.3490 -0.6725 0.6526
Z -0.5713 -0.3993 -0.7170

PART 33
OFFSET 21.7814 -2.2180 -8.5139
SCALE 1 1 1
X -0.3101 0.9329 -0.1833
Y -0.7858 -0.1430 0.6018
Z 0.5351 0.3307 0.7774

PART 34
OFFSET 16.7585 -1.1694 -6.6051
SCALE 1 1 1
X -0.4448 -0.3379 -0.8294
Y 0.1952 0.8673 -0.4580
Z 0.8741 -0.3656 -0.3198

PART 35
OFFSET 7.9058 -2.8423 -5.2049
SCALE 1 1 1
X 0.9996 -0.0096 0.0257
Y 0.0089 0.9996 0.0269
Z -0.0260 -0.0267 0.9993

PART 36
OFFSET -13.3341 -6.7471 -6.3406
SCALE 1 1 1
X -0.8356 0.3545 0.4197
Y -0.1777 -0.8973 0.4041
Z 0.5199 0.2631 0.8127

PART 37
OFFSET -3.2288 -11.0339 -11.4168
SCALE 1 1 1
X -0.6420 -0.6318 -0.4344
Y 0.7585 -0.4404 -0.4804
Z 0.1121 -0.6379 0.7619

PART 38
OFFSET 2.2317 -5.6606 -7.7220
SCALE 1 1 1
X -0.6420 -0.6318 -0.4344
Y 0.6300 -0.1118 -0.7685
Z 0.4369 -0.7671 0.4698

PART 39
OFFSET 2.5227 -3.6732 -7.7318
SCALE 1 1 1
X -0.6468 -0.6274 -0.4336
Y -0.1212 0.6459 -0.7537
Z 0.7529 -0.4350 -0.4938

PART 40
OFFSET 2.1640 -3.4993 -6.5719
SCALE 1 1 1
X -0.6468 -0.6274 -0.4336
Y -0.1212 0.6459 -0.7537
Z 0.7529 -0.4350 -0.4938

PART 41
OFFSET 2.4918 -4.4066 -5.5092
SCALE 1 1 1
X -0.6468 -0.6274 -0.4336
Y -0.1212 0.6459 -0.7537
Z 0.7529 -0.4350 -0.4938

PART 42
OFFSET 4.1999 -3.7238 -6.3902
SCALE 1 1 1
X -0.9939 0.1001 -0.0458
Y 0.0464 0.0040 -0.9989
Z -0.0998 -0.9950 -0.0087

PART 43
OFFSET 4.6432 -3.3642 -5.4021
SCALE 1 1 1
X -0.7588 -0.6022 -0.2481
Y 0.0968 0.2724 -0.9573
Z 0.6440 -0.7505 -0.1484

PART 44
OFFSET 6.2353 -2.0501 -4.7630
SCALE 1 1 1
X -0.6088 -0.3115 0.7296
Y -0.6073 -0.4087 -0.6813
Z 0.5104 -0.8579 0.0596

PART 45
OFFSET 7.1247 -1.4756 -5.9881
SCALE 1 1 1
X 0.2596 0.0798 0.9624
Y -0.7968 -0.5454 0.2601
Z 0.5457 -0.8344 -0.0780

PART 46
OFFSET 6.8326 -1.5144 -7.0297
SCALE 1 1 1
X -0.3231 0.4824 0.8142
Y -0.3260 0.7509 -0.5743
Z -0.8885 -0.4509 -0.0854

PART 47
OFFSET 5.1108 -3.6031 -7.4194
SCALE 1 1 1
X -0.8431 0.0868 0.5307
Y -0.0739 -0.9962 0.0455
Z 0.5327 -0.0009 0.8463

PART 48
OFFSET 7.0918 -3.6761 -8.4942
SCALE 1 1 1
X -0.4165 -0.9090 0.0163
Y 0.7957 -0.3732 -0.4771
Z 0.4398 -0.1857 0.8787

PART 49
OFFSET 7.6815 -2.3892 -8.5173
SCALE 1 1 1
X 0.7039 -0.5478 -0.4521
Y 0.5879 0.8066 -0.0621
Z 0.3987 -0.2221 0.8898

PART 50
OFFSET 7.0574 -1.9035 -8.1164
SCALE 1 1 1
X 0.8792 0.2981 -0.3718
Y -0.2041 0.9406 0.2715
Z 0.4306 -0.1629 0.8877

PART 51
OFFSET 6.2221 -2.1867 -7.7632
SCALE 1 1 1
X -0.6066 -0.7949 -0.0145
Y -0.6654 0.4977 0.5564
Z -0.4351 0.3471 -0.8308

PART 52
OFFSET 5.2847 -3.7667 -6.7466
SCALE 1 1 1
X -0.9565 0.1293 0.2614
Y -0.1212 -0.9915 0.0470
Z 0.2653 0.0133 0.9641

PART 53
OFFSET 7.7251 -4.1263 -7.5673
SCALE 1 1 1
X -0.4284 -0.8758 0.2225
Y 0.7797 -0.4827 -0.3989
Z 0.4567 0.0026 0.8896

PART 54
OFFSET 8.4544 -2.6352 -7.9461
SCALE 1 1 1
X 0.7760 -0.4974 -0.3879
Y 0.4534 0.8674 -0.2053
Z 0.4386 -0.0166 0.8985

PART 55
OFFSET 7.3790 -1.9459 -7.4085
SCALE 1 1 1
X 0.8937 0.1345 -0.4279
Y -0.1153 0.9908 0.0707
Z 0.4335 -0.0139 0.9010

PART 56
OFFSET 6.4097 -2.0918 -6.9443
SCALE 1 1 1
X -0.6451 -0.6769 0.3545
Y -0.6252 0.7343 0.2644
Z -0.4393 -0.0511 -0.8969

PART 57
OFFSET -0.0295 -3.8437 -5.7407
SCALE 1 1 1
X -0.9719 -0.1832 0.1477
Y -0.1915 0.9805 -0.0441
Z -0.1368 -0.0711 -0.9880

PART 58
OFFSET 8.0007 -4.4867 -5.4617
SCALE 1 1 1
X -0.9655 -0.2597 0.0201
Y 0.2605 -0.9640 0.0543
Z 0.0053 0.0577 0.9983

PART 59
OFFSET 9.7005 -4.0294 -5.4971
SCALE 1 1 1
X -0.9820 -0.1881 0.0167
Y 0.1888 -0.9759 0.1096
Z -0.0044 0.1108 0.9938

PART 60
OFFSET 10.8941 -3.7940 -5.4570
SCALE 1 1 1
X -0.9964 -0.0550 -0.0649
Y 0.0496 -0.9955 0.0811
Z -0.0690 0.0776 0.9946

PART 61
OFFSET 12.0195 -3.7319 -5.3837
SCALE 1 1 1
X 0.2601 0.9384 0.2276
Y 0.9655 -0.2561 -0.0474
Z 0.0138 0.2321 -0.9726

PART 62
OFFSET 7.9629 -4.2932 -6.5487
SCALE 1 1 1
X -0.4269 -0.8738 0.2328
Y 0.8607 -0.4717 -0.1919
Z 0.2775 0.1185 0.9534

PART 63
OFFSET 8.7970 -2.5862 -7.0035
SCALE 1 1 1
X 0.8523 -0.4808 -0.2060
Y 0.4222 0.8648 -0.2717
Z 0.3088 0.1446 0.9401

PART 64
OFFSET 7.5521 -1.8839 -6.7026
SCALE 1 1 1
X 0.9176 0.1950 -0.3462
Y -0.2514 0.9597 -0.1257
Z 0.3078 0.2024 0.9297

PART 65
OFFSET 6.5105 -2.1056 -6.3171
SCALE 1 1 1
X -0.5627 -0.7755 0.2864
Y -0.7580 0.6223 0.1956
Z -0.3299 -0.1070 -0.9379

PART 66
OFFSET 0.0000 0.0000 0.0000
SCALE 1 1 1
X 1.0000 0.0000 0.0000
Y 0.0000 1.0000 0.0000
Z 0.0000 0.0000 1.0000

PART 67
OFFSET 0.0000 0.0000 0.0000
SCALE 1 1 1
X 1.0000 0.0000 0.0000
Y 0.0000 1.0000 0.0000
Z 0.0000 0.0000 1.0000

PART 68
OFFSET 1.5404 0.0000 4.1357
SCALE 1 1 1
X 1.0000 0.0000 0.0000
Y 0.0000 1.0000 0.0000
Z 0.0000 0.0000 1.0000

PART 69
OFFSET -4.6318 0.0000 -1.3770
SCALE 1 1 1
X 1.0000 0.0000 0.0000
Y 0.0000 1.0000 0.0000
Z 0.0000 0.0000 1.0000

PART 70
OFFSET 7.9058 -2.8423 -5.2049
SCALE 1 1 1
X 0.9996 -0.0096 0.0257
Y 0.0089 0.9996 0.0269
Z -0.0260 -0.0267 0.9993

PART 71
OFFSET 12.4029 -3.6356 -2.8815
SCALE 1 1 1
X -0.0222 -0.8341 0.5511
Y 0.9996 -0.0096 0.0257
Z -0.0162 0.5515 0.8340

PART 72
OFFSET 35.5437 -3.1585 -1.9890
SCALE 1 1 1
X 0.9996 -0.0096 0.0257
Y 0.0089 0.9996 0.0269
Z -0.0260 -0.0267 0.9993

PART 73
OFFSET 12.1644 -2.9260 -3.8101
SCALE 1 1 1
X 0.9996 -0.0096 0.0257
Y 0.0089 0.9996 0.0269
Z -0.0260 -0.0267 0.9993

PART 74
OFFSET 6.5467 -2.9067 -2.3659
SCALE 1 1 1
X 0.9996 -0.0096 0.0257
Y 0.0089 0.9996 0.0269
Z -0.0260 -0.0267 0.9993

PART 75
OFFSET 9.6440 -2.9488 -1.8212
SCALE 1 1 1
X 0.9996 -0.0096 0.0257
Y 0.0089 0.9996 0.0269
Z -0.0260 -0.0267 0.9993

PART 76
OFFSET 9.6440 -2.9488 -1.8212
SCALE 1 1 1
X 0.9996 -0.0096 0.0257
Y 0.0089 0.9996 0.0269
Z -0.0260 -0.0267 0.9993

PART 77
OFFSET 9.6440 -2.9488 -1.8212
SCALE 1 1 1
X 0.9996 -0.0096 0.0257
Y 0.0089 0.9996 0.0269
Z -0.0260 -0.0267 0.9993


FRAME 628
PART 0
OFFSET 0.0000 0.0000 0.0000
SCALE 1 1 1
X 1.0000 0.0000 0.0000
Y 0.0000 1.0000 0.0000
Z 0.0000 0.0000 1.0000

PART 1
OFFSET -7.6807 -2.7496 1.5396
SCALE 1 1 1
X 1.0000 0.0000 0.0000
Y 0.0000 1.0000 0.0000
Z 0.0000 0.0000 1.0000

PART 2
OFFSET -3.3404 8.1689 -2.3974
SCALE 1 1 1
X 0.5110 -0.1434 -0.8475
Y 0.0317 -0.9822 0.1853
Z -0.8590 -0.1216 -0.4974

PART 3
OFFSET 2.8402 6.4342 -12.6470
SCALE 1 1 1
X 0.7863 -0.4044 0.4671
Y -0.4617 0.1178 0.8792
Z -0.4106 -0.9070 -0.0941

PART 4
OFFSET 9.5280 2.9943 -8.6742
SCALE 1 1 1
X 0.7863 -0.4044 0.4671
Y -0.1940 0.5561 0.8081
Z -0.5866 -0.7261 0.3588

PART 5
OFFSET 11.6965 3.7861 -8.6507
SCALE 1 1 1
X 0.7902 -0.4026 0.4621
Y 0.4150 0.9063 0.0801
Z -0.4510 0.1284 0.8832

PART 6
OFFSET 10.6052 1.7739 -9.3732
SCALE 1 1 1
X 0.7902 -0.4026 0.4621
Y 0.4150 0.9063 0.0801
Z -0.4510 0.1284 0.8832

PART 7
OFFSET 10.8734 3.5335 -6.3608
SCALE 1 1 1
X 0.7902 -0.4026 0.4621
Y 0.4150 0.9063 0.0801
Z -0.4510 0.1284 0.8832

PART 8
OFFSET 10.2330 2.2703 -6.5925
SCALE 1 1 1
X 0.7902 -0.4026 0.4621
Y 0.4150 0.9063 0.0801
Z -0.4510 0.1284 0.8832

PART 9
OFFSET 9.8473 1.4616 -7.4600
SCALE 1 1 1
X 0.7902 -0.4026 0.4621
Y 0.4150 0.9063 0.0801
Z -0.4510 0.1284 0.8832

PART 10
OFFSET 11.9385 1.7544 -7.2423
SCALE 1 1 1
X 0.9470 -0.3150 0.0635
Y 0.1146 0.5157 0.8491
Z -0.3002 -0.7968 0.5244

PART 11
OFFSET 12.3519 1.7832 -6.1790
SCALE 1 1 1
X 0.7108 -0.2506 0.6572
Y -0.0564 0.9111 0.4084
Z -0.7011 -0.3273 0.6335

PART 12
OFFSET 13.8411 1.3151 -4.6848
SCALE 1 1 1
X 0.8139 -0.3840 0.4360
Y -0.0205 0.7311 0.6820
Z -0.5806 -0.5640 0.5871

PART 13
OFFSET 15.0912 0.5885 -3.9558
SCALE 1 1 1
X 0.7300 -0.3687 0.5755
Y -0.0570 0.8062 0.5889
Z -0.6811 -0.4627 0.5675

PART 14
OFFSET 15.8485 0.1823 -3.2975
SCALE 1 1 1
X 0.9646 0.1912 0.1816
Y 0.1129 0.3231 -0.9396
Z -0.2383 0.9269 0.2901

PART 15
OFFSET 12.5564 0.7747 -7.9918
SCALE 1 1 1
X 0.6272 -0.7650 -0.1465
Y -0.5441 -0.5649 0.6204
Z -0.5573 -0.3094 -0.7705

PART 16
OFFSET 13.9801 -0.9682 -8.1326
SCALE 1 1 1
X 0.6343 -0.7722 0.0352
Y -0.4275 -0.3125 0.8483
Z -0.6441 -0.5531 -0.5284

PART 17
OFFSET 14.8782 -2.0616 -8.0828
SCALE 1 1 1
X 0.5746 -0.7904 0.2124
Y -0.5559 -0.1864 0.8101
Z -0.6007 -0.5835 -0.5465

PART 18
OFFSET 15.3876 -2.7624 -7.8945
SCALE 1 1 1
X 0.5313 -0.8041 0.2667
Y -0.5532 -0.0909 0.8281
Z -0.6416 -0.5875 -0.4931

PART 19
OFFSET 15.8924 -3.5263 -7.6411
SCALE 1 1 1
X 0.0337 0.7570 -0.6525
Y -0.8406 0.3746 0.3912
Z 0.5406 0.5353 0.6490

PART 20
OFFSET 12.8828 1.1594 -7.4868
SCALE 1 1 1
X 0.7811 -0.6222 -0.0529
Y -0.5115 -0.6861 0.5173
Z -0.3581 -0.3770 -0.8542

PART 21
OFFSET 14.8681 -0.4962 -7.7624
SCALE 1 1 1
X 0.6999 -0.7039 -0.1216
Y -0.4264 -0.5483 0.7194
Z -0.5730 -0.4516 -0.6839

PART 22
OFFSET 16.0596 -1.6946 -7.9695
SCALE 1 1 1
X 0.6359 -0.7717 0.0131
Y -0.5408 -0.4334 0.7209
Z -0.5506 -0.4655 -0.6929

PART 23
OFFSET 16.9409 -2.7641 -7.9513
SCALE 1 1 1
X 0.5993 -0.7989 0.0514
Y -0.5775 -0.3870 0.7188
Z -0.5544 -0.4605 -0.6933

PART 24
OFFSET 17.5908 -3.6305 -7.8955
SCALE 1 1 1
X -0.1883 0.8529 -0.4868
Y -0.7923 0.1610 0.5886
Z 0.5804 0.4966 0.6454

PART 25
OFFSET 14.8789 1.1751 -5.4175
SCALE 1 1 1
X 0.7854 -0.6177 0.0413
Y 0.5666 0.6904 -0.4498
Z 0.2493 0.3766 0.8922

PART 26
OFFSET 15.8265 1.2121 -6.5496
SCALE 1 1 1
X 0.8872 -0.3371 -0.3150
Y -0.1556 -0.8614 0.4836
Z -0.4344 -0.3800 -0.8166

PART 27
OFFSET 17.3885 0.6186 -7.1043
SCALE 1 1 1
X 0.8197 -0.5334 -0.2086
Y -0.3790 -0.7782 0.5007
Z -0.4294 -0.3314 -0.8401

PART 28
OFFSET 18.4111 -0.0098 -7.3068
SCALE 1 1 1
X 0.8081 -0.5807 -0.0990
Y -0.4511 -0.7182 0.5298
Z -0.3788 -0.3835 -0.8423

PART 29
OFFSET 19.3239 -0.6657 -7.4186
SCALE 1 1 1
X 0.0377 0.7295 -0.6830
Y -0.8478 0.3852 0.3646
Z 0.5290 0.5653 0.6329

PART 30
OFFSET 15.5473 0.5433 -7.3834
SCALE 1 1 1
X 0.8302 -0.5026 -0.2413
Y -0.2563 -0.7284 0.6354
Z -0.4951 -0.4657 -0.7335

PART 31
OFFSET 17.1690 -0.4386 -7.8547
SCALE 1 1 1
X 0.7712 -0.6096 -0.1837
Y -0.3501 -0.6470 0.6773
Z -0.5317 -0.4580 -0.7124

PART 32
OFFSET 18.2954 -1.3289 -8.1230
SCALE 1 1 1
X 0.7303 -0.6669 -0.1479
Y -0.3771 -0.5741 0.7268
Z -0.5696 -0.4750 -0.6708

PART 33
OFFSET 19.1188 -2.0872 -8.2958
SCALE 1 1 1
X -0.2827 0.9084 -0.3079
Y -0.7990 -0.0454 0.5996
Z 0.5307 0.4155 0.7387

PART 34
OFFSET 13.9867 -0.5917 -6.7287
SCALE 1 1 1
X -0.4434 -0.3702 -0.8163
Y 0.3002 0.7968 -0.5244
Z 0.8445 -0.4776 -0.2422

PART 35
OFFSET 7.9508 -2.8242 -5.2312
SCALE 1 1 1
X 0.9994 -0.0165 0.0306
Y 0.0151 0.9989 0.0454
Z -0.0313 -0.0449 0.9985

PART 36
OFFSET -13.3341 -6.7471 -6.3406
SCALE 1 1 1
X -0.8375 0.3517 0.4182
Y -0.1724 -0.8963 0.4086
Z 0.5186 0.2701 0.8112

PART 37
OFFSET -3.2058 -11.0009 -11.3988
SCALE 1 1 1
X -0.6440 -0.6344 -0.4276
Y 0.7562 -0.4430 -0.4815
Z 0.1161 -0.6334 0.7651

PART 38
OFFSET 2.2713 -5.6048 -7.7622
SCALE 1 1 1
X -0.6440 -0.6344 -0.4276
Y 0.6164 -0.0991 -0.7812
Z 0.4532 -0.7666 0.4549

PART 39
OFFSET 2.5650 -3.6139 -7.7953
SCALE 1 1 1
X -0.6488 -0.6300 -0.4268
Y -0.1251 0.6415 -0.7569
Z 0.7506 -0.4376 -0.4950

PART 40
OFFSET 2.2151 -3.4385 -6.6317
SCALE 1 1 1
X -0.6488 -0.6300 -0.4268
Y -0.1251 0.6415 -0.7569
Z 0.7506 -0.4376 -0.4950

PART 41
OFFSET 2.5502 -4.3494 -5.5538
SCALE 1 1 1
X -0.6488 -0.6300 -0.4268
Y -0.1251 0.6415 -0.7569
Z 0.7506 -0.4376 -0.4950

PART 42
OFFSET 4.2455 -3.6597 -6.4514
SCALE 1 1 1
X -0.9930 0.1074 -0.0490
Y 0.0516 0.0221 -0.9984
Z -0.1061 -0.9940 -0.0275

PART 43
OFFSET 4.6859 -3.3213 -5.4546
SCALE 1 1 1
X -0.7614 -0.5926 -0.2630
Y 0.1035 0.2894 -0.9516
Z 0.6400 -0.7517 -0.1590

PART 44
OFFSET 6.2830 -2.0296 -4.7833
SCALE 1 1 1
X -0.6146 -0.3210 0.7206
Y -0.6064 -0.3921 -0.6918
Z 0.5046 -0.8621 0.0464

PART 45
OFFSET 7.1824 -1.4382 -5.9931
SCALE 1 1 1
X 0.2551 0.0603 0.9650
Y -0.8016 -0.5450 0.2460
Z 0.5407 -0.8363 -0.0907

PART 46
OFFSET 6.8954 -1.4560 -7.0367
SCALE 1 1 1
X -0.3242 0.4694 0.8213
Y -0.3182 0.7635 -0.5620
Z -0.8909 -0.4435 -0.0982

PART 47
OFFSET 5.1625 -3.5260 -7.4735
SCALE 1 1 1
X -0.8453 0.0825 0.5280
Y -0.0805 -0.9964 0.0267
Z 0.5283 -0.0199 0.8488

PART 48
OFFSET 7.1485 -3.5920 -8.5394
SCALE 1 1 1
X -0.4224 -0.9064 -0.0026
Y 0.7958 -0.3694 -0.4799
Z 0.4340 -0.2047 0.8773

PART 49
OFFSET 7.7465 -2.3087 -8.5358
SCALE 1 1 1
X 0.7027 -0.5439 -0.4586
Y 0.5933 0.8038 -0.0442
Z 0.3926 -0.2410 0.8876

PART 50
OFFSET 7.1234 -1.8265 -8.1292
SCALE 1 1 1
X 0.8830 0.2992 -0.3618
Y -0.1995 0.9367 0.2878
Z 0.4250 -0.1820 0.8867

PART 51
OFFSET 6.2845 -2.1107 -7.7855
SCALE 1 1 1
X -0.6116 -0.7905 -0.0322
Y -0.6651 0.4916 0.5621
Z -0.4286 0.3652 -0.8264

PART 52
OFFSET 5.3318 -3.7031 -6.8030
SCALE 1 1 1
