// Export filename: `C:/Program Files/Activision/Call of Duty 4 - Modern Warfare/xanim_export/viewmodels/M16/m16_sprint_out.XANIM_EXPORT`
// Source filename: `C:/Program Files/Activision/Call of Duty 4 - Modern Warfare/bin/maya/animation_src/viewmodel/m16/viewmodel_m16_animation.mb`
// Export time: Mon Jan 07 16:17:01 2008

ANIMATION
VERSION 3

NUMPARTS 78
PART 0 "tag_ads"
PART 1 "tag_torso"
PART 2 "J_Shoulder_LE"
PART 3 "J_Elbow_LE"
PART 4 "J_WristTwist_LE"
PART 5 "J_Sleave_Reshape_Bottom_LE_1"
PART 6 "J_Sleave_Reshape_Bottom_LE_2"
PART 7 "J_Sleave_Reshape_Top_LE_1"
PART 8 "J_Sleave_Reshape_Top_LE_2"
PART 9 "J_Sleave_Reshape_Top_LE_3"
PART 10 "J_Wrist_LE"
PART 11 "J_Thumb_LE_0"
PART 12 "J_Thumb_LE_1"
PART 13 "J_Thumb_LE_2"
PART 14 "J_Thumb_LE_3"
PART 15 "J_PinkyPalm_LE"
PART 16 "J_Pinky_LE_0"
PART 17 "J_Pinky_LE_1"
PART 18 "J_Pinky_LE_2"
PART 19 "J_Pinky_LE_3"
PART 20 "J_RingPalm_LE"
PART 21 "J_Ring_LE_0"
PART 22 "J_Ring_LE_1"
PART 23 "J_Ring_LE_2"
PART 24 "J_Ring_LE_3"
PART 25 "J_Webbing_LE"
PART 26 "J_Index_LE_0"
PART 27 "J_Index_LE_1"
PART 28 "J_Index_LE_2"
PART 29 "J_Index_LE_3"
PART 30 "J_Mid_LE_0"
PART 31 "J_Mid_LE_1"
PART 32 "J_Mid_LE_2"
PART 33 "J_Mid_LE_3"
PART 34 "tag_knife_attach"
PART 35 "tag_weapon"
PART 36 "J_Shoulder_RI"
PART 37 "J_Elbow_RI"
PART 38 "J_WristTwist_RI"
PART 39 "J_Sleave_Reshape_Top_RI_3"
PART 40 "J_Sleave_Reshape_Top_RI_2"
PART 41 "J_Sleave_Reshape_Top_RI_1"
PART 42 "J_Wrist_RI"
PART 43 "J_Thumb_RI_0"
PART 44 "J_Thumb_RI_1"
PART 45 "J_Thumb_RI_2"
PART 46 "J_Thumb_RI_3"
PART 47 "J_PinkyPalm_RI"
PART 48 "J_Pinky_RI_0"
PART 49 "J_Pinky_RI_1"
PART 50 "J_Pinky_RI_2"
PART 51 "J_Pinky_RI_3"
PART 52 "J_RingPalm_RI"
PART 53 "J_Ring_RI_0"
PART 54 "J_Ring_RI_1"
PART 55 "J_Ring_RI_2"
PART 56 "J_Ring_RI_3"
PART 57 "J_Webbing_RI"
PART 58 "J_Index_RI_0"
PART 59 "J_Index_RI_1"
PART 60 "J_Index_RI_2"
PART 61 "J_Index_RI_3"
PART 62 "J_Mid_RI_0"
PART 63 "J_Mid_RI_1"
PART 64 "J_Mid_RI_2"
PART 65 "J_Mid_RI_3"
PART 66 "tag_cambone"
PART 67 "tag_camera"
PART 68 "tag_gasmask"
PART 69 "tag_gasmask2"
PART 70 "J_Gun"
PART 71 "TAG_BRASS"
PART 72 "TAG_FLASH"
PART 73 "TAG_CLIP"
PART 74 "J_Clip_Release"
PART 75 "TAG_REFLEX_SIGHT"
PART 76 "TAG_ACOG"
PART 77 "TAG_IRON_SIGHT"

FRAMERATE 30
NUMFRAMES 11

FRAME 450
PART 0
OFFSET 0.0000 0.0000 0.0000
SCALE 1 1 1
X 1.0000 0.0000 0.0000
Y 0.0000 1.0000 0.0000
Z 0.0000 0.0000 1.0000

PART 1
OFFSET -7.6807 -2.7496 1.5396
SCALE 1 1 1
X 1.0000 0.0000 0.0000
Y 0.0000 1.0000 0.0000
Z 0.0000 0.0000 1.0000

PART 2
OFFSET -3.2935 7.8562 -2.5136
SCALE 1 1 1
X 0.3670 -0.0539 -0.9287
Y 0.0669 -0.9942 0.0841
Z -0.9278 -0.0930 -0.3613

PART 3
OFFSET 1.1449 7.2043 -13.7447
SCALE 1 1 1
X 0.7805 -0.4169 0.4659
Y -0.4672 0.1063 0.8777
Z -0.4154 -0.9027 -0.1118

PART 4
OFFSET 7.7833 3.6588 -9.7820
SCALE 1 1 1
X 0.7805 -0.4169 0.4659
Y 0.4756 0.8796 -0.0097
Z -0.4058 0.2291 0.8848

PART 5
OFFSET 9.9533 4.6838 -9.5024
SCALE 1 1 1
X 0.7844 -0.4150 0.4610
Y 0.4199 0.9023 0.0978
Z -0.4565 0.1168 0.8820

PART 6
OFFSET 8.8580 2.4432 -10.4932
SCALE 1 1 1
X 0.7844 -0.4150 0.4610
Y 0.4199 0.9023 0.0978
Z -0.4565 0.1168 0.8820

PART 7
OFFSET 9.2654 4.3599 -7.5183
SCALE 1 1 1
X 0.7844 -0.4150 0.4610
Y 0.4199 0.9023 0.0978
Z -0.4565 0.1168 0.8820

PART 8
OFFSET 8.4707 2.8979 -7.7088
SCALE 1 1 1
X 0.7844 -0.4150 0.4610
Y 0.4199 0.9023 0.0978
Z -0.4565 0.1168 0.8820

PART 9
OFFSET 7.5932 1.6052 -8.2135
SCALE 1 1 1
X 0.7844 -0.4150 0.4610
Y 0.4199 0.9023 0.0978
Z -0.4565 0.1168 0.8820

PART 10
OFFSET 10.1760 2.3808 -8.3536
SCALE 1 1 1
X 0.5808 0.8140 -0.0104
Y -0.8136 0.5801 -0.0394
Z -0.0260 0.0313 0.9992

PART 11
OFFSET 9.6414 3.3196 -7.9861
SCALE 1 1 1
X 0.2931 0.9539 0.0651
Y -0.8128 0.2845 -0.5083
Z -0.5033 0.0961 0.8587

PART 12
OFFSET 10.1648 5.4117 -7.8486
SCALE 1 1 1
X 0.6054 0.7943 0.0510
Y -0.7538 0.5928 -0.2834
Z -0.2553 0.1332 0.9577

PART 13
OFFSET 11.1586 6.6735 -7.6421
SCALE 1 1 1
X 0.2965 0.9536 0.0530
Y -0.8770 0.2938 -0.3803
Z -0.3782 0.0663 0.9233

PART 14
OFFSET 11.4470 7.7127 -7.5491
SCALE 1 1 1
X 0.2811 0.7219 -0.6324
Y 0.3785 -0.6889 -0.6182
Z -0.8819 -0.0656 -0.4669

PART 15
OFFSET 11.5335 2.4548 -8.1183
SCALE 1 1 1
X 0.8086 0.3902 0.4403
Y -0.4191 -0.1432 0.8966
Z 0.4129 -0.9095 0.0478

PART 16
OFFSET 13.2388 3.4465 -7.0261
SCALE 1 1 1
X -0.3716 0.2940 0.8806
Y -0.9160 -0.2707 -0.2961
Z 0.1514 -0.9167 0.3699

PART 17
OFFSET 12.7126 3.8628 -5.7793
SCALE 1 1 1
X -0.8915 0.0572 0.4493
Y -0.4257 -0.4448 -0.7880
Z 0.1548 -0.8938 0.4209

PART 18
OFFSET 11.9222 3.9135 -5.3810
SCALE 1 1 1
X -0.9807 -0.0708 0.1823
Y -0.1424 -0.3808 -0.9136
Z 0.1341 -0.9220 0.3633

PART 19
OFFSET 10.9905 3.8463 -5.2077
SCALE 1 1 1
X 0.8201 0.4265 0.3815
Y 0.5405 -0.3584 -0.7612
Z -0.1879 0.8304 -0.5245

PART 20
OFFSET 11.1241 3.0150 -8.2863
SCALE 1 1 1
X 0.7572 0.5962 0.2668
Y -0.2098 -0.1649 0.9637
Z 0.6185 -0.7858 0.0002

PART 21
OFFSET 13.1859 4.4491 -7.6150
SCALE 1 1 1
X 0.0887 0.1988 0.9760
Y -0.9802 -0.1568 0.1210
Z 0.1770 -0.9674 0.1810

PART 22
OFFSET 13.3369 4.7876 -5.9534
SCALE 1 1 1
X -0.9124 -0.0928 0.3986
Y -0.3638 -0.2625 -0.8937
Z 0.1876 -0.9604 0.2058

PART 23
OFFSET 12.0723 4.6590 -5.4009
SCALE 1 1 1
X -0.9811 -0.1899 0.0372
Y 0.0030 -0.2070 -0.9783
Z 0.1934 -0.9597 0.2037

PART 24
OFFSET 11.0083 4.4531 -5.3606
SCALE 1 1 1
X 0.8117 0.2266 0.5384
Y 0.5564 -0.0194 -0.8307
Z -0.1778 0.9738 -0.1418

PART 25
OFFSET 10.6607 5.8279 -7.9127
SCALE 1 1 1
X 0.6966 0.6624 0.2757
Y 0.1619 0.2292 -0.9598
Z -0.6990 0.7132 0.0525

PART 26
OFFSET 11.8352 5.9783 -8.7952
SCALE 1 1 1
X 0.9141 0.3855 0.1256
Y -0.1484 0.0297 0.9885
Z 0.3774 -0.9222 0.0843

PART 27
OFFSET 13.4446 6.6571 -8.5740
SCALE 1 1 1
X 0.2856 0.1486 0.9468
Y -0.8795 -0.3517 0.3205
Z 0.3806 -0.9242 0.0303

PART 28
OFFSET 13.7687 6.8940 -7.4249
SCALE 1 1 1
X -0.5692 -0.1461 0.8091
Y -0.7282 -0.3673 -0.5786
Z 0.3817 -0.9185 0.1027

PART 29
OFFSET 13.1257 6.7290 -6.5110
SCALE 1 1 1
X 0.9500 0.1208 0.2879
Y 0.2690 0.1510 -0.9512
Z -0.1584 0.9811 0.1110

PART 30
OFFSET 12.6512 5.2679 -8.5722
SCALE 1 1 1
X 0.5505 0.3556 0.7553
Y -0.7368 -0.2183 0.6399
Z 0.3924 -0.9088 0.1418

PART 31
OFFSET 13.7267 5.9626 -7.0967
SCALE 1 1 1
X -0.6923 -0.1745 0.7002
Y -0.6267 -0.3357 -0.7032
Z 0.3578 -0.9257 0.1230

PART 32
OFFSET 12.7156 5.7077 -6.0739
SCALE 1 1 1
X -0.8688 -0.2888 0.4021
Y -0.3573 -0.1963 -0.9131
Z 0.3427 -0.9370 0.0674

PART 33
OFFSET 11.7342 5.3741 -5.6174
SCALE 1 1 1
X 0.8725 0.4068 0.2706
Y 0.3106 -0.0343 -0.9499
Z -0.3771 0.9129 -0.1562

PART 34
OFFSET 12.1495 4.3228 -6.8380
SCALE 1 1 1
X 0.5544 -0.8313 0.0405
Y 0.0260 -0.0313 -0.9992
Z 0.8319 0.5549 0.0043

PART 35
OFFSET 9.0898 -3.9649 -5.9559
SCALE 1 1 1
X 0.4252 0.8713 -0.2451
Y -0.7647 0.2009 -0.6123
Z -0.4843 0.4477 0.7517

PART 36
OFFSET -13.3341 -6.7471 -6.3406
SCALE 1 1 1
X -0.9391 0.2506 0.2349
Y -0.2316 -0.9670 0.1059
Z 0.2537 0.0450 0.9662

PART 37
OFFSET -1.9762 -9.7784 -9.1820
SCALE 1 1 1
X -0.9265 -0.1642 -0.3386
Y 0.3698 -0.5644 -0.7381
Z -0.0699 -0.8090 0.5836

PART 38
OFFSET 5.9040 -8.3820 -6.3019
SCALE 1 1 1
X -0.9265 -0.1642 -0.3386
Y 0.3679 -0.5843 -0.7233
Z -0.0791 -0.7947 0.6018

PART 39
OFFSET 7.0421 -6.7992 -5.9364
SCALE 1 1 1
X -0.9285 -0.1586 -0.3358
Y 0.0672 0.8175 -0.5720
Z 0.3652 -0.5536 -0.7484

PART 40
OFFSET 7.0006 -6.6782 -4.7470
SCALE 1 1 1
X -0.9285 -0.1586 -0.3358
Y 0.0672 0.8175 -0.5720
Z 0.3652 -0.5536 -0.7484

PART 41
OFFSET 7.0833 -7.8691 -4.1021
SCALE 1 1 1
X -0.9285 -0.1586 -0.3358
Y 0.0672 0.8175 -0.5720
Z 0.3652 -0.5536 -0.7484

PART 42
OFFSET 8.7443 -7.8787 -5.2638
SCALE 1 1 1
X -0.4812 -0.8596 0.1719
Y 0.5100 -0.4340 -0.7426
Z 0.7130 -0.2697 0.6472

PART 43
OFFSET 8.1759 -6.9624 -4.8902
SCALE 1 1 1
X 0.2505 -0.8801 0.4034
Y 0.3084 -0.3224 -0.8949
Z 0.9177 0.3486 0.1907

PART 44
OFFSET 7.5536 -5.0505 -5.6820
SCALE 1 1 1
X -0.3871 -0.2338 0.8919
Y 0.3834 -0.9205 -0.0749
Z 0.8386 0.3129 0.4459

PART 45
OFFSET 8.1074 -4.7630 -7.1763
SCALE 1 1 1
X -0.4234 0.6953 0.5807
Y -0.0596 -0.6610 0.7480
Z 0.9040 0.2822 0.3213

PART 46
OFFSET 8.5249 -5.5166 -7.8317
SCALE 1 1 1
X -0.9055 0.1958 0.3764
Y -0.4243 -0.4180 -0.8032
Z 0.0000 -0.8871 0.4616

PART 47
OFFSET 9.5536 -7.5616 -6.3353
SCALE 1 1 1
X -0.6907 -0.4581 0.5595
Y 0.6983 -0.2219 0.6805
Z -0.1876 0.8608 0.4732

PART 48
OFFSET 10.9926 -6.3797 -7.6069
SCALE 1 1 1
X 0.4992 -0.5150 0.6968
Y 0.8602 0.3911 -0.3273
Z -0.1039 0.7628 0.6383

PART 49
OFFSET 10.2858 -5.6505 -8.5934
SCALE 1 1 1
X 0.9403 0.2924 -0.1743
Y -0.3255 0.6224 -0.7119
Z -0.0996 0.7261 0.6804

PART 50
OFFSET 9.4521 -5.9098 -8.4388
SCALE 1 1 1
X 0.3371 0.6342 -0.6958
Y -0.9325 0.1231 -0.3395
Z -0.1296 0.7633 0.6329

PART 51
OFFSET 9.1319 -6.5123 -7.7777
SCALE 1 1 1
X 0.3463 -0.6728 0.6538
Y -0.9373 -0.2187 0.2715
Z -0.0397 -0.7068 -0.7063

PART 52
OFFSET 9.4200 -7.1217 -5.7892
SCALE 1 1 1
X -0.6388 -0.6761 0.3672
Y 0.6737 -0.2610 0.6914
Z -0.3716 0.6890 0.6222

PART 53
OFFSET 11.1481 -5.4752 -6.8193
SCALE 1 1 1
X 0.3673 -0.4213 0.8292
Y 0.8974 0.3947 -0.1970
Z -0.2443 0.8165 0.5230

PART 54
OFFSET 10.5227 -4.7580 -8.2310
SCALE 1 1 1
X 0.9015 0.3940 -0.1788
Y -0.3587 0.4495 -0.8181
Z -0.2420 0.8017 0.5465

PART 55
OFFSET 9.2732 -5.3040 -7.9833
SCALE 1 1 1
X 0.4946 0.5905 -0.6377
Y -0.8331 0.1132 -0.5414
Z -0.2475 0.7990 0.5480

PART 56
OFFSET 8.7368 -5.9445 -7.2917
SCALE 1 1 1
X 0.0585 -0.5092 0.8587
Y -0.9546 -0.2801 -0.1011
Z 0.2920 -0.8138 -0.5025

PART 57
OFFSET 6.6923 -11.2337 -3.5735
SCALE 1 1 1
X -0.3532 -0.7998 0.4853
Y -0.8015 -0.0089 -0.5979
Z 0.4825 -0.6002 -0.6380

PART 58
OFFSET 10.4998 -4.3022 -5.1330
SCALE 1 1 1
X -0.2330 -0.8697 0.4351
Y 0.8129 0.0714 0.5780
Z -0.5338 0.4884 0.6903

PART 59
OFFSET 10.9100 -2.7710 -5.8991
SCALE 1 1 1
X -0.2904 -0.8722 0.3936
Y 0.7643 0.0361 0.6439
Z -0.5758 0.4878 0.6561

PART 60
OFFSET 11.2281 -1.6810 -6.3377
SCALE 1 1 1
X -0.3571 -0.8989 0.2539
Y 0.7329 -0.1011 0.6728
Z -0.5791 0.4264 0.6949

PART 61
OFFSET 11.6314 -0.6657 -6.6245
SCALE 1 1 1
X -0.7082 0.5038 -0.4946
Y 0.6340 0.7620 -0.1317
Z 0.3105 -0.4068 -0.8591

PART 62
OFFSET 10.8739 -4.8164 -6.0364
SCALE 1 1 1
X 0.3613 -0.4148 0.8351
Y 0.8218 0.5648 -0.0751
Z -0.4405 0.7134 0.5449

PART 63
OFFSET 10.1680 -4.0061 -7.6678
SCALE 1 1 1
X 0.8321 0.5492 -0.0773
Y -0.3374 0.3906 -0.8565
Z -0.4402 0.7388 0.5103

PART 64
OFFSET 8.9526 -4.8083 -7.5550
SCALE 1 1 1
X 0.4189 0.6609 -0.6227
Y -0.7713 -0.1030 -0.6281
Z -0.4792 0.7434 0.4666

PART 65
OFFSET 8.4811 -5.5621 -6.8534
SCALE 1 1 1
X 0.2021 -0.4885 0.8488
Y -0.8932 -0.4474 -0.0448
Z 0.4016 -0.7492 -0.5267

PART 66
OFFSET 0.0000 0.0000 0.0000
SCALE 1 1 1
X 1.0000 0.0000 0.0000
Y 0.0000 1.0000 0.0000
Z 0.0000 0.0000 1.0000

PART 67
OFFSET 0.0000 0.0000 0.0000
SCALE 1 1 1
X 1.0000 0.0000 0.0000
Y 0.0000 1.0000 0.0000
Z 0.0000 0.0000 1.0000

PART 68
OFFSET 1.5404 0.0000 4.1357
SCALE 1 1 1
X 1.0000 0.0000 0.0000
Y 0.0000 1.0000 0.0000
Z 0.0000 0.0000 1.0000

PART 69
OFFSET -4.6318 0.0000 -1.3770
SCALE 1 1 1
X 1.0000 0.0000 0.0000
Y 0.0000 1.0000 0.0000
Z 0.0000 0.0000 1.0000

PART 70
OFFSET 9.0898 -3.9649 -5.9559
SCALE 1 1 1
X 0.4252 0.8713 -0.2451
Y -0.7647 0.2009 -0.6123
Z -0.4843 0.4477 0.7517

PART 71
OFFSET 10.4798 0.8686 -4.9780
SCALE 1 1 1
X 0.3486 0.0922 0.9327
Y 0.4252 0.8713 -0.2451
Z -0.8353 0.4820 0.2645

PART 72
OFFSET 19.6480 21.3060 -10.8750
SCALE 1 1 1
X 0.4252 0.8713 -0.2451
Y -0.7647 0.2009 -0.6123
Z -0.4843 0.4477 0.7517

PART 73
OFFSET 10.2993 0.3500 -6.0368
SCALE 1 1 1
X 0.4252 0.8713 -0.2451
Y -0.7647 0.2009 -0.6123
Z -0.4843 0.4477 0.7517

PART 74
OFFSET 7.1517 -3.7977 -3.4807
SCALE 1 1 1
X 0.4252 0.8713 -0.2451
Y -0.7647 0.2009 -0.6123
Z -0.4843 0.4477 0.7517

PART 75
OFFSET 8.2490 -0.8793 -3.8935
SCALE 1 1 1
X 0.4252 0.8713 -0.2451
Y -0.7647 0.2009 -0.6123
Z -0.4843 0.4477 0.7517

PART 76
OFFSET 8.2490 -0.8793 -3.8935
SCALE 1 1 1
X 0.4252 0.8713 -0.2451
Y -0.7647 0.2009 -0.6123
Z -0.4843 0.4477 0.7517

PART 77
OFFSET 8.2490 -0.8793 -3.8935
SCALE 1 1 1
X 0.4252 0.8713 -0.2451
Y -0.7647 0.2009 -0.6123
Z -0.4843 0.4477 0.7517


FRAME 451
PART 0
OFFSET 0.0000 0.0000 0.0000
SCALE 1 1 1
X 1.0000 0.0000 0.0000
Y 0.0000 1.0000 0.0000
Z 0.0000 0.0000 1.0000

PART 1
OFFSET -7.6807 -2.7496 1.5396
SCALE 1 1 1
X 1.0000 0.0000 0.0000
Y 0.0000 1.0000 0.0000
Z 0.0000 0.0000 1.0000

PART 2
OFFSET -3.2891 7.8894 -2.5036
SCALE 1 1 1
X 0.3844 -0.0651 -0.9208
Y 0.0555 -0.9941 0.0935
Z -0.9215 -0.0870 -0.3786

PART 3
OFFSET 1.3603 7.1018 -13.6403
SCALE 1 1 1
X 0.7753 -0.4224 0.4696
Y -0.4700 0.1109 0.8757
Z -0.4220 -0.8996 -0.1126

PART 4
OFFSET 7.9543 3.5088 -9.6464
SCALE 1 1 1
X 0.7753 -0.4224 0.4696
Y 0.4715 0.8817 0.0148
Z -0.4203 0.2099 0.8828

PART 5
OFFSET 10.1310 4.5172 -9.3589
SCALE 1 1 1
X 0.7792 -0.4206 0.4646
Y 0.4265 0.8991 0.0986
Z -0.4592 0.1213 0.8800

PART 6
OFFSET 9.0224 2.2841 -10.3519
SCALE 1 1 1
X 0.7792 -0.4206 0.4646
Y 0.4265 0.8991 0.0986
Z -0.4592 0.1213 0.8800

PART 7
OFFSET 9.4325 4.2008 -7.3774
SCALE 1 1 1
X 0.7792 -0.4206 0.4646
Y 0.4265 0.8991 0.0986
Z -0.4592 0.1213 0.8800

PART 8
OFFSET 8.6271 2.7448 -7.5696
SCALE 1 1 1
X 0.7792 -0.4206 0.4646
Y 0.4265 0.8991 0.0986
Z -0.4592 0.1213 0.8800

PART 9
OFFSET 7.7417 1.4585 -8.0766
SCALE 1 1 1
X 0.7792 -0.4206 0.4646
Y 0.4265 0.8991 0.0986
Z -0.4592 0.1213 0.8800

PART 10
OFFSET 10.3311 2.2137 -8.2068
SCALE 1 1 1
X 0.6231 0.7820 0.0114
Y -0.7820 0.6232 -0.0095
Z -0.0145 -0.0030 0.9999

PART 11
OFFSET 9.8507 3.1657 -7.8003
SCALE 1 1 1
X 0.3440 0.9341 0.0951
Y -0.8015 0.3449 -0.4884
Z -0.4891 0.0918 0.8674

PART 12
OFFSET 10.4859 5.2210 -7.5955
SCALE 1 1 1
X 0.6472 0.7590 0.0717
Y -0.7241 0.6414 -0.2536
Z -0.2384 0.1122 0.9647

PART 13
OFFSET 11.5472 6.4205 -7.3565
SCALE 1 1 1
X 0.3472 0.9341 0.0829
Y -0.8638 0.3530 -0.3595
Z -0.3651 0.0531 0.9295

PART 14
OFFSET 11.8912 7.4391 -7.2304
SCALE 1 1 1
X 0.3128 0.7282 -0.6099
Y 0.3353 -0.6854 -0.6463
Z -0.8887 -0.0024 -0.4585

PART 15
OFFSET 11.6927 2.2076 -7.9849
SCALE 1 1 1
X 0.8325 0.3309 0.4443
Y -0.4173 -0.1528 0.8958
Z 0.3643 -0.9312 0.0109

PART 16
OFFSET 13.4591 3.0680 -6.8785
SCALE 1 1 1
X -0.3467 0.2816 0.8947
Y -0.9320 -0.2114 -0.2946
Z 0.1062 -0.9360 0.3357

PART 17
OFFSET 12.9683 3.4667 -5.6117
SCALE 1 1 1
X -0.8827 0.0881 0.4616
Y -0.4565 -0.3934 -0.7980
Z 0.1113 -0.9151 0.3875

PART 18
OFFSET 12.1856 3.5448 -5.2025
SCALE 1 1 1
X -0.9812 -0.0254 0.1914
Y -0.1715 -0.3399 -0.9247
Z 0.0886 -0.9401 0.3292

PART 19
OFFSET 11.2535 3.5207 -5.0207
SCALE 1 1 1
X 0.8454 0.3688 0.3865
Y 0.5131 -0.3591 -0.7796
Z -0.1487 0.8574 -0.4928

PART 20
OFFSET 11.3121 2.7942 -8.1283
SCALE 1 1 1
X 0.7904 0.5454 0.2787
Y -0.2088 -0.1879 0.9597
Z 0.5758 -0.8168 -0.0346

PART 21
OFFSET 13.4538 4.0926 -7.4312
SCALE 1 1 1
X 0.1086 0.1586 0.9814
Y -0.9859 -0.1090 0.1267
Z 0.1271 -0.9813 0.1445

PART 22
OFFSET 13.6387 4.3625 -5.7605
SCALE 1 1 1
X -0.9121 -0.0588 0.4057
Y -0.3859 -0.2106 -0.8982
Z 0.1382 -0.9758 0.1694

PART 23
OFFSET 12.3745 4.2811 -5.1982
SCALE 1 1 1
X -0.9894 -0.1390 0.0419
Y -0.0176 -0.1715 -0.9850
Z 0.1441 -0.9753 0.1673

PART 24
OFFSET 11.3015 4.1303 -5.1528
SCALE 1 1 1
X 0.8278 0.1639 0.5366
Y 0.5465 -0.0188 -0.8373
Z -0.1271 0.9863 -0.1051

PART 25
OFFSET 11.0025 5.6124 -7.6507
SCALE 1 1 1
X 0.7335 0.6145 0.2906
Y 0.1644 0.2545 -0.9530
Z -0.6595 0.7468 0.0857

PART 26
OFFSET 12.1746 5.7321 -8.5411
SCALE 1 1 1
X 0.9345 0.3320 0.1284
Y -0.1369 0.0022 0.9906
Z 0.3286 -0.9433 0.0475

PART 27
OFFSET 13.8199 6.3167 -8.3150
SCALE 1 1 1
X 0.3024 0.0994 0.9480
Y -0.8938 -0.3160 0.3182
Z 0.3313 -0.9435 -0.0067

PART 28
OFFSET 14.1674 6.4950 -7.1622
SCALE 1 1 1
X -0.5682 -0.1446 0.8101
Y -0.7523 -0.3075 -0.5826
Z 0.3334 -0.9405 0.0659

PART 29
OFFSET 13.5256 6.3316 -6.2472
SCALE 1 1 1
X 0.9579 0.0602 0.2808
Y 0.2673 0.1705 -0.9484
Z -0.1049 0.9835 0.1472

PART 30
OFFSET 12.9539 4.9721 -8.3527
SCALE 1 1 1
X 0.5760 0.2989 0.7608
Y -0.7411 -0.2019 0.6404
Z 0.3450 -0.9327 0.1052

PART 31
OFFSET 14.0792 5.5560 -6.8664
SCALE 1 1 1
X -0.6936 -0.1626 0.7017
Y -0.6506 -0.2768 -0.7072
Z 0.3092 -0.9471 0.0862

PART 32
OFFSET 13.0661 5.3185 -5.8414
SCALE 1 1 1
X -0.8790 -0.2568 0.4018
Y -0.3762 -0.1445 -0.9152
Z 0.2930 -0.9556 0.0304

PART 33
OFFSET 12.0729 5.0210 -5.3855
SCALE 1 1 1
X 0.8955 0.3502 0.2745
Y 0.2990 -0.0167 -0.9541
Z -0.3296 0.9365 -0.1196

PART 34
OFFSET 12.4197 3.9935 -6.6471
SCALE 1 1 1
X 0.5098 -0.8603 0.0048
Y 0.0145 0.0030 -0.9999
Z 0.8602 0.5098 0.0140

PART 35
OFFSET 8.9327 -4.1474 -6.0210
SCALE 1 1 1
X 0.4684 0.8559 -0.2193
Y -0.7589 0.2627 -0.5959
Z -0.4524 0.4455 0.7726

PART 36
OFFSET -13.3341 -6.7471 -6.3406
SCALE 1 1 1
X -0.9205 0.2785 0.2740
Y -0.2580 -0.9600 0.1088
Z 0.2933 0.0294 0.9556

PART 37
OFFSET -2.2012 -10.1148 -9.6543
SCALE 1 1 1
X -0.9150 -0.1776 -0.3622
Y 0.3969 -0.5576 -0.7291
Z -0.0725 -0.8109 0.5807

PART 38
OFFSET 5.5814 -8.6042 -6.5733
SCALE 1 1 1
X -0.9150 -0.1776 -0.3622
Y 0.4015 -0.4881 -0.7749
Z -0.0392 -0.8545 0.5179

PART 39
OFFSET 6.6909 -7.0140 -6.1856
SCALE 1 1 1
X -0.9172 -0.1720 -0.3595
Y 0.0694 0.8193 -0.5691
Z 0.3924 -0.5469 -0.7395

PART 40
OFFSET 6.6190 -6.9258 -4.9869
SCALE 1 1 1
X -0.9172 -0.1720 -0.3595
Y 0.0694 0.8193 -0.5691
Z 0.3924 -0.5469 -0.7395

PART 41
OFFSET 6.6898 -8.0721 -4.3291
SCALE 1 1 1
X -0.9172 -0.1720 -0.3595
Y 0.0694 0.8193 -0.5691
Z 0.3924 -0.5469 -0.7395

PART 42
OFFSET 8.3865 -8.0597 -5.4628
SCALE 1 1 1
X -0.5245 -0.8386 0.1472
Y 0.4789 -0.4336 -0.7633
Z 0.7039 -0.3299 0.6290

PART 43
OFFSET 7.8713 -7.1287 -5.0507
SCALE 1 1 1
X 0.2073 -0.9059 0.3693
Y 0.2820 -0.3061 -0.9093
Z 0.9367 0.2926 0.1920

PART 44
OFFSET 7.3437 -5.1595 -5.7675
SCALE 1 1 1
X -0.3902 -0.2447 0.8876
Y 0.3332 -0.9362 -0.1117
Z 0.8584 0.2521 0.4468

PART 45
OFFSET 7.8973 -4.8485 -7.2571
SCALE 1 1 1
X -0.3802 0.6955 0.6097
Y -0.0873 -0.6832 0.7250
Z 0.9208 0.2224 0.3204

PART 46
OFFSET 8.2678 -5.5992 -7.9434
SCALE 1 1 1
X -0.8901 0.2298 0.3936
Y -0.4538 -0.3661 -0.8124
Z -0.0426 -0.9017 0.4302

PART 47
OFFSET 9.2009 -7.7477 -6.5319
SCALE 1 1 1
X -0.7086 -0.4407 0.5511
Y 0.6922 -0.2826 0.6641
Z -0.1369 0.8520 0.5053

PART 48
OFFSET 10.6882 -6.5988 -7.7779
SCALE 1 1 1
X 0.4780 -0.5652 0.6724
Y 0.8765 0.3566 -0.3234
Z -0.0570 0.7439 0.6658

PART 49
OFFSET 10.0115 -5.7986 -8.7298
SCALE 1 1 1
X 0.9527 0.2484 -0.1749
Y -0.2989 0.6637 -0.6857
Z -0.0542 0.7056 0.7066

PART 50
OFFSET 9.1667 -6.0188 -8.5747
SCALE 1 1 1
X 0.3634 0.6400 -0.6770
Y -0.9279 0.1842 -0.3240
Z -0.0826 0.7460 0.6608

PART 51
OFFSET 8.8215 -6.6268 -7.9315
SCALE 1 1 1
X 0.3165 -0.7130 0.6257
Y -0.9449 -0.1785 0.2746
Z -0.0841 -0.6781 -0.7302

PART 52
OFFSET 9.0963 -7.3212 -5.9691
SCALE 1 1 1
X -0.6702 -0.6541 0.3506
Y 0.6656 -0.3207 0.6739
Z -0.3283 0.6850 0.6503

PART 53
OFFSET 10.8992 -5.7324 -6.9609
SCALE 1 1 1
X 0.3525 -0.4694 0.8096
Y 0.9152 0.3536 -0.1935
Z -0.1954 0.8091 0.5542

PART 54
OFFSET 10.2990 -4.9332 -8.3391
SCALE 1 1 1
X 0.9194 0.3520 -0.1753
Y -0.3423 0.4967 -0.7976
Z -0.1937 0.7933 0.5772

PART 55
OFFSET 9.0248 -5.4211 -8.0961
SCALE 1 1 1
X 0.5190 0.5860 -0.6223
Y -0.8312 0.1763 -0.5273
Z -0.1993 0.7909 0.5786

PART 56
OFFSET 8.4619 -6.0567 -7.4213
SCALE 1 1 1
X 0.0398 -0.5419 0.8395
Y -0.9691 -0.2256 -0.0997
Z 0.2434 -0.8096 -0.5341

PART 57
OFFSET 6.1758 -11.3600 -3.8675
SCALE 1 1 1
X -0.3904 -0.7969 0.4610
Y -0.8067 0.0548 -0.5884
Z 0.4436 -0.6016 -0.6642

PART 58
OFFSET 10.3308 -4.5878 -5.2269
SCALE 1 1 1
X -0.2745 -0.8712 0.4070
Y 0.8212 0.0078 0.5706
Z -0.5003 0.4909 0.7133

PART 59
OFFSET 10.8141 -3.0540 -5.9436
SCALE 1 1 1
X -0.3324 -0.8692 0.3661
Y 0.7714 -0.0272 0.6358
Z -0.5426 0.4938 0.6795

PART 60
OFFSET 11.1853 -1.9674 -6.3474
SCALE 1 1 1
X -0.4018 -0.8873 0.2264
Y 0.7331 -0.1635 0.6602
Z -0.5488 0.4313 0.7162

PART 61
OFFSET 11.6392 -0.9652 -6.6031
SCALE 1 1 1
X -0.6853 0.5578 -0.4683
Y 0.6723 0.7317 -0.1123
Z 0.2800 -0.3917 -0.8764

PART 62
OFFSET 10.6681 -5.0884 -6.1522
SCALE 1 1 1
X 0.3469 -0.4628 0.8157
Y 0.8499 0.5230 -0.0648
Z -0.3966 0.7158 0.5748

PART 63
OFFSET 9.9903 -4.1843 -7.7458
SCALE 1 1 1
X 0.8593 0.5069 -0.0677
Y -0.3245 0.4382 -0.8382
Z -0.3953 0.7423 0.5411

PART 64
OFFSET 8.7352 -4.9247 -7.6470
SCALE 1 1 1
X 0.4473 0.6597 -0.6040
Y -0.7818 -0.0396 -0.6222
Z -0.4344 0.7505 0.4980

PART 65
OFFSET 8.2311 -5.6772 -6.9668
SCALE 1 1 1
X 0.1842 -0.5285 0.8287
Y -0.9161 -0.3977 -0.0500
Z 0.3561 -0.7500 -0.5574

PART 66
OFFSET 0.0000 0.0000 0.0000
SCALE 1 1 1
X 1.0000 0.0000 0.0000
Y 0.0000 1.0000 0.0000
Z 0.0000 0.0000 1.0000

PART 67
OFFSET 0.0000 0.0000 0.0000
SCALE 1 1 1
X 1.0000 0.0000 0.0000
Y 0.0000 1.0000 0.0000
Z 0.0000 0.0000 1.0000

PART 68
OFFSET 1.5404 0.0000 4.1357
SCALE 1 1 1
X 1.0000 0.0000 0.0000
Y 0.0000 1.0000 0.0000
Z 0.0000 0.0000 1.0000

PART 69
OFFSET -4.6318 0.0000 -1.3770
SCALE 1 1 1
X 1.0000 0.0000 0.0000
Y 0.0000 1.0000 0.0000
Z 0.0000 0.0000 1.0000

PART 70
OFFSET 8.9327 -4.1474 -6.0210
SCALE 1 1 1
X 0.4684 0.8559 -0.2193
Y -0.7589 0.2627 -0.5959
Z -0.4524 0.4455 0.7726

PART 71
OFFSET 10.5871 0.5680 -4.8902
SCALE 1 1 1
X 0.3622 0.0403 0.9312
Y 0.4684 0.8559 -0.2193
Z -0.8059 0.5156 0.2911

PART 72
OFFSET 20.7702 20.6907 -10.1723
SCALE 1 1 1
X 0.4684 0.8559 -0.2193
Y -0.7589 0.2627 -0.5959
Z -0.4524 0.4455 0.7726

PART 73
OFFSET 10.3689 0.0978 -5.9644
SCALE 1 1 1
X 0.4684 0.8559 -0.2193
Y -0.7589 0.2627 -0.5959
Z -0.4524 0.4455 0.7726

PART 74
OFFSET 7.0306 -3.9667 -3.5189
SCALE 1 1 1
X 0.4684 0.8559 -0.2193
Y -0.7589 0.2627 -0.5959
Z -0.4524 0.4455 0.7726

PART 75
OFFSET 8.2774 -1.0973 -3.8417
SCALE 1 1 1
X 0.4684 0.8559 -0.2193
Y -0.7589 0.2627 -0.5959
Z -0.4524 0.4455 0.7726

PART 76
OFFSET 8.2774 -1.0973 -3.8417
SCALE 1 1 1
X 0.4684 0.8559 -0.2193
Y -0.7589 0.2627 -0.5959
Z -0.4524 0.4455 0.7726

PART 77
OFFSET 8.2774 -1.0973 -3.8417
SCALE 1 1 1
X 0.4684 0.8559 -0.2193
Y -0.7589 0.2627 -0.5959
Z -0.4524 0.4455 0.7726


FRAME 452
PART 0
OFFSET 0.0000 0.0000 0.0000
SCALE 1 1 1
X 1.0000 0.0000 0.0000
Y 0.0000 1.0000 0.0000
Z 0.0000 0.0000 1.0000

PART 1
OFFSET -7.6807 -2.7496 1.5396
SCALE 1 1 1
X 1.0000 0.0000 0.0000
Y 0.0000 1.0000 0.0000
Z 0.0000 0.0000 1.0000

PART 2
OFFSET -3.2840 7.9282 -2.4921
SCALE 1 1 1
X 0.4199 -0.0858 -0.9035
Y 0.0424 -0.9926 0.1139
Z -0.9066 -0.0862 -0.4131

PART 3
OFFSET 1.7937 6.8911 -13.4192
SCALE 1 1 1
X 0.7672 -0.4240 0.4813
Y -0.4798 0.1185 0.8693
Z -0.4256 -0.8979 -0.1126

PART 4
OFFSET 8.3192 3.2847 -9.3259
SCALE 1 1 1
X 0.7672 -0.4240 0.4813
Y 0.4506 0.8903 0.0661
Z -0.4565 0.1662 0.8741

PART 5
OFFSET 10.4978 4.2828 -9.0178
SCALE 1 1 1
X 0.7712 -0.4222 0.4764
Y 0.4303 0.8973 0.0987
Z -0.4691 0.1289 0.8737

PART 6
OFFSET 9.3889 2.0502 -10.0115
SCALE 1 1 1
X 0.7712 -0.4222 0.4764
Y 0.4303 0.8973 0.0987
Z -0.4691 0.1289 0.8737

PART 7
OFFSET 9.7738 3.9815 -7.0431
SCALE 1 1 1
X 0.7712 -0.4222 0.4764
Y 0.4303 0.8973 0.0987
Z -0.4691 0.1289 0.8737

PART 8
OFFSET 8.9627 2.5289 -7.2369
SCALE 1 1 1
X 0.7712 -0.4222 0.4764
Y 0.4303 0.8973 0.0987
Z -0.4691 0.1289 0.8737

PART 9
OFFSET 8.0763 1.2446 -7.7472
SCALE 1 1 1
X 0.7712 -0.4222 0.4764
Y 0.4303 0.8973 0.0987
Z -0.4691 0.1289 0.8737

PART 10
OFFSET 10.6712 1.9849 -7.8505
SCALE 1 1 1
X 0.7120 0.7011 0.0377
Y -0.7015 0.7080 0.0812
Z 0.0302 -0.0843 0.9960

PART 11
OFFSET 10.3269 2.9489 -7.3462
SCALE 1 1 1
X 0.4572 0.8770 0.1480
Y -0.7757 0.4746 -0.4160
Z -0.4351 0.0754 0.8972

PART 12
OFFSET 11.2119 4.8929 -7.0183
SCALE 1 1 1
X 0.7357 0.6706 0.0947
Y -0.6530 0.7395 -0.1635
Z -0.1797 0.0585 0.9820

PART 13
OFFSET 12.4185 5.9379 -6.7458
SCALE 1 1 1
X 0.4596 0.8777 0.1357
Y -0.8308 0.4789 -0.2836
Z -0.3139 0.0176 0.9493

PART 14
OFFSET 12.8870 6.8961 -6.5605
SCALE 1 1 1
X 0.3697 0.7353 -0.5681
Y 0.2216 -0.6635 -0.7146
Z -0.9023 0.1382 -0.4083

PART 15
OFFSET 12.0309 1.8030 -7.7043
SCALE 1 1 1
X 0.8853 0.1942 0.4225
Y -0.3919 -0.1773 0.9028
Z 0.2502 -0.9648 -0.0808

PART 16
OFFSET 13.9356 2.3581 -6.6325
SCALE 1 1 1
X -0.2696 0.2446 0.9314
Y -0.9629 -0.0772 -0.2584
Z 0.0087 -0.9665 0.2563

PART 17
OFFSET 13.5539 2.7044 -5.3139
SCALE 1 1 1
X -0.8440 0.1508 0.5147
Y -0.5360 -0.2705 -0.7997
Z 0.0186 -0.9508 0.3092

PART 18
OFFSET 12.8056 2.8381 -4.8575
SCALE 1 1 1
X -0.9675 0.0723 0.2423
Y -0.2527 -0.2400 -0.9373
Z -0.0096 -0.9681 0.2505

PART 19
OFFSET 11.8864 2.9068 -4.6273
SCALE 1 1 1
X 0.9000 0.2354 0.3668
Y 0.4306 -0.3500 -0.8319
Z -0.0674 0.9067 -0.4164

PART 20
OFFSET 11.7171 2.4395 -7.7810
SCALE 1 1 1
X 0.8618 0.4253 0.2765
Y -0.1863 -0.2415 0.9523
Z 0.4718 -0.8722 -0.1289

PART 21
OFFSET 14.0280 3.4191 -7.1036
SCALE 1 1 1
X 0.1707 0.0624 0.9834
Y -0.9852 -0.0045 0.1713
Z 0.0151 -0.9980 0.0607

PART 22
OFFSET 14.3185 3.5253 -5.4294
SCALE 1 1 1
X -0.8935 0.0134 0.4489
Y -0.4482 -0.0888 -0.8895
Z 0.0279 -0.9960 0.0853

PART 23
OFFSET 13.0802 3.5439 -4.8074
SCALE 1 1 1
X -0.9961 -0.0266 0.0847
Y -0.0821 -0.0854 -0.9930
Z 0.0337 -0.9960 0.0829

PART 24
OFFSET 12.0000 3.5151 -4.7155
SCALE 1 1 1
X 0.8646 0.0216 0.5019
Y 0.5022 -0.0119 -0.8647
Z -0.0127 0.9997 -0.0211

PART 25
OFFSET 11.7686 5.2252 -7.0713
SCALE 1 1 1
X 0.8140 0.4993 0.2967
Y 0.1506 0.3120 -0.9381
Z -0.5610 0.8083 0.1788

PART 26
OFFSET 12.9054 5.2822 -8.0123
SCALE 1 1 1
X 0.9723 0.2100 0.1025
Y -0.0909 -0.0643 0.9938
Z 0.2153 -0.9756 -0.0434

PART 27
OFFSET 14.6173 5.6519 -7.8318
SCALE 1 1 1
X 0.3545 -0.0152 0.9349
Y -0.9099 -0.2359 0.3411
Z 0.2154 -0.9716 -0.0975

PART 28
OFFSET 15.0351 5.6924 -6.6893
SCALE 1 1 1
X -0.5444 -0.1447 0.8262
Y -0.8091 -0.1691 -0.5628
Z 0.2211 -0.9749 -0.0251

PART 29
OFFSET 14.4202 5.5289 -5.7560
SCALE 1 1 1
X 0.9699 -0.0745 0.2320
Y 0.2428 0.2166 -0.9456
Z 0.0202 0.9734 0.2281

PART 30
OFFSET 13.5959 4.4242 -7.9258
SCALE 1 1 1
X 0.6413 0.1661 0.7491
Y -0.7303 -0.1673 0.6623
Z 0.2353 -0.9718 0.0140

PART 31
OFFSET 14.8487 4.7486 -6.4624
SCALE 1 1 1
X -0.6758 -0.1390 0.7238
Y -0.7102 -0.1401 -0.6900
Z 0.1973 -0.9803 -0.0041

PART 32
OFFSET 13.8616 4.5455 -5.4052
SCALE 1 1 1
X -0.8844 -0.1859 0.4281
Y -0.4316 -0.0235 -0.9018
Z 0.1777 -0.9823 -0.0594

PART 33
OFFSET 12.8615 4.3280 -4.9201
SCALE 1 1 1
X 0.9424 0.2204 0.2515
Y 0.2516 0.0282 -0.9674
Z -0.2203 0.9750 -0.0289

PART 34
OFFSET 13.0258 3.3757 -6.2742
SCALE 1 1 1
X 0.4029 -0.9109 -0.0894
Y -0.0302 0.0843 -0.9960
Z 0.9147 0.4040 0.0064

PART 35
OFFSET 8.6219 -4.3313 -6.0889
SCALE 1 1 1
X 0.5571 0.8112 -0.1778
Y -0.7481 0.3972 -0.5316
Z -0.3606 0.4291 0.8281

PART 36
OFFSET -13.3341 -6.7471 -6.3406
SCALE 1 1 1
X -0.8826 0.3229 0.3416
Y -0.2975 -0.9464 0.1258
Z 0.3639 0.0094 0.9314

PART 37
OFFSET -2.6597 -10.6521 -10.4724
SCALE 1 1 1
X -0.8899 -0.2130 -0.4033
Y 0.4507 -0.5472 -0.7053
Z -0.0705 -0.8094 0.5830

PART 38
OFFSET 4.9093 -8.8402 -7.0418
SCALE 1 1 1
X -0.8899 -0.2130 -0.4033
Y 0.4518 -0.2894 -0.8439
Z 0.0630 -0.9332 0.3538

PART 39
OFFSET 5.9612 -7.1991 -6.6641
SCALE 1 1 1
X -0.8924 -0.2075 -0.4007
Y 0.0665 0.8178 -0.5716
Z 0.4464 -0.5368 -0.7160

PART 40
OFFSET 5.8361 -7.1662 -5.4539
SCALE 1 1 1
X -0.8924 -0.2075 -0.4007
Y 0.0665 0.8178 -0.5716
Z 0.4464 -0.5368 -0.7160

PART 41
OFFSET 5.8960 -8.3073 -4.7373
SCALE 1 1 1
X -0.8924 -0.2075 -0.4007
Y 0.0665 0.8178 -0.5716
Z 0.4464 -0.5368 -0.7160

PART 42
OFFSET 7.6374 -8.1870 -5.8053
SCALE 1 1 1
X -0.6139 -0.7816 0.1104
Y 0.3888 -0.4211 -0.8195
Z 0.6870 -0.4601 0.5624

PART 43
OFFSET 7.2563 -7.2401 -5.2951
SCALE 1 1 1
X 0.1139 -0.9513 0.2865
Y 0.2022 -0.2601 -0.9442
Z 0.9727 0.1654 0.1627

PART 44
OFFSET 6.9363 -5.1705 -5.8280
SCALE 1 1 1
X -0.3763 -0.2708 0.8860
Y 0.2134 -0.9559 -0.2016
Z 0.9016 0.1133 0.4175

PART 45
OFFSET 7.4555 -4.8030 -7.3172
SCALE 1 1 1
X -0.2664 0.6818 0.6813
Y -0.1356 -0.7263 0.6738
Z 0.9543 0.0871 0.2860

PART 46
OFFSET 7.7023 -5.5319 -8.0785
SCALE 1 1 1
X -0.8376 0.2976 0.4581
Y -0.5304 -0.2425 -0.8123
Z -0.1307 -0.9234 0.3610

PART 47
OFFSET 8.4343 -7.8836 -6.8898
SCALE 1 1 1
X -0.7307 -0.4000 0.5532
Y 0.6826 -0.4149 0.6016
Z -0.0111 0.8172 0.5762

PART 48
OFFSET 9.9907 -6.8148 -8.1227
SCALE 1 1 1
X 0.4367 -0.6705 0.5997
Y 0.8974 0.2785 -0.3422
Z 0.0624 0.6876 0.7234

PART 49
OFFSET 9.3725 -5.8655 -8.9718
SCALE 1 1 1
X 0.9668 0.1503 -0.2069
Y -0.2480 0.7484 -0.6152
Z 0.0624 0.6460 0.7608

PART 50
OFFSET 8.5153 -5.9988 -8.7883
SCALE 1 1 1
X 0.4065 0.6476 -0.6444
Y -0.9129 0.3165 -0.2578
Z 0.0370 0.6931 0.7199

PART 51
OFFSET 8.1291 -6.6140 -8.1761
SCALE 1 1 1
X 0.2568 -0.7943 0.5506
Y -0.9461 -0.0902 0.3110
Z -0.1974 -0.6008 -0.7746

PART 52
OFFSET 8.4069 -7.4961 -6.2910
SCALE 1 1 1
X -0.7272 -0.5991 0.3351
Y 0.6521 -0.4504 0.6099
Z -0.2144 0.6620 0.7182

PART 53
OFFSET 10.3404 -6.0495 -7.2540
SCALE 1 1 1
X 0.3299 -0.5726 0.7505
Y 0.9412 0.2603 -0.2152
Z -0.0721 0.7774 0.6248

PART 54
OFFSET 9.7787 -5.0746 -8.5318
SCALE 1 1 1
X 0.9461 0.2567 -0.1975
Y -0.3160 0.5974 -0.7371
Z -0.0712 0.7597 0.6463

PART 55
OFFSET 8.4675 -5.4305 -8.2580
SCALE 1 1 1
X 0.5568 0.5717 -0.6026
Y -0.8270 0.3143 -0.4660
Z -0.0770 0.7579 0.6479

PART 56
OFFSET 7.8636 -6.0505 -7.6045
SCALE 1 1 1
X 0.0124 -0.6107 0.7918
Y -0.9926 -0.1030 -0.0639
Z 0.1206 -0.7851 -0.6075

PART 57
OFFSET 5.1220 -11.3306 -4.3512
SCALE 1 1 1
X -0.4618 -0.7819 0.4188
Y -0.8200 0.1963 -0.5376
Z 0.3381 -0.5917 -0.7319

PART 58
OFFSET 9.9916 -4.9948 -5.4085
SCALE 1 1 1
X -0.3580 -0.8644 0.3531
Y 0.8411 -0.1344 0.5239
Z -0.4054 0.4846 0.7752

PART 59
OFFSET 10.6220 -3.4729 -6.0303
SCALE 1 1 1
X -0.4171 -0.8523 0.3156
Y 0.7904 -0.1688 0.5888
Z -0.4486 0.4951 0.7441

PART 60
OFFSET 11.1018 -2.4068 -6.3687
SCALE 1 1 1
X -0.4944 -0.8506 0.1789
Y 0.7372 -0.3013 0.6047
Z -0.4605 0.4309 0.7761

PART 61
OFFSET 11.6602 -1.4460 -6.5708
SCALE 1 1 1
X -0.6341 0.6701 -0.3858
Y 0.7492 0.6560 -0.0920
Z 0.1914 -0.3474 -0.9180

PART 62
OFFSET 10.2246 -5.4525 -6.3867
SCALE 1 1 1
X 0.3255 -0.5659 0.7575
Y 0.9026 0.4248 -0.0704
Z -0.2819 0.7066 0.6490

PART 63
OFFSET 9.5888 -4.3469 -7.8665
SCALE 1 1 1
X 0.9099 0.4080 -0.0751
Y -0.3072 0.5408 -0.7830
Z -0.2789 0.7355 0.6174

PART 64
OFFSET 8.2599 -4.9429 -7.7568
SCALE 1 1 1
X 0.4953 0.6514 -0.5748
Y -0.8082 0.1028 -0.5799
Z -0.3187 0.7518 0.5773

PART 65
OFFSET 7.7006 -5.6859 -7.1103
SCALE 1 1 1
X 0.1568 -0.6132 0.7742
Y -0.9584 -0.2836 -0.0306
Z 0.2384 -0.7373 -0.6322

PART 66
OFFSET 0.0000 0.0000 0.0000
SCALE 1 1 1
X 1.0000 0.0000 0.0000
Y 0.0000 1.0000 0.0000
Z 0.0000 0.0000 1.0000

PART 67
OFFSET 0.0000 0.0000 0.0000
SCALE 1 1 1
X 1.0000 0.0000 0.0000
Y 0.0000 1.0000 0.0000
Z 0.0000 0.0000 1.0000

PART 68
OFFSET 1.5404 0.0000 4.1357
SCALE 1 1 1
X 1.0000 0.0000 0.0000
Y 0.0000 1.0000 0.0000
Z 0.0000 0.0000 1.0000

PART 69
OFFSET -4.6318 0.0000 -1.3770
SCALE 1 1 1
X 1.0000 0.0000 0.0000
Y 0.0000 1.0000 0.0000
Z 0.0000 0.0000 1.0000

PART 70
OFFSET 8.6219 -4.3313 -6.0889
SCALE 1 1 1
X 0.5571 0.8112 -0.1778
Y -0.7481 0.3972 -0.5316
Z -0.3606 0.4291 0.8281

PART 71
OFFSET 10.8776 0.0510 -4.6896
SCALE 1 1 1
X 0.4059 -0.0792 0.9105
Y 0.5571 0.8112 -0.1778
Z -0.7245 0.5794 0.3734

PART 72
OFFSET 23.1460 19.2303 -8.9507
SCALE 1 1 1
X 0.5571 0.8112 -0.1778
Y -0.7481 0.3972 -0.5316
Z -0.3606 0.4291 0.8281

PART 73
OFFSET 10.5566 -0.3001 -5.7833
SCALE 1 1 1
X 0.5571 0.8112 -0.1778
Y -0.7481 0.3972 -0.5316
Z -0.3606 0.4291 0.8281

PART 74
OFFSET 6.8696 -4.1403 -3.4804
SCALE 1 1 1
X 0.5571 0.8112 -0.1778
Y -0.7481 0.3972 -0.5316
Z -0.3606 0.4291 0.8281

PART 75
OFFSET 8.4348 -1.4175 -3.6484
SCALE 1 1 1
X 0.5571 0.8112 -0.1778
Y -0.7481 0.3972 -0.5316
Z -0.3606 0.4291 0.8281

PART 76
OFFSET 8.4348 -1.4175 -3.6484
SCALE 1 1 1
X 0.5571 0.8112 -0.1778
Y -0.7481 0.3972 -0.5316
Z -0.3606 0.4291 0.8281

PART 77
OFFSET 8.4348 -1.4175 -3.6484
SCALE 1 1 1
X 0.5571 0.8112 -0.1778
Y -0.7481 0.3972 -0.5316
Z -0.3606 0.4291 0.8281


FRAME 453
PART 0
OFFSET 0.0000 0.0000 0.0000
SCALE 1 1 1
X 1.0000 0.0000 0.0000
Y 0.0000 1.0000 0.0000
Z 0.0000 0.0000 1.0000

PART 1
OFFSET -7.6807 -2.7496 1.5396
SCALE 1 1 1
X 1.0000 0.0000 0.0000
Y 0.0000 1.0000 0.0000
Z 0.0000 0.0000 1.0000

PART 2
OFFSET -3.2782 7.9727 -2.4787
SCALE 1 1 1
X 0.4677 -0.1139 -0.8765
Y 0.0249 -0.9896 0.1419
Z -0.8835 -0.0882 -0.4600

PART 3
OFFSET 2.3786 6.5947 -13.0790
SCALE 1 1 1
X 0.7587 -0.4249 0.4938
Y -0.4903 0.1265 0.8623
Z -0.4289 -0.8963 -0.1124

PART 4
OFFSET 8.8315 2.9804 -8.8791
SCALE 1 1 1
X 0.7587 -0.4249 0.4938
Y 0.3993 0.9022 0.1629
Z -0.5147 0.0735 0.8542

PART 5
OFFSET 11.0113 3.9690 -8.5493
SCALE 1 1 1
X 0.7628 -0.4232 0.4889
Y 0.4338 0.8956 0.0986
Z -0.4796 0.1369 0.8667

PART 6
OFFSET 9.9033 1.7360 -9.5431
SCALE 1 1 1
X 0.7628 -0.4232 0.4889
Y 0.4338 0.8956 0.0986
Z -0.4796 0.1369 0.8667

PART 7
OFFSET 10.2603 3.6841 -6.5822
SCALE 1 1 1
X 0.7628 -0.4232 0.4889
Y 0.4338 0.8956 0.0986
Z -0.4796 0.1369 0.8667

PART 8
OFFSET 9.4440 2.2346 -6.7772
SCALE 1 1 1
X 0.7628 -0.4232 0.4889
Y 0.4338 0.8956 0.0986
Z -0.4796 0.1369 0.8667

PART 9
OFFSET 8.5575 0.9517 -7.2908
SCALE 1 1 1
X 0.7628 -0.4232 0.4889
Y 0.4338 0.8956 0.0986
Z -0.4796 0.1369 0.8667

PART 10
OFFSET 11.1574 1.6777 -7.3653
SCALE 1 1 1
X 0.8116 0.5809 0.0614
Y -0.5800 0.7890 0.2027
Z 0.0693 -0.2002 0.9773

PART 11
OFFSET 10.9912 2.6182 -6.7408
SCALE 1 1 1
X 0.5928 0.7784 0.2067
Y -0.7150 0.6267 -0.3098
Z -0.3707 0.0358 0.9281

PART 12
OFFSET 12.1783 4.3625 -6.2740
SCALE 1 1 1
X 0.8332 0.5413 0.1131
Y -0.5405 0.8404 -0.0402
Z -0.1168 -0.0276 0.9928

PART 13
OFFSET 13.5426 5.1831 -5.9779
SCALE 1 1 1
X 0.5944 0.7804 0.1944
Y -0.7620 0.6237 -0.1742
Z -0.2572 -0.0445 0.9653

PART 14
OFFSET 14.1606 6.0355 -5.7265
SCALE 1 1 1
X 0.4469 0.7332 -0.5125
Y 0.0802 -0.6034 -0.7934
Z -0.8910 0.3135 -0.3285

PART 15
OFFSET 12.4793 1.2840 -7.3329
SCALE 1 1 1
X 0.9255 0.0135 0.3784
Y -0.3665 -0.2193 0.9042
Z 0.0951 -0.9756 -0.1980

PART 16
OFFSET 14.5000 1.4295 -6.3430
SCALE 1 1 1
X -0.1794 0.1741 0.9682
Y -0.9758 0.0936 -0.1976
Z -0.1250 -0.9803 0.1531

PART 17
OFFSET 14.2461 1.6760 -4.9722
SCALE 1 1 1
X -0.7827 0.2128 0.5849
Y -0.6126 -0.0973 -0.7844
Z -0.1100 -0.9722 0.2065

PART 18
OFFSET 13.5521 1.8647 -4.4536
SCALE 1 1 1
X -0.9310 0.1844 0.3151
Y -0.3357 -0.0929 -0.9374
Z -0.1436 -0.9784 0.1484

PART 19
OFFSET 12.6677 2.0399 -4.1542
SCALE 1 1 1
X 0.9436 0.0588 0.3260
Y 0.3275 -0.3125 -0.8917
Z 0.0494 0.9481 -0.3141

PART 20
OFFSET 12.2626 1.9641 -7.3211
SCALE 1 1 1
X 0.9299 0.2608 0.2592
Y -0.1707 -0.3181 0.9326
Z 0.3257 -0.9115 -0.2513

PART 21
OFFSET 14.7283 2.5127 -6.7063
SCALE 1 1 1
X 0.2292 -0.0759 0.9704
Y -0.9640 0.1200 0.2371
Z -0.1344 -0.9899 -0.0456

PART 22
OFFSET 15.1185 2.3835 -5.0541
SCALE 1 1 1
X -0.8563 0.0925 0.5081
Y -0.5022 0.0798 -0.8610
Z -0.1202 -0.9925 -0.0218

PART 23
OFFSET 13.9317 2.5117 -4.3500
SCALE 1 1 1
X -0.9826 0.1097 0.1496
Y -0.1458 0.0414 -0.9884
Z -0.1146 -0.9931 -0.0246

PART 24
OFFSET 12.8660 2.6307 -4.1878
SCALE 1 1 1
X 0.8828 -0.1623 0.4409
Y 0.4488 0.0137 -0.8935
Z 0.1390 0.9866 0.0849

PART 25
OFFSET 12.7756 4.6139 -6.3303
SCALE 1 1 1
X 0.8951 0.3383 0.2903
Y 0.1469 0.3910 -0.9086
Z -0.4209 0.8560 0.3003

PART 26
OFFSET 13.8568 4.6107 -7.3363
SCALE 1 1 1
X 0.9970 0.0529 0.0566
Y -0.0473 -0.1625 0.9856
Z 0.0614 -0.9853 -0.1595

PART 27
OFFSET 15.6121 4.7039 -7.2367
SCALE 1 1 1
X 0.3966 -0.1726 0.9016
Y -0.9161 -0.1378 0.3766
Z 0.0592 -0.9753 -0.2128

PART 28
OFFSET 16.0907 4.5533 -6.1277
SCALE 1 1 1
X -0.5159 -0.1565 0.8422
Y -0.8539 0.0157 -0.5202
Z 0.0682 -0.9876 -0.1417

PART 29
OFFSET 15.5079 4.3765 -5.1764
SCALE 1 1 1
X 0.9580 -0.2410 0.1556
Y 0.2230 0.2846 -0.9323
Z 0.1804 0.9279 0.3264

PART 30
OFFSET 14.4119 3.6569 -7.3875
SCALE 1 1 1
X 0.6976 -0.0152 0.7163
Y -0.7115 -0.1330 0.6900
Z 0.0847 -0.9910 -0.1036

PART 31
OFFSET 15.7746 3.6272 -5.9881
SCALE 1 1 1
X -0.6501 -0.1201 0.7503
Y -0.7585 0.0441 -0.6502
Z 0.0450 -0.9918 -0.1198

PART 32
OFFSET 14.8250 3.4518 -4.8922
SCALE 1 1 1
X -0.8787 -0.1022 0.4663
Y -0.4769 0.1420 -0.8674
Z 0.0224 -0.9846 -0.1736

PART 33
OFFSET 13.8303 3.3289 -4.3647
SCALE 1 1 1
X 0.9769 0.0506 0.2075
Y 0.2018 0.1006 -0.9743
Z -0.0702 0.9936 0.0881

PART 34
OFFSET 13.7761 2.5224 -5.8188
SCALE 1 1 1
X 0.2540 -0.9438 -0.2113
Y -0.0693 0.2002 -0.9773
Z 0.9647 0.2629 -0.0146

PART 35
OFFSET 8.2641 -4.4306 -6.1344
SCALE 1 1 1
X 0.6642 0.7361 -0.1303
Y -0.7056 0.5598 -0.4345
Z -0.2469 0.3805 0.8912

PART 36
OFFSET -13.3341 -6.7471 -6.3406
SCALE 1 1 1
X -0.8368 0.3653 0.4079
Y -0.3282 -0.9309 0.1604
Z 0.4383 0.0003 0.8988

PART 37
OFFSET -3.2142 -11.1647 -11.2738
SCALE 1 1 1
X -0.8585 -0.2641 -0.4396
Y 0.5095 -0.5377 -0.6718
Z -0.0589 -0.8007 0.5961

PART 38
OFFSET 4.0874 -8.9182 -7.5346
SCALE 1 1 1
X -0.8585 -0.2641 -0.4396
Y 0.4830 -0.1283 -0.8661
Z 0.1723 -0.9559 0.2378

PART 39
OFFSET 5.0637 -7.1943 -7.2057
SCALE 1 1 1
X -0.8613 -0.2587 -0.4372
Y 0.0540 0.8091 -0.5852
Z 0.5052 -0.5277 -0.6829

PART 40
OFFSET 4.8882 -7.1921 -5.9920
SCALE 1 1 1
X -0.8613 -0.2587 -0.4372
Y 0.0540 0.8091 -0.5852
Z 0.5052 -0.5277 -0.6829

PART 41
OFFSET 4.9593 -8.3804 -5.1921
SCALE 1 1 1
X -0.8613 -0.2587 -0.4372
Y 0.0540 0.8091 -0.5852
Z 0.5052 -0.5277 -0.6829

PART 42
OFFSET 6.7192 -8.1084 -6.1868
SCALE 1 1 1
X -0.7193 -0.6911 0.0705
Y 0.2764 -0.3777 -0.8837
Z 0.6374 -0.6162 0.4627

PART 43
OFFSET 6.5143 -7.1801 -5.5557
SCALE 1 1 1
X -0.0177 -0.9840 0.1772
Y 0.1103 -0.1781 -0.9778
Z 0.9937 0.0023 0.1116

PART 44
OFFSET 6.4862 -5.0390 -5.8468
SCALE 1 1 1
X -0.3661 -0.3117 0.8768
Y 0.0542 -0.9478 -0.3143
Z 0.9290 -0.0675 0.3639

PART 45
OFFSET 6.9764 -4.5848 -7.3218
SCALE 1 1 1
X -0.1232 0.6317 0.7654
Y -0.2093 -0.7704 0.6022
Z 0.9701 -0.0860 0.2271

PART 46
OFFSET 7.0688 -5.2508 -8.1700
SCALE 1 1 1
X -0.7572 0.3628 0.5432
Y -0.6031 -0.0689 -0.7947
Z -0.2509 -0.9293 0.2710

PART 47
OFFSET 7.4950 -7.8035 -7.2862
SCALE 1 1 1
X -0.7531 -0.3493 0.5576
Y 0.6420 -0.5755 0.5066
Z 0.1439 0.7395 0.6576

PART 48
OFFSET 9.1292 -6.8405 -8.5053
SCALE 1 1 1
X 0.3602 -0.7907 0.4951
Y 0.9102 0.1816 -0.3723
Z 0.2045 0.5847 0.7850

PART 49
OFFSET 8.6192 -5.7211 -9.2062
SCALE 1 1 1
X 0.9661 0.0301 -0.2562
Y -0.1629 0.8414 -0.5153
Z 0.2001 0.5396 0.8178

PART 50
OFFSET 7.7626 -5.7478 -8.9790
SCALE 1 1 1
X 0.4661 0.6502 -0.5999
Y -0.8662 0.4734 -0.1599
Z 0.1801 0.5942 0.7839

PART 51
OFFSET 7.3198 -6.3655 -8.4091
SCALE 1 1 1
X 0.1612 -0.8805 0.4459
Y -0.9311 0.0141 0.3644
Z -0.3271 -0.4739 -0.8176

PART 52
OFFSET 7.5585 -7.4865 -6.6498
SCALE 1 1 1
X -0.7914 -0.5207 0.3202
Y 0.6069 -0.6068 0.5132
Z -0.0729 0.6005 0.7963

PART 53
OFFSET 9.6367 -6.2377 -7.5878
SCALE 1 1 1
X 0.2777 -0.6959 0.6623
Y 0.9573 0.1429 -0.2513
