// Export filename: `C:/Program Files/Activision/Call of Duty 4 - Modern Warfare/xanim_export/viewmodels/M16/m16_NVG_puton.XANIM_EXPORT`
// Source filename: `C:/Program Files/Activision/Call of Duty 4 - Modern Warfare/bin/maya/animation_src/viewmodel/m16/viewmodel_m16_animation.mb`
// Export time: Mon Jan 07 16:17:02 2008

ANIMATION
VERSION 3

NUMPARTS 78
PART 0 "tag_ads"
PART 1 "tag_torso"
PART 2 "J_Shoulder_LE"
PART 3 "J_Elbow_LE"
PART 4 "J_WristTwist_LE"
PART 5 "J_Sleave_Reshape_Bottom_LE_1"
PART 6 "J_Sleave_Reshape_Bottom_LE_2"
PART 7 "J_Sleave_Reshape_Top_LE_1"
PART 8 "J_Sleave_Reshape_Top_LE_2"
PART 9 "J_Sleave_Reshape_Top_LE_3"
PART 10 "J_Wrist_LE"
PART 11 "J_Thumb_LE_0"
PART 12 "J_Thumb_LE_1"
PART 13 "J_Thumb_LE_2"
PART 14 "J_Thumb_LE_3"
PART 15 "J_PinkyPalm_LE"
PART 16 "J_Pinky_LE_0"
PART 17 "J_Pinky_LE_1"
PART 18 "J_Pinky_LE_2"
PART 19 "J_Pinky_LE_3"
PART 20 "J_RingPalm_LE"
PART 21 "J_Ring_LE_0"
PART 22 "J_Ring_LE_1"
PART 23 "J_Ring_LE_2"
PART 24 "J_Ring_LE_3"
PART 25 "J_Webbing_LE"
PART 26 "J_Index_LE_0"
PART 27 "J_Index_LE_1"
PART 28 "J_Index_LE_2"
PART 29 "J_Index_LE_3"
PART 30 "J_Mid_LE_0"
PART 31 "J_Mid_LE_1"
PART 32 "J_Mid_LE_2"
PART 33 "J_Mid_LE_3"
PART 34 "tag_knife_attach"
PART 35 "tag_weapon"
PART 36 "J_Shoulder_RI"
PART 37 "J_Elbow_RI"
PART 38 "J_WristTwist_RI"
PART 39 "J_Sleave_Reshape_Top_RI_3"
PART 40 "J_Sleave_Reshape_Top_RI_2"
PART 41 "J_Sleave_Reshape_Top_RI_1"
PART 42 "J_Wrist_RI"
PART 43 "J_Thumb_RI_0"
PART 44 "J_Thumb_RI_1"
PART 45 "J_Thumb_RI_2"
PART 46 "J_Thumb_RI_3"
PART 47 "J_PinkyPalm_RI"
PART 48 "J_Pinky_RI_0"
PART 49 "J_Pinky_RI_1"
PART 50 "J_Pinky_RI_2"
PART 51 "J_Pinky_RI_3"
PART 52 "J_RingPalm_RI"
PART 53 "J_Ring_RI_0"
PART 54 "J_Ring_RI_1"
PART 55 "J_Ring_RI_2"
PART 56 "J_Ring_RI_3"
PART 57 "J_Webbing_RI"
PART 58 "J_Index_RI_0"
PART 59 "J_Index_RI_1"
PART 60 "J_Index_RI_2"
PART 61 "J_Index_RI_3"
PART 62 "J_Mid_RI_0"
PART 63 "J_Mid_RI_1"
PART 64 "J_Mid_RI_2"
PART 65 "J_Mid_RI_3"
PART 66 "tag_cambone"
PART 67 "tag_camera"
PART 68 "tag_gasmask"
PART 69 "tag_gasmask2"
PART 70 "J_Gun"
PART 71 "TAG_BRASS"
PART 72 "TAG_FLASH"
PART 73 "TAG_CLIP"
PART 74 "J_Clip_Release"
PART 75 "TAG_REFLEX_SIGHT"
PART 76 "TAG_ACOG"
PART 77 "TAG_IRON_SIGHT"

FRAMERATE 30
NUMFRAMES 54

FRAME 550
PART 0
OFFSET 0.0000 0.0000 0.0000
SCALE 1 1 1
X 1.0000 0.0000 0.0000
Y 0.0000 1.0000 0.0000
Z 0.0000 0.0000 1.0000

PART 1
OFFSET -7.6807 -2.7496 1.5396
SCALE 1 1 1
X 1.0000 0.0000 0.0000
Y 0.0000 1.0000 0.0000
Z 0.0000 0.0000 1.0000

PART 2
OFFSET -3.2132 8.4660 -2.3313
SCALE 1 1 1
X 0.7253 -0.3235 -0.6076
Y -0.1633 -0.9383 0.3047
Z -0.6688 -0.1218 -0.7334

PART 3
OFFSET 5.5588 4.5531 -9.6800
SCALE 1 1 1
X 0.7649 -0.4789 0.4307
Y -0.4280 0.1219 0.8955
Z -0.4814 -0.8694 -0.1117

PART 4
OFFSET 12.0648 0.4797 -6.0164
SCALE 1 1 1
X 0.7649 -0.4789 0.4307
Y 0.1107 0.7565 0.6445
Z -0.6345 -0.4453 0.6317

PART 5
OFFSET 14.3239 1.2573 -5.9225
SCALE 1 1 1
X 0.7688 -0.4772 0.4257
Y 0.4853 0.8689 0.0976
Z -0.4165 0.1315 0.8996

PART 6
OFFSET 13.0263 -0.7939 -6.7855
SCALE 1 1 1
X 0.7688 -0.4772 0.4257
Y 0.4853 0.8689 0.0976
Z -0.4165 0.1315 0.8996

PART 7
OFFSET 13.5851 0.9499 -3.7361
SCALE 1 1 1
X 0.7688 -0.4772 0.4257
Y 0.4853 0.8689 0.0976
Z -0.4165 0.1315 0.8996

PART 8
OFFSET 12.7681 -0.3663 -3.9820
SCALE 1 1 1
X 0.7688 -0.4772 0.4257
Y 0.4853 0.8689 0.0976
Z -0.4165 0.1315 0.8996

PART 9
OFFSET 12.1657 -1.2350 -4.7632
SCALE 1 1 1
X 0.7688 -0.4772 0.4257
Y 0.4853 0.8689 0.0976
Z -0.4165 0.1315 0.8996

PART 10
OFFSET 14.4097 -0.9885 -4.6958
SCALE 1 1 1
X 0.9587 -0.2742 0.0754
Y 0.1691 0.7628 0.6241
Z -0.2286 -0.5856 0.7777

PART 11
OFFSET 14.9103 -0.6162 -3.7403
SCALE 1 1 1
X 0.9398 -0.0723 0.3340
Y 0.0268 0.9899 0.1389
Z -0.3407 -0.1216 0.9323

PART 12
OFFSET 16.9220 -0.6802 -2.9537
SCALE 1 1 1
X 0.9386 -0.3291 0.1033
Y 0.2596 0.8711 0.4168
Z -0.2272 -0.3644 0.9031

PART 13
OFFSET 18.3963 -1.3044 -2.7107
SCALE 1 1 1
X 0.9436 -0.0618 0.3254
Y -0.0297 0.9627 0.2689
Z -0.3299 -0.2634 0.9065

PART 14
OFFSET 19.4011 -1.3668 -2.3127
SCALE 1 1 1
X 0.9023 0.3220 -0.2867
Y -0.2854 -0.0523 -0.9570
Z -0.3231 0.9453 0.0447

PART 15
OFFSET 14.9937 -2.1557 -5.1432
SCALE 1 1 1
X 0.5702 -0.8139 0.1110
Y -0.5223 -0.2549 0.8137
Z -0.6340 -0.5220 -0.5705

PART 16
OFFSET 16.3032 -3.9397 -4.7108
SCALE 1 1 1
X -0.1120 -0.2034 0.9727
Y -0.5602 0.8214 0.1073
Z -0.8208 -0.5328 -0.2059

PART 17
OFFSET 16.1447 -4.2276 -3.3337
SCALE 1 1 1
X -0.4402 0.4088 0.7995
Y -0.3845 0.7188 -0.5792
Z -0.8114 -0.5623 -0.1592

PART 18
OFFSET 15.7544 -3.8652 -2.6249
SCALE 1 1 1
X -0.5269 0.6153 0.5864
Y -0.1771 0.5953 -0.7838
Z -0.8313 -0.5168 -0.2047

PART 19
OFFSET 15.2538 -3.2807 -2.0678
SCALE 1 1 1
X 0.6344 -0.7696 0.0731
Y 0.1003 -0.0118 -0.9949
Z 0.7665 0.6385 0.0697

PART 20
OFFSET 15.3489 -1.6273 -4.8204
SCALE 1 1 1
X 0.7751 -0.6240 0.0993
Y -0.4690 -0.4628 0.7522
Z -0.4234 -0.6296 -0.6514

PART 21
OFFSET 17.3079 -3.3302 -4.6760
SCALE 1 1 1
X -0.0461 -0.6293 0.7758
Y -0.5818 0.6482 0.4912
Z -0.8120 -0.4287 -0.3960

PART 22
OFFSET 17.2294 -4.4015 -3.3551
SCALE 1 1 1
X -0.5705 0.4380 0.6948
Y -0.1470 0.7778 -0.6110
Z -0.8080 -0.4507 -0.3793

PART 23
OFFSET 16.4388 -3.7945 -2.3922
SCALE 1 1 1
X -0.5889 0.6941 0.4140
Y 0.0782 0.5588 -0.8256
Z -0.8044 -0.4538 -0.3834

PART 24
OFFSET 15.8001 -3.0417 -1.9432
SCALE 1 1 1
X 0.3982 -0.9102 0.1135
Y 0.4361 0.0790 -0.8964
Z 0.8070 0.4065 0.4284

PART 25
OFFSET 17.5112 -0.9365 -3.0558
SCALE 1 1 1
X 0.8058 -0.5684 0.1664
Y 0.5038 0.5100 -0.6972
Z 0.3114 0.6457 0.6973

PART 26
OFFSET 18.3579 -1.2640 -4.2205
SCALE 1 1 1
X 0.6938 -0.6985 -0.1756
Y -0.2795 -0.4858 0.8282
Z -0.6638 -0.5255 -0.5322

PART 27
OFFSET 19.5794 -2.4937 -4.5297
SCALE 1 1 1
X 0.0189 -0.7682 0.6399
Y -0.7590 0.4056 0.5094
Z -0.6509 -0.4953 -0.5754

PART 28
OFFSET 19.6419 -3.3976 -3.7169
SCALE 1 1 1
X -0.5676 -0.0895 0.8184
Y -0.4879 0.8373 -0.2468
Z -0.6632 -0.5394 -0.5189

PART 29
OFFSET 19.0008 -3.4987 -2.7924
SCALE 1 1 1
X 0.4386 -0.8784 -0.1896
Y 0.4791 0.4071 -0.7777
Z 0.7603 0.2503 0.5994

PART 30
OFFSET 18.0312 -2.1673 -4.7661
SCALE 1 1 1
X 0.3588 -0.8120 0.4604
Y -0.6603 0.1278 0.7400
Z -0.6597 -0.5695 -0.4903

PART 31
OFFSET 18.7322 -3.7536 -3.8668
SCALE 1 1 1
X -0.6180 0.0655 0.7835
Y -0.3866 0.8424 -0.3754
Z -0.6846 -0.5349 -0.4952

PART 32
OFFSET 17.8295 -3.6579 -2.7224
SCALE 1 1 1
X -0.7196 0.3601 0.5937
Y -0.0992 0.7929 -0.6012
Z -0.6873 -0.4915 -0.5349

PART 33
OFFSET 17.0097 -3.2540 -2.0534
SCALE 1 1 1
X 0.6591 -0.7512 -0.0370
Y 0.3350 0.3373 -0.8798
Z 0.6734 0.5674 0.4739

PART 34
OFFSET 16.5695 -3.0354 -3.6428
SCALE 1 1 1
X -0.4985 -0.6157 -0.6102
Y 0.2286 0.5856 -0.7777
Z 0.8362 -0.5272 -0.1512

PART 35
OFFSET 7.8313 -2.9010 -5.2087
SCALE 1 1 1
X 1.0000 0.0000 0.0000
Y 0.0000 1.0000 0.0000
Z 0.0000 0.0000 1.0000

PART 36
OFFSET -13.3341 -6.7471 -6.3406
SCALE 1 1 1
X -0.8317 0.3598 0.4228
Y -0.1880 -0.8991 0.3954
Z 0.5224 0.2494 0.8154

PART 37
OFFSET -3.2753 -11.0985 -11.4543
SCALE 1 1 1
X -0.6378 -0.6267 -0.4477
Y 0.7631 -0.4352 -0.4778
Z 0.1046 -0.6464 0.7558

PART 38
OFFSET 2.1494 -5.7682 -7.6460
SCALE 1 1 1
X -0.6378 -0.6267 -0.4477
Y 0.6522 -0.1303 -0.7468
Z 0.4097 -0.7683 0.4918

PART 39
OFFSET 2.4352 -3.7864 -7.6153
SCALE 1 1 1
X -0.6426 -0.6223 -0.4470
Y -0.1137 0.6544 -0.7476
Z 0.7577 -0.4296 -0.4913

PART 40
OFFSET 2.0606 -3.6171 -6.4619
SCALE 1 1 1
X -0.6426 -0.6223 -0.4470
Y -0.1137 0.6544 -0.7476
Z 0.7577 -0.4296 -0.4913

PART 41
OFFSET 2.3757 -4.5220 -5.4233
SCALE 1 1 1
X -0.6426 -0.6223 -0.4470
Y -0.1137 0.6544 -0.7476
Z 0.7577 -0.4296 -0.4913

PART 42
OFFSET 4.1047 -3.8469 -6.2734
SCALE 1 1 1
X -0.9957 0.0900 -0.0226
Y 0.0206 -0.0225 -0.9995
Z -0.0905 -0.9957 0.0205

PART 43
OFFSET 4.5698 -3.4569 -5.3071
SCALE 1 1 1
X -0.7592 -0.6153 -0.2121
Y 0.0695 0.2474 -0.9664
Z 0.6472 -0.7484 -0.1450

PART 44
OFFSET 6.1651 -2.1121 -4.7449
SCALE 1 1 1
X -0.5869 -0.2971 0.7532
Y -0.6207 -0.4322 -0.6541
Z 0.5199 -0.8514 0.0692

PART 45
OFFSET 7.0172 -1.5629 -6.0076
SCALE 1 1 1
X 0.2835 0.1079 0.9529
Y -0.7846 -0.5453 0.2952
Z 0.5514 -0.8313 -0.0699

PART 46
OFFSET 6.6988 -1.6323 -7.0398
SCALE 1 1 1
X -0.3066 0.5013 0.8091
Y -0.3478 0.7323 -0.5855
Z -0.8860 -0.4609 -0.0502

PART 47
OFFSET 4.9876 -3.7459 -7.3287
SCALE 1 1 1
X -0.8299 0.0936 0.5500
Y -0.0632 -0.9953 0.0740
Z 0.5543 0.0266 0.8319

PART 48
OFFSET 6.9408 -3.8303 -8.4523
SCALE 1 1 1
X -0.4072 -0.9119 0.0514
Y 0.7867 -0.3788 -0.4875
Z 0.4640 -0.1581 0.8716

PART 49
OFFSET 7.5174 -2.5393 -8.5250
SCALE 1 1 1
X 0.6972 -0.5535 -0.4555
Y 0.5783 0.8098 -0.0988
Z 0.4235 -0.1945 0.8848

PART 50
OFFSET 6.8992 -2.0485 -8.1212
SCALE 1 1 1
X 0.8664 0.2957 -0.4023
Y -0.2060 0.9457 0.2515
Z 0.4549 -0.1351 0.8803

PART 51
OFFSET 6.0761 -2.3295 -7.7390
SCALE 1 1 1
X -0.5992 -0.8003 0.0225
Y -0.6556 0.5065 0.5600
Z -0.4596 0.3208 -0.8282

PART 52
OFFSET 5.1802 -3.8899 -6.6566
SCALE 1 1 1
X -0.9507 0.1278 0.2827
Y -0.1105 -0.9909 0.0766
Z 0.2899 0.0416 0.9562

PART 53
OFFSET 7.6021 -4.2497 -7.5305
SCALE 1 1 1
X -0.4141 -0.8733 0.2568
Y 0.7738 -0.4863 -0.4060
Z 0.4794 0.0306 0.8771

PART 54
OFFSET 8.3071 -2.7630 -7.9678
SCALE 1 1 1
X 0.7704 -0.5008 -0.3946
Y 0.4396 0.8655 -0.2401
Z 0.4617 0.0115 0.8870

PART 55
OFFSET 7.2393 -2.0690 -7.4210
SCALE 1 1 1
X 0.8811 0.1309 -0.4545
Y -0.1229 0.9913 0.0472
Z 0.4567 0.0143 0.8895

PART 56
OFFSET 6.2837 -2.2109 -6.9281
SCALE 1 1 1
X -0.6292 -0.6728 0.3891
Y -0.6252 0.7356 0.2609
Z -0.4618 -0.0791 -0.8835

PART 57
OFFSET -0.1053 -3.9869 -5.5112
SCALE 1 1 1
X -0.9660 -0.1878 0.1778
Y -0.2020 0.9772 -0.0652
Z -0.1615 -0.0989 -0.9819

PART 58
OFFSET 7.9352 -4.5508 -5.4239
SCALE 1 1 1
X -0.9620 -0.2681 0.0523
Y 0.2714 -0.9597 0.0733
Z 0.0305 0.0847 0.9959

PART 59
OFFSET 9.6289 -4.0788 -5.5159
SCALE 1 1 1
X -0.9794 -0.1965 0.0473
Y 0.2011 -0.9708 0.1308
Z 0.0202 0.1376 0.9903

PART 60
OFFSET 10.8207 -3.8315 -5.5133
SCALE 1 1 1
X -0.9971 -0.0658 -0.0374
Y 0.0615 -0.9924 0.1064
Z -0.0441 0.1038 0.9936

PART 61
OFFSET 11.9470 -3.7572 -5.4711
SCALE 1 1 1
X 0.2567 0.9465 0.1956
Y 0.9664 -0.2485 -0.0658
Z -0.0136 0.2059 -0.9785

PART 62
OFFSET 7.8676 -4.3870 -6.5143
SCALE 1 1 1
X -0.4124 -0.8710 0.2671
Y 0.8599 -0.4690 -0.2015
Z 0.3008 0.1465 0.9424

PART 63
OFFSET 8.6733 -2.6855 -7.0361
SCALE 1 1 1
X 0.8512 -0.4786 -0.2152
Y 0.4068 0.8609 -0.3056
Z 0.3315 0.1726 0.9275

PART 64
OFFSET 7.4300 -1.9864 -6.7218
SCALE 1 1 1
X 0.9065 0.1938 -0.3751
Y -0.2637 0.9537 -0.1447
Z 0.3296 0.2301 0.9156

PART 65
OFFSET 6.4008 -2.2069 -6.3035
SCALE 1 1 1
X -0.5477 -0.7724 0.3215
Y -0.7586 0.6206 0.1986
Z -0.3529 -0.1351 -0.9259

PART 66
OFFSET 0.0000 0.0000 0.0000
SCALE 1 1 1
X 1.0000 0.0000 0.0000
Y 0.0000 1.0000 0.0000
Z 0.0000 0.0000 1.0000

PART 67
OFFSET 0.0000 0.0000 0.0000
SCALE 1 1 1
X 1.0000 0.0000 0.0000
Y 0.0000 1.0000 0.0000
Z 0.0000 0.0000 1.0000

PART 68
OFFSET 1.5404 0.0000 4.1357
SCALE 1 1 1
X 1.0000 0.0000 0.0000
Y 0.0000 1.0000 0.0000
Z 0.0000 0.0000 1.0000

PART 69
OFFSET -4.6318 0.0000 -1.3770
SCALE 1 1 1
X 1.0000 0.0000 0.0000
Y 0.0000 1.0000 0.0000
Z 0.0000 0.0000 1.0000

PART 70
OFFSET 7.8313 -2.9010 -5.2087
SCALE 1 1 1
X 1.0000 0.0000 0.0000
Y 0.0000 1.0000 0.0000
Z 0.0000 0.0000 1.0000

PART 71
OFFSET 12.3941 -3.5916 -2.9826
SCALE 1 1 1
X 0.0000 -0.8192 0.5736
Y 1.0000 0.0000 -0.0000
Z -0.0000 0.5736 0.8192

PART 72
OFFSET 35.5445 -2.8852 -2.7048
SCALE 1 1 1
X 1.0000 0.0000 0.0000
Y 0.0000 1.0000 0.0000
Z 0.0000 0.0000 1.0000

PART 73
OFFSET 12.1249 -2.9094 -3.9233
SCALE 1 1 1
X 1.0000 0.0000 0.0000
Y 0.0000 1.0000 0.0000
Z 0.0000 0.0000 1.0000

PART 74
OFFSET 6.5463 -2.9010 -2.3346
SCALE 1 1 1
X 1.0000 0.0000 0.0000
Y 0.0000 1.0000 0.0000
Z 0.0000 0.0000 1.0000

PART 75
OFFSET 9.6569 -2.9010 -1.8697
SCALE 1 1 1
X 1.0000 0.0000 0.0000
Y 0.0000 1.0000 0.0000
Z 0.0000 0.0000 1.0000

PART 76
OFFSET 9.6569 -2.9010 -1.8697
SCALE 1 1 1
X 1.0000 0.0000 0.0000
Y 0.0000 1.0000 0.0000
Z 0.0000 0.0000 1.0000

PART 77
OFFSET 9.6569 -2.9010 -1.8697
SCALE 1 1 1
X 1.0000 0.0000 0.0000
Y 0.0000 1.0000 0.0000
Z 0.0000 0.0000 1.0000


FRAME 551
PART 0
OFFSET 0.0000 0.0000 0.0000
SCALE 1 1 1
X 1.0000 0.0000 0.0000
Y 0.0000 1.0000 0.0000
Z 0.0000 0.0000 1.0000

PART 1
OFFSET -7.6807 -2.7496 1.5396
SCALE 1 1 1
X 1.0000 0.0000 0.0000
Y 0.0000 1.0000 0.0000
Z 0.0000 0.0000 1.0000

PART 2
OFFSET -3.1889 8.3844 -2.4169
SCALE 1 1 1
X 0.6768 -0.2981 -0.6730
Y -0.1501 -0.9510 0.2704
Z -0.7207 -0.0820 -0.6884

PART 3
OFFSET 4.9967 4.7786 -10.5566
SCALE 1 1 1
X 0.7657 -0.4980 0.4070
Y -0.4089 0.1115 0.9057
Z -0.4965 -0.8600 -0.1183

PART 4
OFFSET 11.5095 0.5426 -7.0951
SCALE 1 1 1
X 0.7657 -0.4980 0.4070
Y 0.2849 0.8299 0.4797
Z -0.5767 -0.2513 0.7774

PART 5
OFFSET 13.7752 1.3236 -6.9711
SCALE 1 1 1
X 0.7695 -0.4963 0.4019
Y 0.5001 0.8597 0.1041
Z -0.3972 0.1209 0.9097

PART 6
OFFSET 12.4369 -0.7305 -7.9060
SCALE 1 1 1
X 0.7695 -0.4963 0.4019
Y 0.5001 0.8597 0.1041
Z -0.3972 0.1209 0.9097

PART 7
OFFSET 13.1197 0.9858 -4.8660
SCALE 1 1 1
X 0.7695 -0.4963 0.4019
Y 0.5001 0.8597 0.1041
Z -0.3972 0.1209 0.9097

PART 8
OFFSET 12.2388 -0.3514 -5.0906
SCALE 1 1 1
X 0.7695 -0.4963 0.4019
Y 0.5001 0.8597 0.1041
Z -0.3972 0.1209 0.9097

PART 9
OFFSET 11.4241 -1.3662 -5.7361
SCALE 1 1 1
X 0.7695 -0.4963 0.4019
Y 0.5001 0.8597 0.1041
Z -0.3972 0.1209 0.9097

PART 10
OFFSET 13.8569 -0.9843 -5.8474
SCALE 1 1 1
X 0.9640 -0.2658 -0.0025
Y 0.2372 0.8563 0.4589
Z -0.1198 -0.4429 0.8885

PART 11
OFFSET 14.4703 -0.4594 -5.0409
SCALE 1 1 1
X 0.9607 -0.0408 0.2745
Y 0.0495 0.9985 -0.0247
Z -0.2731 0.0374 0.9613

PART 12
OFFSET 16.5332 -0.4456 -4.3975
SCALE 1 1 1
X 0.9532 -0.2850 0.1012
Y 0.2534 0.9353 0.2469
Z -0.1651 -0.2097 0.9637

PART 13
OFFSET 18.0383 -0.9850 -4.1409
SCALE 1 1 1
X 0.9625 -0.0494 0.2667
Y 0.0174 0.9925 0.1211
Z -0.2707 -0.1120 0.9561

PART 14
OFFSET 19.0671 -1.0267 -3.8067
SCALE 1 1 1
X 0.8879 0.2400 -0.3924
Y -0.3554 -0.1834 -0.9165
Z -0.2919 0.9533 -0.0776

PART 15
OFFSET 14.3945 -2.2155 -6.1613
SCALE 1 1 1
X 0.6102 -0.7769 0.1549
Y -0.3970 -0.1306 0.9085
Z -0.6856 -0.6159 -0.3882

PART 16
OFFSET 15.8167 -3.8875 -5.6453
SCALE 1 1 1
X 0.3411 -0.4260 0.8380
Y -0.5640 0.6204 0.5450
Z -0.7520 -0.6585 -0.0286

PART 17
OFFSET 16.2997 -4.4906 -4.4589
SCALE 1 1 1
X 0.0955 -0.0986 0.9905
Y -0.6875 0.7131 0.1372
Z -0.7199 -0.6941 0.0003

PART 18
OFFSET 16.3843 -4.5780 -3.5806
SCALE 1 1 1
X -0.0197 0.0242 0.9995
Y -0.6438 0.7646 -0.0312
Z -0.7650 -0.6441 0.0005

PART 19
OFFSET 16.3656 -4.5550 -2.6311
SCALE 1 1 1
X 0.5298 -0.4053 -0.7450
Y -0.5700 0.4802 -0.6667
Z 0.6280 0.7779 0.0234

PART 20
OFFSET 14.7809 -1.6431 -5.9809
SCALE 1 1 1
X 0.7913 -0.6022 0.1055
Y -0.3632 -0.3242 0.8735
Z -0.4918 -0.7295 -0.4752

PART 21
OFFSET 16.7696 -3.3072 -5.7970
SCALE 1 1 1
X 0.4097 -0.7095 0.5734
Y -0.4529 0.3874 0.8030
Z -0.7919 -0.5887 -0.1625

PART 22
OFFSET 17.4672 -4.5151 -4.8209
SCALE 1 1 1
X -0.0116 -0.2307 0.9730
Y -0.6296 0.7576 0.1722
Z -0.7768 -0.6106 -0.1540

PART 23
OFFSET 17.4512 -4.8349 -3.4724
SCALE 1 1 1
X -0.1420 -0.0784 0.9868
Y -0.6139 0.7890 -0.0257
Z -0.7765 -0.6094 -0.1602

PART 24
OFFSET 17.2972 -4.9199 -2.4023
SCALE 1 1 1
X 0.4289 -0.4164 -0.8017
Y -0.3876 0.7167 -0.5797
Z 0.8160 0.5593 0.1460

PART 25
OFFSET 17.1412 -0.6814 -4.6502
SCALE 1 1 1
X 0.8279 -0.5388 0.1560
Y 0.4040 0.3797 -0.8322
Z 0.3892 0.7520 0.5320

PART 26
OFFSET 17.8368 -1.2094 -5.8412
SCALE 1 1 1
X 0.7240 -0.6429 -0.2501
Y -0.0937 -0.4508 0.8877
Z -0.6834 -0.6193 -0.3866

PART 27
OFFSET 19.1115 -2.3412 -6.2815
SCALE 1 1 1
X 0.4718 -0.8057 0.3582
Y -0.5604 0.0396 0.8273
Z -0.6807 -0.5911 -0.4328

PART 28
OFFSET 19.7264 -3.2847 -5.8198
SCALE 1 1 1
X 0.1081 -0.5927 0.7981
Y -0.7458 0.4825 0.4593
Z -0.6573 -0.6449 -0.3899

PART 29
OFFSET 19.8485 -3.9542 -4.9182
SCALE 1 1 1
X 0.4532 -0.4240 -0.7841
Y -0.2372 0.7905 -0.5646
Z 0.8592 0.4419 0.2577

PART 30
OFFSET 17.4551 -2.1894 -6.1793
SCALE 1 1 1
X 0.6703 -0.7048 0.2323
Y -0.3616 -0.0368 0.9316
Z -0.6480 -0.7085 -0.2795

PART 31
OFFSET 18.7646 -3.5662 -5.7255
SCALE 1 1 1
X 0.1229 -0.4720 0.8730
Y -0.7228 0.5602 0.4046
Z -0.6800 -0.6808 -0.2723

PART 32
OFFSET 18.9442 -4.2556 -4.4503
SCALE 1 1 1
X -0.0531 -0.3428 0.9379
Y -0.6919 0.6898 0.2129
Z -0.7200 -0.6377 -0.2738

PART 33
OFFSET 18.8794 -4.6488 -3.3901
SCALE 1 1 1
X 0.5287 -0.1370 -0.8377
Y -0.5477 0.6989 -0.4600
Z 0.6485 0.7019 0.2945

PART 34
OFFSET 16.1602 -2.8412 -4.7474
SCALE 1 1 1
X -0.5641 -0.7061 -0.4281
Y 0.1198 0.4429 -0.8885
Z 0.8170 -0.5525 -0.1652

PART 35
OFFSET 7.8550 -2.8801 -5.2043
SCALE 1 1 1
X 1.0000 -0.0030 0.0095
Y 0.0029 1.0000 0.0084
Z -0.0095 -0.0084 0.9999

PART 36
OFFSET -13.3341 -6.7471 -6.3406
SCALE 1 1 1
X -0.8330 0.3581 0.4218
Y -0.1846 -0.8985 0.3983
Z 0.5216 0.2539 0.8145

PART 37
OFFSET -3.2601 -11.0776 -11.4420
SCALE 1 1 1
X -0.6392 -0.6284 -0.4433
Y 0.7616 -0.4369 -0.4787
Z 0.1071 -0.6436 0.7578

PART 38
OFFSET 2.1764 -5.7327 -7.6713
SCALE 1 1 1
X -0.6392 -0.6284 -0.4433
Y 0.6453 -0.1247 -0.7537
Z 0.4183 -0.7678 0.4852

PART 39
OFFSET 2.4638 -3.7491 -7.6536
SCALE 1 1 1
X -0.6440 -0.6240 -0.4425
Y -0.1162 0.6516 -0.7496
Z 0.7561 -0.4313 -0.4921

PART 40
OFFSET 2.0943 -3.5781 -6.4981
SCALE 1 1 1
X -0.6440 -0.6240 -0.4425
Y -0.1162 0.6516 -0.7496
Z 0.7561 -0.4313 -0.4921

PART 41
OFFSET 2.4135 -4.4833 -5.4520
SCALE 1 1 1
X -0.6440 -0.6240 -0.4425
Y -0.1162 0.6516 -0.7496
Z 0.7561 -0.4313 -0.4921

PART 42
OFFSET 4.1359 -3.8061 -6.3122
SCALE 1 1 1
X -0.9952 0.0932 -0.0313
Y 0.0301 -0.0141 -0.9994
Z -0.0936 -0.9956 0.0113

PART 43
OFFSET 4.5930 -3.4256 -5.3383
SCALE 1 1 1
X -0.7589 -0.6113 -0.2245
Y 0.0794 0.2553 -0.9636
Z 0.6464 -0.7491 -0.1452

PART 44
OFFSET 6.1867 -2.0903 -4.7497
SCALE 1 1 1
X -0.5948 -0.3017 0.7451
Y -0.6157 -0.4249 -0.6636
Z 0.5168 -0.8535 0.0670

PART 45
OFFSET 7.0524 -1.5330 -5.9996
SCALE 1 1 1
X 0.2748 0.0991 0.9564
Y -0.7889 -0.5454 0.2832
Z 0.5497 -0.8323 -0.0717

PART 46
OFFSET 6.7435 -1.5928 -7.0354
SCALE 1 1 1
X -0.3128 0.4954 0.8104
Y -0.3401 0.7382 -0.5826
Z -0.8868 -0.4579 -0.0624

PART 47
OFFSET 5.0291 -3.6989 -7.3582
SCALE 1 1 1
X -0.8348 0.0914 0.5428
Y -0.0668 -0.9956 0.0650
Z 0.5464 0.0180 0.8373

PART 48
OFFSET 6.9927 -3.7796 -8.4639
SCALE 1 1 1
X -0.4103 -0.9111 0.0399
Y 0.7902 -0.3770 -0.4832
Z 0.4552 -0.1668 0.8746

PART 49
OFFSET 7.5736 -2.4897 -8.5203
SCALE 1 1 1
X 0.6999 -0.5518 -0.4535
Y 0.5816 0.8089 -0.0865
Z 0.4146 -0.2032 0.8871

PART 50
OFFSET 6.9530 -2.0005 -8.1183
SCALE 1 1 1
X 0.8710 0.2965 -0.3916
Y -0.2056 0.9441 0.2575
Z 0.4461 -0.1438 0.8834

PART 51
OFFSET 6.1255 -2.2823 -7.7462
SCALE 1 1 1
X -0.6016 -0.7987 0.0101
Y -0.6594 0.5038 0.5581
Z -0.4508 0.3291 -0.8297

PART 52
OFFSET 5.2150 -3.8490 -6.6855
SCALE 1 1 1
X -0.9529 0.1283 0.2747
Y -0.1140 -0.9912 0.0672
Z 0.2809 0.0327 0.9592

PART 53
OFFSET 7.6439 -4.2086 -7.5395
SCALE 1 1 1
X -0.4190 -0.8742 0.2455
Y 0.7762 -0.4852 -0.4027
Z 0.4711 0.0218 0.8818

PART 54
OFFSET 8.3573 -2.7204 -7.9575
SCALE 1 1 1
X 0.7727 -0.4997 -0.3914
Y 0.4444 0.8662 -0.2286
Z 0.4533 0.0027 0.8914

PART 55
OFFSET 7.2864 -2.0278 -7.4150
SCALE 1 1 1
X 0.8857 0.1321 -0.4450
Y -0.1205 0.9912 0.0544
Z 0.4483 0.0054 0.8939

PART 56
OFFSET 6.3258 -2.1711 -6.9324
SCALE 1 1 1
X -0.6348 -0.6742 0.3775
Y -0.6255 0.7352 0.2611
Z -0.4536 -0.0703 -0.8884

PART 57
OFFSET -0.0814 -3.9400 -5.5911
SCALE 1 1 1
X -0.9682 -0.1864 0.1670
Y -0.1986 0.9783 -0.0589
Z -0.1524 -0.0902 -0.9842

PART 58
OFFSET 7.9562 -4.5284 -5.4324
SCALE 1 1 1
X -0.9631 -0.2661 0.0410
Y 0.2684 -0.9609 0.0678
Z 0.0214 0.0763 0.9969

PART 59
OFFSET 9.6518 -4.0600 -5.5047
SCALE 1 1 1
X -0.9803 -0.1942 0.0365
Y 0.1973 -0.9724 0.1245
Z 0.0113 0.1293 0.9915

PART 60
OFFSET 10.8442 -3.8160 -5.4888
SCALE 1 1 1
X -0.9969 -0.0627 -0.0473
Y 0.0578 -0.9934 0.0987
Z -0.0531 0.0957 0.9940

PART 61
OFFSET 11.9702 -3.7452 -5.4354
SCALE 1 1 1
X 0.2574 0.9441 0.2058
Y 0.9663 -0.2506 -0.0588
Z -0.0039 0.2140 -0.9768

PART 62
OFFSET 7.8994 -4.3553 -6.5221
SCALE 1 1 1
X -0.4174 -0.8719 0.2558
Y 0.8604 -0.4698 -0.1973
Z 0.2922 0.1377 0.9464

PART 63
OFFSET 8.7149 -2.6519 -7.0218
SCALE 1 1 1
X 0.8519 -0.4793 -0.2112
Y 0.4122 0.8622 -0.2944
Z 0.3232 0.1638 0.9321

PART 64
OFFSET 7.4707 -1.9517 -6.7134
SCALE 1 1 1
X 0.9106 0.1943 -0.3648
Y -0.2596 0.9556 -0.1392
Z 0.3216 0.2214 0.9206

PART 65
OFFSET 6.4369 -2.1727 -6.3068
SCALE 1 1 1
X -0.5530 -0.7735 0.3098
Y -0.7587 0.6211 0.1966
Z -0.3445 -0.1263 -0.9303

PART 66
OFFSET 0.0000 0.0000 0.0000
SCALE 1 1 1
X 1.0000 0.0000 0.0000
Y 0.0000 1.0000 0.0000
Z 0.0000 0.0000 1.0000

PART 67
OFFSET 0.0000 0.0000 0.0000
SCALE 1 1 1
X 1.0000 0.0006 -0.0022
Y -0.0006 1.0000 -0.0008
Z 0.0022 0.0009 1.0000

PART 68
OFFSET 1.5495 0.0044 4.1324
SCALE 1 1 1
X 1.0000 0.0006 -0.0022
Y -0.0006 1.0000 -0.0008
Z 0.0022 0.0009 1.0000

PART 69
OFFSET -4.6348 -0.0038 -1.3668
SCALE 1 1 1
X 1.0000 0.0006 -0.0022
Y -0.0006 1.0000 -0.0008
Z 0.0022 0.0009 1.0000

PART 70
OFFSET 7.8550 -2.8801 -5.2043
SCALE 1 1 1
X 1.0000 -0.0030 0.0095
Y 0.0029 1.0000 0.0084
Z -0.0095 -0.0084 0.9999

PART 71
OFFSET 12.3944 -3.6028 -2.9410
SCALE 1 1 1
X -0.0078 -0.8239 0.5666
Y 1.0000 -0.0030 0.0095
Z -0.0061 0.5667 0.8239

PART 72
OFFSET 35.5431 -2.9672 -2.4381
SCALE 1 1 1
X 1.0000 -0.0030 0.0095
Y 0.0029 1.0000 0.0084
Z -0.0095 -0.0084 0.9999

PART 73
OFFSET 12.1362 -2.9120 -3.8784
SCALE 1 1 1
X 1.0000 -0.0030 0.0095
Y 0.0029 1.0000 0.0084
Z -0.0095 -0.0084 0.9999

PART 74
OFFSET 6.5428 -2.9005 -2.3427
SCALE 1 1 1
X 1.0000 -0.0030 0.0095
Y 0.0029 1.0000 0.0084
Z -0.0095 -0.0084 0.9999

PART 75
OFFSET 9.6488 -2.9135 -1.8483
SCALE 1 1 1
X 1.0000 -0.0030 0.0095
Y 0.0029 1.0000 0.0084
Z -0.0095 -0.0084 0.9999

PART 76
OFFSET 9.6488 -2.9135 -1.8483
SCALE 1 1 1
X 1.0000 -0.0030 0.0095
Y 0.0029 1.0000 0.0084
Z -0.0095 -0.0084 0.9999

PART 77
OFFSET 9.6488 -2.9135 -1.8483
SCALE 1 1 1
X 1.0000 -0.0030 0.0095
Y 0.0029 1.0000 0.0084
Z -0.0095 -0.0084 0.9999


FRAME 552
PART 0
OFFSET 0.0000 0.0000 0.0000
SCALE 1 1 1
X 1.0000 0.0000 0.0000
Y 0.0000 1.0000 0.0000
Z 0.0000 0.0000 1.0000

PART 1
OFFSET -7.6807 -2.7496 1.5396
SCALE 1 1 1
X 1.0000 0.0000 0.0000
Y 0.0000 1.0000 0.0000
Z 0.0000 0.0000 1.0000

PART 2
OFFSET -3.1241 8.1574 -2.6529
SCALE 1 1 1
X 0.6017 -0.2069 -0.7714
Y -0.0580 -0.9746 0.2162
Z -0.7966 -0.0854 -0.5985

PART 3
OFFSET 4.1532 5.6548 -11.9825
SCALE 1 1 1
X 0.7525 -0.4534 0.4776
Y -0.4752 0.1282 0.8705
Z -0.4559 -0.8820 -0.1190

PART 4
OFFSET 10.5539 1.7981 -7.9206
SCALE 1 1 1
X 0.7525 -0.4534 0.4776
Y 0.0261 0.7452 0.6664
Z -0.6580 -0.4890 0.5726

PART 5
OFFSET 12.7884 2.6161 -7.7419
SCALE 1 1 1
X 0.7566 -0.4518 0.4727
Y 0.4606 0.8814 0.1052
Z -0.4641 0.1381 0.8749

PART 6
OFFSET 11.5807 0.5332 -8.6162
SCALE 1 1 1
X 0.7566 -0.4518 0.4727
Y 0.4606 0.8814 0.1052
Z -0.4641 0.1381 0.8749

PART 7
OFFSET 11.9372 2.3332 -5.5718
SCALE 1 1 1
X 0.7566 -0.4518 0.4727
Y 0.4606 0.8814 0.1052
Z -0.4641 0.1381 0.8749

PART 8
OFFSET 11.1721 1.0052 -5.8377
SCALE 1 1 1
X 0.7566 -0.4518 0.4727
Y 0.4606 0.8814 0.1052
Z -0.4641 0.1381 0.8749

PART 9
OFFSET 10.6633 0.1402 -6.6557
SCALE 1 1 1
X 0.7566 -0.4518 0.4727
Y 0.4606 0.8814 0.1052
Z -0.4641 0.1381 0.8749

PART 10
OFFSET 12.8609 0.4080 -6.4565
SCALE 1 1 1
X 0.9952 -0.0978 0.0057
Y 0.0716 0.7661 0.6388
Z -0.0668 -0.6353 0.7694

PART 11
OFFSET 13.3503 0.8424 -5.5216
SCALE 1 1 1
X 0.8813 0.0423 0.4707
Y -0.1328 0.9780 0.1606
Z -0.4536 -0.2040 0.8676

PART 12
OFFSET 15.2135 1.0201 -4.4416
SCALE 1 1 1
X 0.9526 -0.1296 0.2752
Y -0.0075 0.8945 0.4470
Z -0.3041 -0.4278 0.8512

PART 13
OFFSET 16.7178 0.7096 -3.9286
SCALE 1 1 1
X 0.8966 -0.0344 0.4415
Y -0.1261 0.9359 0.3289
Z -0.4246 -0.3505 0.8348

PART 14
OFFSET 17.6658 0.6723 -3.4073
SCALE 1 1 1
X 0.9086 0.3926 -0.1425
Y -0.1575 0.0060 -0.9875
Z -0.3869 0.9197 0.0673

PART 15
OFFSET 13.6128 -0.6234 -6.9802
SCALE 1 1 1
X 0.7670 -0.6413 -0.0218
Y -0.3433 -0.4388 0.8304
Z -0.5421 -0.6295 -0.5567

PART 16
OFFSET 15.3731 -2.0263 -6.8461
SCALE 1 1 1
X 0.7884 -0.6031 0.1211
Y -0.2320 -0.1092 0.9666
Z -0.5698 -0.7901 -0.2260

PART 17
OFFSET 16.4892 -2.8802 -6.6746
SCALE 1 1 1
X 0.7843 -0.5734 0.2371
Y -0.3330 -0.0666 0.9406
Z -0.5235 -0.8166 -0.2432

PART 18
OFFSET 17.1846 -3.3886 -6.4644
SCALE 1 1 1
X 0.7750 -0.5808 0.2489
Y -0.3084 -0.0037 0.9513
Z -0.5516 -0.8140 -0.1820

PART 19
OFFSET 17.9209 -3.9404 -6.2279
SCALE 1 1 1
X -0.3194 0.5643 -0.7612
Y -0.8012 0.2681 0.5349
Z 0.5059 0.7808 0.3665

PART 20
OFFSET 13.8887 -0.0471 -6.6619
SCALE 1 1 1
X 0.8934 -0.4493 0.0049
Y -0.2936 -0.5756 0.7632
Z -0.3401 -0.6832 -0.6462

PART 21
OFFSET 16.1632 -1.3019 -6.7621
SCALE 1 1 1
X 0.8200 -0.5539 -0.1443
Y -0.0920 -0.3763 0.9219
Z -0.5649 -0.7427 -0.3595

PART 22
OFFSET 17.5593 -2.2449 -7.0077
SCALE 1 1 1
X 0.8118 -0.5840 0.0005
Y -0.2171 -0.3009 0.9286
Z -0.5421 -0.7540 -0.3710

PART 23
OFFSET 18.6844 -3.0542 -7.0070
SCALE 1 1 1
X 0.8084 -0.5887 -0.0018
Y -0.2173 -0.3012 0.9285
Z -0.5471 -0.7502 -0.3714

PART 24
OFFSET 19.5611 -3.6927 -7.0090
SCALE 1 1 1
X -0.5651 0.6175 -0.5472
Y -0.6176 0.1231 0.7768
Z 0.5470 0.7769 0.3118

PART 25
OFFSET 16.0067 0.9823 -5.0124
SCALE 1 1 1
X 0.9039 -0.4168 0.0957
Y 0.3558 0.6089 -0.7090
Z 0.2372 0.6749 0.6987

PART 26
OFFSET 16.8176 0.8408 -6.2386
SCALE 1 1 1
X 0.8664 -0.2725 -0.4184
Y 0.1055 -0.7192 0.6868
Z -0.4881 -0.6392 -0.5943

PART 27
OFFSET 18.3430 0.3610 -6.9753
SCALE 1 1 1
X 0.8545 -0.4634 -0.2348
Y -0.1508 -0.6538 0.7414
Z -0.4971 -0.5982 -0.6286

PART 28
OFFSET 19.4120 -0.1660 -7.2225
SCALE 1 1 1
X 0.8593 -0.5043 -0.0852
Y -0.2622 -0.5773 0.7733
Z -0.4392 -0.6421 -0.6283

PART 29
OFFSET 20.3826 -0.7356 -7.3187
SCALE 1 1 1
X -0.1666 0.5047 -0.8471
Y -0.8315 0.3897 0.3958
Z 0.5299 0.7703 0.3548

PART 30
OFFSET 16.6218 -0.0938 -6.7942
SCALE 1 1 1
X 0.8801 -0.4319 -0.1972
Y -0.0908 -0.5608 0.8230
Z -0.4660 -0.7064 -0.5327

PART 31
OFFSET 18.3411 -0.9375 -7.1794
SCALE 1 1 1
X 0.8374 -0.5402 -0.0841
Y -0.2169 -0.4695 0.8559
Z -0.5018 -0.6984 -0.5103

PART 32
OFFSET 19.5641 -1.7265 -7.3022
SCALE 1 1 1
X 0.8106 -0.5839 -0.0436
Y -0.2391 -0.3981 0.8856
Z -0.5345 -0.7075 -0.4623

PART 33
OFFSET 20.4786 -2.3925 -7.3555
SCALE 1 1 1
X -0.4347 0.7472 -0.5027
Y -0.7427 0.0183 0.6694
Z 0.5094 0.6643 0.5470

PART 34
OFFSET 15.4186 -1.2381 -5.6129
SCALE 1 1 1
X -0.4204 -0.6814 -0.5992
Y 0.0668 0.6353 -0.7694
Z 0.9049 -0.3634 -0.2215

PART 35
OFFSET 7.9058 -2.8423 -5.2049
SCALE 1 1 1
X 0.9996 -0.0096 0.0257
Y 0.0089 0.9996 0.0269
Z -0.0260 -0.0267 0.9993

PART 36
OFFSET -13.3341 -6.7471 -6.3406
SCALE 1 1 1
X -0.8356 0.3545 0.4197
Y -0.1777 -0.8973 0.4041
Z 0.5199 0.2631 0.8127

PART 37
OFFSET -3.2288 -11.0339 -11.4168
SCALE 1 1 1
X -0.6420 -0.6318 -0.4344
Y 0.7585 -0.4404 -0.4804
Z 0.1121 -0.6379 0.7619

PART 38
OFFSET 2.2317 -5.6606 -7.7220
SCALE 1 1 1
X -0.6420 -0.6318 -0.4344
Y 0.6300 -0.1118 -0.7685
Z 0.4369 -0.7671 0.4698

PART 39
OFFSET 2.5227 -3.6732 -7.7318
SCALE 1 1 1
X -0.6468 -0.6274 -0.4336
Y -0.1212 0.6459 -0.7537
Z 0.7529 -0.4350 -0.4938

PART 40
OFFSET 2.1640 -3.4993 -6.5719
SCALE 1 1 1
X -0.6468 -0.6274 -0.4336
Y -0.1212 0.6459 -0.7537
Z 0.7529 -0.4350 -0.4938

PART 41
OFFSET 2.4918 -4.4066 -5.5092
SCALE 1 1 1
X -0.6468 -0.6274 -0.4336
Y -0.1212 0.6459 -0.7537
Z 0.7529 -0.4350 -0.4938

PART 42
OFFSET 4.1999 -3.7238 -6.3902
SCALE 1 1 1
X -0.9939 0.1001 -0.0458
Y 0.0464 0.0040 -0.9989
Z -0.0998 -0.9950 -0.0087

PART 43
OFFSET 4.6432 -3.3642 -5.4021
SCALE 1 1 1
X -0.7588 -0.6022 -0.2481
Y 0.0968 0.2724 -0.9573
Z 0.6440 -0.7505 -0.1484

PART 44
OFFSET 6.2353 -2.0501 -4.7630
SCALE 1 1 1
X -0.6088 -0.3115 0.7296
Y -0.6073 -0.4087 -0.6813
Z 0.5104 -0.8579 0.0596

PART 45
OFFSET 7.1247 -1.4756 -5.9881
SCALE 1 1 1
X 0.2596 0.0798 0.9624
Y -0.7968 -0.5454 0.2601
Z 0.5457 -0.8344 -0.0780

PART 46
OFFSET 6.8326 -1.5144 -7.0297
SCALE 1 1 1
X -0.3231 0.4824 0.8142
Y -0.3260 0.7509 -0.5743
Z -0.8885 -0.4509 -0.0854

PART 47
OFFSET 5.1108 -3.6031 -7.4194
SCALE 1 1 1
X -0.8431 0.0868 0.5307
Y -0.0739 -0.9962 0.0455
Z 0.5327 -0.0009 0.8463

PART 48
OFFSET 7.0918 -3.6761 -8.4942
SCALE 1 1 1
X -0.4165 -0.9090 0.0163
Y 0.7957 -0.3732 -0.4771
Z 0.4398 -0.1857 0.8787

PART 49
OFFSET 7.6815 -2.3892 -8.5173
SCALE 1 1 1
X 0.7039 -0.5478 -0.4521
Y 0.5879 0.8066 -0.0621
Z 0.3987 -0.2221 0.8898

PART 50
OFFSET 7.0574 -1.9035 -8.1164
SCALE 1 1 1
X 0.8792 0.2981 -0.3718
Y -0.2041 0.9406 0.2715
Z 0.4306 -0.1629 0.8877

PART 51
OFFSET 6.2221 -2.1867 -7.7632
SCALE 1 1 1
X -0.6066 -0.7949 -0.0145
Y -0.6654 0.4977 0.5564
Z -0.4351 0.3471 -0.8308

PART 52
OFFSET 5.2847 -3.7667 -6.7466
SCALE 1 1 1
X -0.9565 0.1293 0.2614
Y -0.1212 -0.9915 0.0470
Z 0.2653 0.0133 0.9641

PART 53
OFFSET 7.7251 -4.1263 -7.5673
SCALE 1 1 1
X -0.4284 -0.8758 0.2225
Y 0.7797 -0.4827 -0.3989
Z 0.4567 0.0026 0.8896

PART 54
OFFSET 8.4544 -2.6352 -7.9461
SCALE 1 1 1
X 0.7760 -0.4974 -0.3879
Y 0.4534 0.8674 -0.2053
Z 0.4386 -0.0166 0.8985

PART 55
OFFSET 7.3790 -1.9459 -7.4085
SCALE 1 1 1
X 0.8937 0.1345 -0.4279
Y -0.1153 0.9908 0.0707
Z 0.4335 -0.0139 0.9010

PART 56
OFFSET 6.4097 -2.0918 -6.9443
SCALE 1 1 1
X -0.6451 -0.6769 0.3545
Y -0.6252 0.7343 0.2644
Z -0.4393 -0.0511 -0.8969

PART 57
OFFSET -0.0295 -3.8437 -5.7407
SCALE 1 1 1
X -0.9719 -0.1832 0.1477
Y -0.1915 0.9805 -0.0441
Z -0.1368 -0.0711 -0.9880

PART 58
OFFSET 8.0007 -4.4867 -5.4617
SCALE 1 1 1
X -0.9655 -0.2597 0.0201
Y 0.2605 -0.9640 0.0543
Z 0.0053 0.0577 0.9983

PART 59
OFFSET 9.7005 -4.0294 -5.4971
SCALE 1 1 1
X -0.9820 -0.1881 0.0167
Y 0.1888 -0.9759 0.1096
Z -0.0044 0.1108 0.9938

PART 60
OFFSET 10.8941 -3.7940 -5.4570
SCALE 1 1 1
X -0.9964 -0.0550 -0.0649
Y 0.0496 -0.9955 0.0811
Z -0.0690 0.0776 0.9946

PART 61
OFFSET 12.0195 -3.7319 -5.3837
SCALE 1 1 1
X 0.2601 0.9384 0.2276
Y 0.9655 -0.2561 -0.0474
Z 0.0138 0.2321 -0.9726

PART 62
OFFSET 7.9629 -4.2932 -6.5487
SCALE 1 1 1
X -0.4269 -0.8738 0.2328
Y 0.8607 -0.4717 -0.1919
Z 0.2775 0.1185 0.9534

PART 63
OFFSET 8.7970 -2.5862 -7.0035
SCALE 1 1 1
X 0.8523 -0.4808 -0.2060
Y 0.4222 0.8648 -0.2717
Z 0.3088 0.1446 0.9401

PART 64
OFFSET 7.5521 -1.8839 -6.7026
SCALE 1 1 1
X 0.9176 0.1950 -0.3462
Y -0.2514 0.9597 -0.1257
Z 0.3078 0.2024 0.9297

PART 65
OFFSET 6.5105 -2.1056 -6.3171
SCALE 1 1 1
X -0.5627 -0.7755 0.2864
Y -0.7580 0.6223 0.1956
Z -0.3299 -0.1070 -0.9379

PART 66
OFFSET 0.0000 0.0000 0.0000
SCALE 1 1 1
X 1.0000 0.0000 0.0000
Y 0.0000 1.0000 0.0000
Z 0.0000 0.0000 1.0000

PART 67
OFFSET 0.0000 0.0000 0.0000
SCALE 1 1 1
X 1.0000 0.0021 -0.0081
Y -0.0022 1.0000 -0.0032
Z 0.0081 0.0032 1.0000

PART 68
OFFSET 1.5738 0.0165 4.1231
SCALE 1 1 1
X 1.0000 0.0021 -0.0081
Y -0.0022 1.0000 -0.0032
Z 0.0081 0.0032 1.0000

PART 69
OFFSET -4.6428 -0.0143 -1.3394
SCALE 1 1 1
X 1.0000 0.0021 -0.0081
Y -0.0022 1.0000 -0.0032
Z 0.0081 0.0032 1.0000

PART 70
OFFSET 7.9058 -2.8423 -5.2049
SCALE 1 1 1
X 0.9996 -0.0096 0.0257
Y 0.0089 0.9996 0.0269
Z -0.0260 -0.0267 0.9993

PART 71
OFFSET 12.4029 -3.6356 -2.8815
SCALE 1 1 1
X -0.0222 -0.8341 0.5511
Y 0.9996 -0.0096 0.0257
Z -0.0162 0.5515 0.8340

PART 72
OFFSET 35.5437 -3.1585 -1.9890
SCALE 1 1 1
X 0.9996 -0.0096 0.0257
Y 0.0089 0.9996 0.0269
Z -0.0260 -0.0267 0.9993

PART 73
OFFSET 12.1644 -2.9260 -3.8101
SCALE 1 1 1
X 0.9996 -0.0096 0.0257
Y 0.0089 0.9996 0.0269
Z -0.0260 -0.0267 0.9993

PART 74
OFFSET 6.5467 -2.9067 -2.3659
SCALE 1 1 1
X 0.9996 -0.0096 0.0257
Y 0.0089 0.9996 0.0269
Z -0.0260 -0.0267 0.9993

PART 75
OFFSET 9.6440 -2.9488 -1.8212
SCALE 1 1 1
X 0.9996 -0.0096 0.0257
Y 0.0089 0.9996 0.0269
Z -0.0260 -0.0267 0.9993

PART 76
OFFSET 9.6440 -2.9488 -1.8212
SCALE 1 1 1
X 0.9996 -0.0096 0.0257
Y 0.0089 0.9996 0.0269
Z -0.0260 -0.0267 0.9993

PART 77
OFFSET 9.6440 -2.9488 -1.8212
SCALE 1 1 1
X 0.9996 -0.0096 0.0257
Y 0.0089 0.9996 0.0269
Z -0.0260 -0.0267 0.9993


FRAME 553
PART 0
OFFSET 0.0000 0.0000 0.0000
SCALE 1 1 1
X 1.0000 0.0000 0.0000
Y 0.0000 1.0000 0.0000
Z 0.0000 0.0000 1.0000

PART 1
OFFSET -7.6807 -2.7496 1.5396
SCALE 1 1 1
X 1.0000 0.0000 0.0000
Y 0.0000 1.0000 0.0000
Z 0.0000 0.0000 1.0000

PART 2
OFFSET -3.0306 7.8116 -3.0085
SCALE 1 1 1
X 0.5199 -0.1138 -0.8466
Y 0.0460 -0.9859 0.1607
Z -0.8530 -0.1225 -0.5074

PART 3
OFFSET 3.2573 6.4355 -13.2472
SCALE 1 1 1
X 0.7258 -0.3899 0.5668
Y -0.5631 0.1367 0.8150
Z -0.3952 -0.9107 -0.1203

PART 4
OFFSET 9.4302 3.1193 -8.4264
SCALE 1 1 1
X 0.7258 -0.3899 0.5668
Y -0.3219 0.5356 0.7807
Z -0.6080 -0.7491 0.2632

PART 5
OFFSET 11.5673 3.8655 -8.1868
SCALE 1 1 1
X 0.7302 -0.3882 0.5622
Y 0.4012 0.9097 0.1070
Z -0.5530 0.1475 0.8200

PART 6
OFFSET 10.5846 1.8873 -8.9628
SCALE 1 1 1
X 0.7302 -0.3882 0.5622
Y 0.4012 0.9097 0.1070
Z -0.5530 0.1475 0.8200

PART 7
OFFSET 10.4740 3.6817 -5.9878
SCALE 1 1 1
X 0.7302 -0.3882 0.5622
Y 0.4012 0.9097 0.1070
Z -0.5530 0.1475 0.8200

PART 8
OFFSET 9.8705 2.4373 -6.2489
SCALE 1 1 1
X 0.7302 -0.3882 0.5622
Y 0.4012 0.9097 0.1070
Z -0.5530 0.1475 0.8200

PART 9
OFFSET 9.6050 1.6173 -7.1462
SCALE 1 1 1
X 0.7302 -0.3882 0.5622
Y 0.4012 0.9097 0.1070
Z -0.5530 0.1475 0.8200

PART 10
OFFSET 11.6552 1.9241 -6.6887
SCALE 1 1 1
X 0.9941 0.0798 0.0730
Y -0.1067 0.6114 0.7841
Z 0.0179 -0.7873 0.6163

PART 11
OFFSET 12.0068 2.2267 -5.6461
SCALE 1 1 1
X 0.4830 0.1224 0.8670
Y -0.4616 0.8770 0.1333
Z -0.7441 -0.4646 0.4801

PART 12
OFFSET 12.9615 2.5526 -3.7351
SCALE 1 1 1
X 0.7600 -0.1245 0.6379
Y -0.3457 0.7537 0.5590
Z -0.5503 -0.6454 0.5297

PART 13
OFFSET 14.1474 2.2344 -2.6793
SCALE 1 1 1
X 0.6512 -0.1329 0.7472
Y -0.3665 0.8071 0.4629
Z -0.6646 -0.5753 0.4769

PART 14
OFFSET 14.8149 2.0781 -1.8416
SCALE 1 1 1
X 0.8321 0.4378 0.3406
Y 0.2385 0.2722 -0.9322
Z -0.5008 0.8569 0.1221

PART 15
OFFSET 12.6142 1.1779 -7.3420
SCALE 1 1 1
X 0.9021 -0.3622 -0.2346
Y -0.1323 -0.7496 0.6485
Z -0.4108 -0.5540 -0.7241

PART 16
OFFSET 14.6847 0.3528 -7.6841
SCALE 1 1 1
X 0.9139 -0.3955 0.0911
Y -0.3463 -0.6427 0.6833
Z -0.2117 -0.6561 -0.7244

PART 17
OFFSET 15.9786 -0.2072 -7.5551
SCALE 1 1 1
X 0.6300 -0.6402 0.4396
Y -0.7606 -0.3943 0.5157
Z -0.1569 -0.6593 -0.7354

PART 18
OFFSET 16.5371 -0.7749 -7.1653
SCALE 1 1 1
X 0.4372 -0.7098 0.5523
Y -0.8738 -0.1898 0.4477
Z -0.2129 -0.6783 -0.7033

PART 19
OFFSET 16.9525 -1.4492 -6.6407
SCALE 1 1 1
X 0.2450 0.7602 -0.6018
Y -0.9679 0.2277 -0.1063
Z 0.0563 0.6085 0.7916

PART 20
OFFSET 12.7595 1.7117 -6.8909
SCALE 1 1 1
X 0.9812 -0.1581 -0.1106
Y -0.0633 -0.8052 0.5896
Z -0.1822 -0.5715 -0.8001

PART 21
OFFSET 15.2804 1.2342 -7.3097
SCALE 1 1 1
X 0.9546 -0.2965 -0.0287
Y -0.2103 -0.7388 0.6402
Z -0.2110 -0.6052 -0.7676

PART 22
OFFSET 16.9056 0.7295 -7.3585
SCALE 1 1 1
X 0.7019 -0.6319 0.3288
Y -0.6882 -0.4825 0.5419
Z -0.1838 -0.6066 -0.7735

PART 23
OFFSET 17.8784 -0.1463 -6.9029
SCALE 1 1 1
X 0.4973 -0.7395 0.4538
Y -0.8470 -0.3005 0.4385
Z -0.1879 -0.6024 -0.7758

PART 24
OFFSET 18.4177 -0.9483 -6.4107
SCALE 1 1 1
X 0.0671 0.7479 -0.6604
Y -0.9701 0.2037 0.1321
Z 0.2334 0.6318 0.7392

PART 25
OFFSET 14.5601 2.7188 -4.8884
SCALE 1 1 1
X 0.9610 -0.2621 0.0884
Y 0.2676 0.7998 -0.5374
Z 0.0701 0.5401 0.8387

PART 26
OFFSET 15.4417 2.9887 -6.0419
SCALE 1 1 1
X 0.9892 0.0116 -0.1459
Y 0.0834 -0.8638 0.4969
Z -0.1202 -0.5037 -0.8555

PART 27
OFFSET 17.1834 3.0091 -6.2987
SCALE 1 1 1
X 0.9772 -0.2097 -0.0346
Y -0.1688 -0.8647 0.4730
Z -0.1291 -0.4564 -0.8804

PART 28
OFFSET 18.3792 2.7820 -6.2873
SCALE 1 1 1
X 0.9670 -0.2459 0.0665
Y -0.2466 -0.8379 0.4870
Z -0.0640 -0.4873 -0.8709

PART 29
OFFSET 19.4715 2.5042 -6.2122
SCALE 1 1 1
X -0.1102 0.6994 -0.7062
Y -0.9788 0.0469 0.1992
Z 0.1725 0.7132 0.6794

PART 30
OFFSET 15.4547 2.1757 -6.7898
SCALE 1 1 1
X 0.9846 -0.1477 -0.0933
Y -0.0730 -0.8328 0.5487
Z -0.1588 -0.5335 -0.8308

PART 31
OFFSET 17.3782 1.8871 -6.9721
SCALE 1 1 1
X 0.8293 -0.5370 0.1544
Y -0.5223 -0.6468 0.5557
Z -0.1986 -0.5415 -0.8169

PART 32
OFFSET 18.5895 1.1027 -6.7465
SCALE 1 1 1
X 0.7054 -0.6635 0.2492
Y -0.6641 -0.4959 0.5595
Z -0.2476 -0.5602 -0.7905

PART 33
OFFSET 19.3872 0.3476 -6.4702
SCALE 1 1 1
X -0.1009 0.8613 -0.4980
Y -0.9781 0.0057 0.2081
Z 0.1820 0.5081 0.8419

PART 34
OFFSET 14.4353 0.6112 -5.9742
SCALE 1 1 1
X -0.2533 -0.5999 -0.7589
Y -0.0179 0.7873 -0.6163
Z 0.9672 -0.1425 -0.2102

PART 35
OFFSET 7.9508 -2.8242 -5.2312
SCALE 1 1 1
X 0.9994 -0.0165 0.0306
Y 0.0151 0.9989 0.0454
Z -0.0313 -0.0449 0.9985

PART 36
OFFSET -13.3341 -6.7471 -6.3406
SCALE 1 1 1
X -0.8375 0.3517 0.4182
Y -0.1724 -0.8963 0.4086
Z 0.5186 0.2701 0.8112

PART 37
OFFSET -3.2058 -11.0009 -11.3988
SCALE 1 1 1
X -0.6440 -0.6344 -0.4276
Y 0.7562 -0.4430 -0.4815
Z 0.1161 -0.6334 0.7651

PART 38
OFFSET 2.2713 -5.6048 -7.7622
SCALE 1 1 1
X -0.6440 -0.6344 -0.4276
Y 0.6164 -0.0991 -0.7812
Z 0.4532 -0.7666 0.4549

PART 39
OFFSET 2.5650 -3.6139 -7.7953
SCALE 1 1 1
X -0.6488 -0.6300 -0.4268
Y -0.1251 0.6415 -0.7569
Z 0.7506 -0.4376 -0.4950

PART 40
OFFSET 2.2151 -3.4385 -6.6317
SCALE 1 1 1
X -0.6488 -0.6300 -0.4268
Y -0.1251 0.6415 -0.7569
Z 0.7506 -0.4376 -0.4950

PART 41
OFFSET 2.5502 -4.3494 -5.5538
SCALE 1 1 1
X -0.6488 -0.6300 -0.4268
Y -0.1251 0.6415 -0.7569
Z 0.7506 -0.4376 -0.4950

PART 42
OFFSET 4.2455 -3.6597 -6.4514
SCALE 1 1 1
X -0.9930 0.1074 -0.0490
Y 0.0516 0.0221 -0.9984
Z -0.1061 -0.9940 -0.0275

PART 43
OFFSET 4.6859 -3.3213 -5.4546
SCALE 1 1 1
X -0.7614 -0.5926 -0.2630
Y 0.1035 0.2894 -0.9516
Z 0.6400 -0.7517 -0.1590

PART 44
OFFSET 6.2830 -2.0296 -4.7833
SCALE 1 1 1
X -0.6146 -0.3210 0.7206
Y -0.6064 -0.3921 -0.6918
Z 0.5046 -0.8621 0.0464

PART 45
OFFSET 7.1824 -1.4382 -5.9931
SCALE 1 1 1
X 0.2551 0.0603 0.9650
Y -0.8016 -0.5450 0.2460
Z 0.5407 -0.8363 -0.0907

PART 46
OFFSET 6.8954 -1.4560 -7.0367
SCALE 1 1 1
X -0.3242 0.4694 0.8213
Y -0.3182 0.7635 -0.5620
Z -0.8909 -0.4435 -0.0982

PART 47
OFFSET 5.1625 -3.5260 -7.4735
SCALE 1 1 1
X -0.8453 0.0825 0.5280
Y -0.0805 -0.9964 0.0267
Z 0.5283 -0.0199 0.8488

PART 48
OFFSET 7.1485 -3.5920 -8.5394
SCALE 1 1 1
X -0.4224 -0.9064 -0.0026
Y 0.7958 -0.3694 -0.4799
Z 0.4340 -0.2047 0.8773

PART 49
OFFSET 7.7465 -2.3087 -8.5358
SCALE 1 1 1
X 0.7027 -0.5439 -0.4586
Y 0.5933 0.8038 -0.0442
Z 0.3926 -0.2410 0.8876

PART 50
OFFSET 7.1234 -1.8265 -8.1292
SCALE 1 1 1
X 0.8830 0.2992 -0.3618
Y -0.1995 0.9367 0.2878
Z 0.4250 -0.1820 0.8867

PART 51
OFFSET 6.2845 -2.1107 -7.7855
SCALE 1 1 1
X -0.6116 -0.7905 -0.0322
Y -0.6651 0.4916 0.5621
Z -0.4286 0.3652 -0.8264

PART 52
OFFSET 5.3318 -3.7031 -6.8030
SCALE 1 1 1
