// Export filename: `C:/Program Files/Activision/Call of Duty 4 - Modern Warfare/xanim_export/viewmodels/M16/m16_reload_empty.XANIM_EXPORT`
// Source filename: `C:/Program Files/Activision/Call of Duty 4 - Modern Warfare/bin/maya/animation_src/viewmodel/m16/viewmodel_m16_animation.mb`
// Export time: Mon Jan 07 16:16:59 2008

ANIMATION
VERSION 3

NUMPARTS 78
PART 0 "tag_ads"
PART 1 "tag_torso"
PART 2 "J_Shoulder_LE"
PART 3 "J_Elbow_LE"
PART 4 "J_WristTwist_LE"
PART 5 "J_Sleave_Reshape_Bottom_LE_1"
PART 6 "J_Sleave_Reshape_Bottom_LE_2"
PART 7 "J_Sleave_Reshape_Top_LE_1"
PART 8 "J_Sleave_Reshape_Top_LE_2"
PART 9 "J_Sleave_Reshape_Top_LE_3"
PART 10 "J_Wrist_LE"
PART 11 "J_Thumb_LE_0"
PART 12 "J_Thumb_LE_1"
PART 13 "J_Thumb_LE_2"
PART 14 "J_Thumb_LE_3"
PART 15 "J_PinkyPalm_LE"
PART 16 "J_Pinky_LE_0"
PART 17 "J_Pinky_LE_1"
PART 18 "J_Pinky_LE_2"
PART 19 "J_Pinky_LE_3"
PART 20 "J_RingPalm_LE"
PART 21 "J_Ring_LE_0"
PART 22 "J_Ring_LE_1"
PART 23 "J_Ring_LE_2"
PART 24 "J_Ring_LE_3"
PART 25 "J_Webbing_LE"
PART 26 "J_Index_LE_0"
PART 27 "J_Index_LE_1"
PART 28 "J_Index_LE_2"
PART 29 "J_Index_LE_3"
PART 30 "J_Mid_LE_0"
PART 31 "J_Mid_LE_1"
PART 32 "J_Mid_LE_2"
PART 33 "J_Mid_LE_3"
PART 34 "tag_knife_attach"
PART 35 "tag_weapon"
PART 36 "J_Shoulder_RI"
PART 37 "J_Elbow_RI"
PART 38 "J_WristTwist_RI"
PART 39 "J_Sleave_Reshape_Top_RI_3"
PART 40 "J_Sleave_Reshape_Top_RI_2"
PART 41 "J_Sleave_Reshape_Top_RI_1"
PART 42 "J_Wrist_RI"
PART 43 "J_Thumb_RI_0"
PART 44 "J_Thumb_RI_1"
PART 45 "J_Thumb_RI_2"
PART 46 "J_Thumb_RI_3"
PART 47 "J_PinkyPalm_RI"
PART 48 "J_Pinky_RI_0"
PART 49 "J_Pinky_RI_1"
PART 50 "J_Pinky_RI_2"
PART 51 "J_Pinky_RI_3"
PART 52 "J_RingPalm_RI"
PART 53 "J_Ring_RI_0"
PART 54 "J_Ring_RI_1"
PART 55 "J_Ring_RI_2"
PART 56 "J_Ring_RI_3"
PART 57 "J_Webbing_RI"
PART 58 "J_Index_RI_0"
PART 59 "J_Index_RI_1"
PART 60 "J_Index_RI_2"
PART 61 "J_Index_RI_3"
PART 62 "J_Mid_RI_0"
PART 63 "J_Mid_RI_1"
PART 64 "J_Mid_RI_2"
PART 65 "J_Mid_RI_3"
PART 66 "tag_cambone"
PART 67 "tag_camera"
PART 68 "tag_gasmask"
PART 69 "tag_gasmask2"
PART 70 "J_Gun"
PART 71 "TAG_BRASS"
PART 72 "TAG_FLASH"
PART 73 "TAG_CLIP"
PART 74 "J_Clip_Release"
PART 75 "TAG_REFLEX_SIGHT"
PART 76 "TAG_ACOG"
PART 77 "TAG_IRON_SIGHT"

FRAMERATE 30
NUMFRAMES 72

FRAME 30
PART 0
OFFSET 0.0000 0.0000 0.0000
SCALE 1 1 1
X 1.0000 0.0000 0.0000
Y 0.0000 1.0000 0.0000
Z 0.0000 0.0000 1.0000

PART 1
OFFSET -7.6807 -2.7496 1.5396
SCALE 1 1 1
X 1.0000 0.0000 0.0000
Y 0.0000 1.0000 0.0000
Z 0.0000 0.0000 1.0000

PART 2
OFFSET -3.2132 8.4660 -2.3313
SCALE 1 1 1
X 0.7253 -0.3235 -0.6076
Y -0.1633 -0.9383 0.3047
Z -0.6688 -0.1218 -0.7334

PART 3
OFFSET 5.5588 4.5531 -9.6800
SCALE 1 1 1
X 0.7649 -0.4789 0.4307
Y -0.4280 0.1219 0.8955
Z -0.4814 -0.8694 -0.1117

PART 4
OFFSET 12.0648 0.4797 -6.0164
SCALE 1 1 1
X 0.7649 -0.4789 0.4307
Y 0.1107 0.7565 0.6445
Z -0.6345 -0.4453 0.6317

PART 5
OFFSET 14.3239 1.2573 -5.9225
SCALE 1 1 1
X 0.7688 -0.4772 0.4257
Y 0.4853 0.8689 0.0976
Z -0.4165 0.1315 0.8996

PART 6
OFFSET 13.0263 -0.7939 -6.7855
SCALE 1 1 1
X 0.7688 -0.4772 0.4257
Y 0.4853 0.8689 0.0976
Z -0.4165 0.1315 0.8996

PART 7
OFFSET 13.5851 0.9499 -3.7361
SCALE 1 1 1
X 0.7688 -0.4772 0.4257
Y 0.4853 0.8689 0.0976
Z -0.4165 0.1315 0.8996

PART 8
OFFSET 12.7681 -0.3663 -3.9820
SCALE 1 1 1
X 0.7688 -0.4772 0.4257
Y 0.4853 0.8689 0.0976
Z -0.4165 0.1315 0.8996

PART 9
OFFSET 12.1657 -1.2350 -4.7632
SCALE 1 1 1
X 0.7688 -0.4772 0.4257
Y 0.4853 0.8689 0.0976
Z -0.4165 0.1315 0.8996

PART 10
OFFSET 14.4097 -0.9885 -4.6958
SCALE 1 1 1
X 0.9587 -0.2742 0.0754
Y 0.1691 0.7628 0.6241
Z -0.2286 -0.5856 0.7777

PART 11
OFFSET 14.9103 -0.6162 -3.7403
SCALE 1 1 1
X 0.9398 -0.0723 0.3340
Y 0.0268 0.9899 0.1389
Z -0.3407 -0.1216 0.9323

PART 12
OFFSET 16.9220 -0.6802 -2.9537
SCALE 1 1 1
X 0.9386 -0.3291 0.1033
Y 0.2596 0.8711 0.4168
Z -0.2272 -0.3644 0.9031

PART 13
OFFSET 18.3963 -1.3044 -2.7107
SCALE 1 1 1
X 0.9436 -0.0618 0.3254
Y -0.0297 0.9627 0.2689
Z -0.3299 -0.2634 0.9065

PART 14
OFFSET 19.4011 -1.3668 -2.3127
SCALE 1 1 1
X 0.9023 0.3220 -0.2867
Y -0.2854 -0.0523 -0.9570
Z -0.3231 0.9453 0.0447

PART 15
OFFSET 14.9937 -2.1557 -5.1432
SCALE 1 1 1
X 0.5769 -0.7954 0.1859
Y -0.4400 -0.1109 0.8911
Z -0.6882 -0.5959 -0.4139

PART 16
OFFSET 16.3362 -3.8695 -4.5559
SCALE 1 1 1
X -0.0159 -0.0416 0.9990
Y -0.5454 0.8378 0.0262
Z -0.8381 -0.5444 -0.0360

PART 17
OFFSET 16.3137 -3.9285 -3.1415
SCALE 1 1 1
X -0.3584 0.5403 0.7613
Y -0.4384 0.6226 -0.6482
Z -0.8242 -0.5661 0.0137

PART 18
OFFSET 15.9959 -3.4494 -2.4665
SCALE 1 1 1
X -0.4654 0.7112 0.5269
Y -0.2524 0.4640 -0.8491
Z -0.8484 -0.5282 -0.0364

PART 19
OFFSET 15.5538 -2.7738 -1.9659
SCALE 1 1 1
X 0.6371 -0.7588 0.1353
Y 0.0017 -0.1741 -0.9847
Z 0.7708 0.6276 -0.1096

PART 20
OFFSET 15.3489 -1.6273 -4.8204
SCALE 1 1 1
X 0.7807 -0.6155 0.1081
Y -0.4690 -0.4628 0.7522
Z -0.4130 -0.6379 -0.6500

PART 21
OFFSET 17.3240 -3.3093 -4.6531
SCALE 1 1 1
X -0.0443 -0.6244 0.7798
Y -0.5911 0.6457 0.4834
Z -0.8054 -0.4395 -0.3977

PART 22
OFFSET 17.2486 -4.3724 -3.3254
SCALE 1 1 1
X -0.5789 0.4369 0.6885
Y -0.1512 0.7722 -0.6172
Z -0.8013 -0.4614 -0.3809

PART 23
OFFSET 16.4463 -3.7669 -2.3712
SCALE 1 1 1
X -0.5982 0.6909 0.4059
Y 0.0775 0.5540 -0.8289
Z -0.7976 -0.4644 -0.3849

PART 24
OFFSET 15.7975 -3.0176 -1.9310
SCALE 1 1 1
X 0.4067 -0.9054 0.1220
Y 0.4405 0.0773 -0.8944
Z 0.8003 0.4175 0.4303

PART 25
OFFSET 17.5112 -0.9365 -3.0558
SCALE 1 1 1
X 0.8058 -0.5684 0.1664
Y 0.5038 0.5100 -0.6972
Z 0.3114 0.6457 0.6973

PART 26
OFFSET 18.3579 -1.2640 -4.2205
SCALE 1 1 1
X 0.6938 -0.6985 -0.1756
Y -0.2795 -0.4858 0.8282
Z -0.6638 -0.5255 -0.5322

PART 27
OFFSET 19.5794 -2.4937 -4.5297
SCALE 1 1 1
X 0.0189 -0.7682 0.6399
Y -0.7590 0.4056 0.5094
Z -0.6509 -0.4953 -0.5754

PART 28
OFFSET 19.6419 -3.3976 -3.7169
SCALE 1 1 1
X -0.5676 -0.0895 0.8184
Y -0.4879 0.8373 -0.2468
Z -0.6632 -0.5394 -0.5189

PART 29
OFFSET 19.0008 -3.4987 -2.7924
SCALE 1 1 1
X 0.4386 -0.8784 -0.1896
Y 0.4791 0.4071 -0.7777
Z 0.7603 0.2503 0.5994

PART 30
OFFSET 18.0312 -2.1673 -4.7661
SCALE 1 1 1
X 0.3588 -0.8120 0.4604
Y -0.6603 0.1278 0.7400
Z -0.6597 -0.5695 -0.4903

PART 31
OFFSET 18.7322 -3.7536 -3.8668
SCALE 1 1 1
X -0.6180 0.0655 0.7835
Y -0.3866 0.8424 -0.3754
Z -0.6846 -0.5349 -0.4952

PART 32
OFFSET 17.8295 -3.6579 -2.7224
SCALE 1 1 1
X -0.7196 0.3601 0.5937
Y -0.0992 0.7929 -0.6012
Z -0.6873 -0.4915 -0.5349

PART 33
OFFSET 17.0097 -3.2540 -2.0534
SCALE 1 1 1
X 0.6591 -0.7512 -0.0370
Y 0.3350 0.3373 -0.8798
Z 0.6734 0.5674 0.4739

PART 34
OFFSET 16.5695 -3.0354 -3.6428
SCALE 1 1 1
X -0.4985 -0.6157 -0.6102
Y 0.2286 0.5856 -0.7777
Z 0.8362 -0.5272 -0.1512

PART 35
OFFSET 7.8313 -2.9010 -5.2087
SCALE 1 1 1
X 1.0000 0.0000 0.0000
Y 0.0000 1.0000 0.0000
Z 0.0000 0.0000 1.0000

PART 36
OFFSET -13.3341 -6.7471 -6.3406
SCALE 1 1 1
X -0.8317 0.3598 0.4228
Y -0.1880 -0.8991 0.3954
Z 0.5224 0.2494 0.8154

PART 37
OFFSET -3.2753 -11.0985 -11.4543
SCALE 1 1 1
X -0.6378 -0.6267 -0.4477
Y 0.7631 -0.4352 -0.4778
Z 0.1046 -0.6464 0.7558

PART 38
OFFSET 2.1494 -5.7682 -7.6460
SCALE 1 1 1
X -0.6378 -0.6267 -0.4477
Y 0.6522 -0.1303 -0.7468
Z 0.4097 -0.7683 0.4918

PART 39
OFFSET 2.4352 -3.7864 -7.6153
SCALE 1 1 1
X -0.6426 -0.6223 -0.4470
Y -0.1137 0.6544 -0.7476
Z 0.7577 -0.4296 -0.4913

PART 40
OFFSET 2.0606 -3.6171 -6.4619
SCALE 1 1 1
X -0.6426 -0.6223 -0.4470
Y -0.1137 0.6544 -0.7476
Z 0.7577 -0.4296 -0.4913

PART 41
OFFSET 2.3757 -4.5220 -5.4233
SCALE 1 1 1
X -0.6426 -0.6223 -0.4470
Y -0.1137 0.6544 -0.7476
Z 0.7577 -0.4296 -0.4913

PART 42
OFFSET 4.1047 -3.8469 -6.2734
SCALE 1 1 1
X -0.9957 0.0900 -0.0226
Y 0.0206 -0.0225 -0.9995
Z -0.0905 -0.9957 0.0205

PART 43
OFFSET 4.5698 -3.4569 -5.3071
SCALE 1 1 1
X -0.7592 -0.6153 -0.2121
Y 0.0695 0.2474 -0.9664
Z 0.6472 -0.7484 -0.1450

PART 44
OFFSET 6.1651 -2.1121 -4.7449
SCALE 1 1 1
X -0.5869 -0.2971 0.7532
Y -0.6207 -0.4322 -0.6541
Z 0.5199 -0.8514 0.0692

PART 45
OFFSET 7.0172 -1.5629 -6.0076
SCALE 1 1 1
X 0.2835 0.1079 0.9529
Y -0.7846 -0.5453 0.2952
Z 0.5514 -0.8313 -0.0699

PART 46
OFFSET 6.6988 -1.6323 -7.0398
SCALE 1 1 1
X -0.3066 0.5013 0.8091
Y -0.3478 0.7323 -0.5855
Z -0.8860 -0.4609 -0.0502

PART 47
OFFSET 4.9876 -3.7459 -7.3287
SCALE 1 1 1
X -0.8299 0.0936 0.5500
Y -0.0632 -0.9953 0.0740
Z 0.5543 0.0266 0.8319

PART 48
OFFSET 6.9408 -3.8303 -8.4523
SCALE 1 1 1
X -0.4072 -0.9119 0.0514
Y 0.7867 -0.3788 -0.4875
Z 0.4640 -0.1581 0.8716

PART 49
OFFSET 7.5174 -2.5393 -8.5250
SCALE 1 1 1
X 0.6972 -0.5535 -0.4555
Y 0.5783 0.8098 -0.0988
Z 0.4235 -0.1945 0.8848

PART 50
OFFSET 6.8992 -2.0485 -8.1212
SCALE 1 1 1
X 0.8664 0.2957 -0.4023
Y -0.2060 0.9457 0.2515
Z 0.4549 -0.1351 0.8803

PART 51
OFFSET 6.0761 -2.3295 -7.7390
SCALE 1 1 1
X -0.5992 -0.8003 0.0225
Y -0.6556 0.5065 0.5600
Z -0.4596 0.3208 -0.8282

PART 52
OFFSET 5.1802 -3.8899 -6.6566
SCALE 1 1 1
X -0.9507 0.1278 0.2827
Y -0.1105 -0.9909 0.0766
Z 0.2899 0.0416 0.9562

PART 53
OFFSET 7.6021 -4.2497 -7.5305
SCALE 1 1 1
X -0.4141 -0.8733 0.2568
Y 0.7738 -0.4863 -0.4060
Z 0.4794 0.0306 0.8771

PART 54
OFFSET 8.3071 -2.7630 -7.9678
SCALE 1 1 1
X 0.7704 -0.5008 -0.3946
Y 0.4396 0.8655 -0.2401
Z 0.4617 0.0115 0.8870

PART 55
OFFSET 7.2393 -2.0690 -7.4210
SCALE 1 1 1
X 0.8811 0.1309 -0.4545
Y -0.1229 0.9913 0.0472
Z 0.4567 0.0143 0.8895

PART 56
OFFSET 6.2837 -2.2109 -6.9281
SCALE 1 1 1
X -0.6292 -0.6728 0.3891
Y -0.6252 0.7356 0.2609
Z -0.4618 -0.0791 -0.8835

PART 57
OFFSET -0.1053 -3.9869 -5.5112
SCALE 1 1 1
X -0.9660 -0.1878 0.1778
Y -0.2020 0.9772 -0.0652
Z -0.1615 -0.0989 -0.9819

PART 58
OFFSET 7.9352 -4.5508 -5.4239
SCALE 1 1 1
X -0.9706 -0.2371 0.0416
Y 0.2396 -0.9683 0.0706
Z 0.0236 0.0785 0.9966

PART 59
OFFSET 9.6441 -4.1334 -5.4972
SCALE 1 1 1
X -0.9825 -0.1823 0.0391
Y 0.1858 -0.9744 0.1267
Z 0.0150 0.1317 0.9912

PART 60
OFFSET 10.8393 -3.9038 -5.4845
SCALE 1 1 1
X -0.9978 -0.0492 -0.0451
Y 0.0444 -0.9939 0.1011
Z -0.0498 0.0989 0.9938

PART 61
OFFSET 11.9663 -3.8483 -5.4336
SCALE 1 1 1
X 0.2707 0.9410 0.2029
Y 0.9626 -0.2640 -0.0601
Z -0.0030 0.2116 -0.9774

PART 62
OFFSET 7.8676 -4.3870 -6.5143
SCALE 1 1 1
X -0.4124 -0.8710 0.2671
Y 0.8599 -0.4690 -0.2015
Z 0.3008 0.1465 0.9424

PART 63
OFFSET 8.6733 -2.6855 -7.0361
SCALE 1 1 1
X 0.8512 -0.4786 -0.2152
Y 0.4068 0.8609 -0.3056
Z 0.3315 0.1726 0.9275

PART 64
OFFSET 7.4300 -1.9864 -6.7218
SCALE 1 1 1
X 0.9065 0.1938 -0.3751
Y -0.2637 0.9537 -0.1447
Z 0.3296 0.2301 0.9156

PART 65
OFFSET 6.4008 -2.2069 -6.3035
SCALE 1 1 1
X -0.5477 -0.7724 0.3215
Y -0.7586 0.6206 0.1986
Z -0.3529 -0.1351 -0.9259

PART 66
OFFSET 0.0000 0.0000 0.0000
SCALE 1 1 1
X 1.0000 0.0000 0.0000
Y 0.0000 1.0000 0.0000
Z 0.0000 0.0000 1.0000

PART 67
OFFSET 0.0000 0.0000 0.0000
SCALE 1 1 1
X 1.0000 0.0000 0.0000
Y 0.0000 1.0000 0.0000
Z 0.0000 0.0000 1.0000

PART 68
OFFSET 1.5404 0.0000 4.1357
SCALE 1 1 1
X 1.0000 0.0000 0.0000
Y 0.0000 1.0000 0.0000
Z 0.0000 0.0000 1.0000

PART 69
OFFSET -4.6318 0.0000 -1.3770
SCALE 1 1 1
X 1.0000 0.0000 0.0000
Y 0.0000 1.0000 0.0000
Z 0.0000 0.0000 1.0000

PART 70
OFFSET 7.8313 -2.9010 -5.2087
SCALE 1 1 1
X 1.0000 0.0000 0.0000
Y 0.0000 1.0000 0.0000
Z 0.0000 0.0000 1.0000

PART 71
OFFSET 12.3941 -3.5916 -2.9826
SCALE 1 1 1
X 0.0000 -0.8192 0.5736
Y 1.0000 0.0000 -0.0000
Z -0.0000 0.5736 0.8192

PART 72
OFFSET 35.5445 -2.8852 -2.7048
SCALE 1 1 1
X 1.0000 0.0000 0.0000
Y 0.0000 1.0000 0.0000
Z 0.0000 0.0000 1.0000

PART 73
OFFSET 12.1249 -2.9094 -3.9233
SCALE 1 1 1
X 1.0000 0.0000 0.0000
Y 0.0000 1.0000 0.0000
Z 0.0000 0.0000 1.0000

PART 74
OFFSET 6.5463 -2.9010 -2.3346
SCALE 1 1 1
X 1.0000 0.0000 0.0000
Y 0.0000 1.0000 0.0000
Z 0.0000 0.0000 1.0000

PART 75
OFFSET 9.6569 -2.9010 -1.8697
SCALE 1 1 1
X 1.0000 0.0000 0.0000
Y 0.0000 1.0000 0.0000
Z 0.0000 0.0000 1.0000

PART 76
OFFSET 9.6569 -2.9010 -1.8697
SCALE 1 1 1
X 1.0000 0.0000 0.0000
Y 0.0000 1.0000 0.0000
Z 0.0000 0.0000 1.0000

PART 77
OFFSET 9.6569 -2.9010 -1.8697
SCALE 1 1 1
X 1.0000 0.0000 0.0000
Y 0.0000 1.0000 0.0000
Z 0.0000 0.0000 1.0000


FRAME 31
PART 0
OFFSET 0.0000 0.0000 0.0000
SCALE 1 1 1
X 1.0000 0.0000 0.0000
Y 0.0000 1.0000 0.0000
Z 0.0000 0.0000 1.0000

PART 1
OFFSET -7.6807 -2.7496 1.5396
SCALE 1 1 1
X 1.0000 0.0000 0.0000
Y 0.0000 1.0000 0.0000
Z 0.0000 0.0000 1.0000

PART 2
OFFSET -3.1868 8.4660 -2.3863
SCALE 1 1 1
X 0.6834 -0.2556 -0.6839
Y -0.1069 -0.9616 0.2526
Z -0.7222 -0.0995 -0.6845

PART 3
OFFSET 5.0779 5.3747 -10.6569
SCALE 1 1 1
X 0.7679 -0.4680 0.4373
Y -0.4456 0.1002 0.8896
Z -0.4601 -0.8780 -0.1316

PART 4
OFFSET 11.6095 1.3943 -6.9372
SCALE 1 1 1
X 0.7679 -0.4680 0.4373
Y 0.1530 0.7970 0.5843
Z -0.6220 -0.3818 0.6836

PART 5
OFFSET 13.8459 2.2394 -6.7671
SCALE 1 1 1
X 0.7718 -0.4662 0.4324
Y 0.4643 0.8778 0.1176
Z -0.4344 0.1100 0.8940

PART 6
OFFSET 12.6118 0.1527 -7.7068
SCALE 1 1 1
X 0.7718 -0.4662 0.4324
Y 0.4643 0.8778 0.1176
Z -0.4344 0.1100 0.8940

PART 7
OFFSET 13.0984 1.8852 -4.6367
SCALE 1 1 1
X 0.7718 -0.4662 0.4324
Y 0.4643 0.8778 0.1176
Z -0.4344 0.1100 0.8940

PART 8
OFFSET 12.2971 0.5359 -4.9025
SCALE 1 1 1
X 0.7718 -0.4662 0.4324
Y 0.4643 0.8778 0.1176
Z -0.4344 0.1100 0.8940

PART 9
OFFSET 11.6493 -0.4098 -5.6486
SCALE 1 1 1
X 0.7718 -0.4662 0.4324
Y 0.4643 0.8778 0.1176
Z -0.4344 0.1100 0.8940

PART 10
OFFSET 13.9638 -0.0404 -5.5964
SCALE 1 1 1
X 0.9362 -0.3488 0.0433
Y 0.2639 0.7790 0.5688
Z -0.2321 -0.5211 0.8213

PART 11
OFFSET 14.5443 0.3405 -4.6908
SCALE 1 1 1
X 0.8972 -0.2301 0.3770
Y 0.1014 0.9381 0.3311
Z -0.4298 -0.2588 0.8650

PART 12
OFFSET 16.4666 -0.0767 -3.7961
SCALE 1 1 1
X 0.9254 -0.3333 0.1801
Y 0.1752 0.7979 0.5768
Z -0.3360 -0.5022 0.7968

PART 13
OFFSET 17.9125 -0.7187 -3.4505
SCALE 1 1 1
X 0.8849 -0.3447 0.3134
Y 0.1497 0.8474 0.5094
Z -0.4411 -0.4038 0.8015

PART 14
OFFSET 18.8517 -1.0955 -3.0663
SCALE 1 1 1
X 0.9674 0.1796 -0.1785
Y -0.2207 0.2522 -0.9422
Z -0.1242 0.9509 0.2836

PART 15
OFFSET 14.4265 -1.2750 -6.0028
SCALE 1 1 1
X 0.7385 -0.4751 -0.4785
Y 0.0710 -0.6508 0.7559
Z -0.6705 -0.5922 -0.4469

PART 16
OFFSET 16.1921 -2.3361 -6.9201
SCALE 1 1 1
X 0.8992 -0.4351 0.0466
Y -0.1650 -0.2385 0.9570
Z -0.4053 -0.8682 -0.2862

PART 17
OFFSET 17.4651 -2.9522 -6.8542
SCALE 1 1 1
X 0.6341 -0.4689 0.6149
Y -0.6868 0.0240 0.7265
Z -0.3554 -0.8829 -0.3068

PART 18
OFFSET 18.0273 -3.3679 -6.3090
SCALE 1 1 1
X 0.5682 -0.4674 0.6773
Y -0.7157 0.1255 0.6870
Z -0.4061 -0.8751 -0.2632

PART 19
OFFSET 18.5671 -3.8119 -5.6655
SCALE 1 1 1
X 0.0735 0.4052 -0.9113
Y -0.9573 0.2849 0.0495
Z 0.2797 0.8687 0.4089

PART 20
OFFSET 14.8402 -0.7612 -5.7300
SCALE 1 1 1
X 0.8490 -0.4745 -0.2324
Y -0.1402 -0.6264 0.7668
Z -0.5094 -0.6184 -0.5984

PART 21
OFFSET 16.9712 -2.0708 -6.4389
SCALE 1 1 1
X 0.8284 -0.5602 -0.0039
Y -0.2844 -0.4265 0.8586
Z -0.4827 -0.7101 -0.5126

PART 22
OFFSET 18.3814 -3.0245 -6.4455
SCALE 1 1 1
X 0.8084 -0.5811 0.0939
Y -0.3697 -0.3771 0.8492
Z -0.4581 -0.7212 -0.5197

PART 23
OFFSET 19.5018 -3.8299 -6.3154
SCALE 1 1 1
X 0.5493 -0.6932 0.4666
Y -0.6956 -0.0700 0.7150
Z -0.4630 -0.7173 -0.5207

PART 24
OFFSET 20.0976 -4.5817 -5.8094
SCALE 1 1 1
X -0.0755 0.5726 -0.8163
Y -0.8642 0.3708 0.3400
Z 0.4974 0.7311 0.4669

PART 25
OFFSET 17.1444 -0.1580 -4.1196
SCALE 1 1 1
X 0.7653 -0.6237 0.1591
Y 0.5043 0.4273 -0.7504
Z 0.4001 0.6545 0.6415

PART 26
OFFSET 17.8971 -0.6182 -5.3039
SCALE 1 1 1
X 0.7647 -0.6263 0.1517
Y -0.4892 -0.4111 0.7692
Z -0.4194 -0.6624 -0.6208

PART 27
OFFSET 19.2434 -1.7209 -5.0369
SCALE 1 1 1
X 0.4304 -0.7655 0.4783
Y -0.8112 -0.0956 0.5769
Z -0.3959 -0.6363 -0.6621

PART 28
OFFSET 19.7908 -2.6128 -4.4152
SCALE 1 1 1
X 0.4244 -0.7219 0.5466
Y -0.8213 -0.0528 0.5680
Z -0.3812 -0.6900 -0.6153

PART 29
OFFSET 20.2702 -3.4282 -3.7978
SCALE 1 1 1
X 0.4960 0.0886 -0.8638
Y -0.5956 0.7585 -0.2643
Z 0.6318 0.6456 0.4290

PART 30
OFFSET 17.4693 -1.5196 -5.7783
SCALE 1 1 1
X 0.8184 -0.5709 0.0652
Y -0.3213 -0.3606 0.8756
Z -0.4764 -0.7376 -0.4786

PART 31
OFFSET 19.0681 -2.6349 -5.6509
SCALE 1 1 1
X 0.5960 -0.6901 0.4105
Y -0.6172 -0.0667 0.7840
Z -0.5137 -0.7206 -0.4656

PART 32
OFFSET 19.9387 -3.6429 -5.0513
SCALE 1 1 1
X 0.3160 -0.6675 0.6742
Y -0.7652 0.2408 0.5971
Z -0.5610 -0.7046 -0.4347

PART 33
OFFSET 20.2932 -4.4041 -4.2912
SCALE 1 1 1
X 0.2823 0.4031 -0.8706
Y -0.8286 0.5598 -0.0095
Z 0.4835 0.7240 0.4920

PART 34
OFFSET 16.0061 -2.1999 -4.5339
SCALE 1 1 1
X -0.5791 -0.6044 -0.5471
Y 0.2321 0.5211 -0.8213
Z 0.7815 -0.6027 -0.1615

PART 35
OFFSET 7.8543 -2.8959 -5.1167
SCALE 1 1 1
X 1.0000 0.0006 0.0085
Y -0.0012 0.9976 0.0690
Z -0.0085 -0.0691 0.9976

PART 36
OFFSET -13.3341 -6.7471 -6.3406
SCALE 1 1 1
X -0.8348 0.3558 0.4201
Y -0.1832 -0.8992 0.3973
Z 0.5191 0.2547 0.8159

PART 37
OFFSET -3.2376 -11.0496 -11.4212
SCALE 1 1 1
X -0.6374 -0.6293 -0.4447
Y 0.7631 -0.4354 -0.4776
Z 0.1070 -0.6438 0.7577

PART 38
OFFSET 2.1839 -5.6974 -7.6392
SCALE 1 1 1
X -0.6374 -0.6293 -0.4447
Y 0.6167 -0.0708 -0.7840
Z 0.4619 -0.7740 0.4332

PART 39
OFFSET 2.4786 -3.7022 -7.6514
SCALE 1 1 1
X -0.6423 -0.6249 -0.4439
Y -0.1161 0.6517 -0.7495
Z 0.7576 -0.4298 -0.4911

PART 40
OFFSET 2.1163 -3.5485 -6.4872
SCALE 1 1 1
X -0.6423 -0.6249 -0.4439
Y -0.1161 0.6517 -0.7495
Z 0.7576 -0.4298 -0.4911

PART 41
OFFSET 2.4406 -4.4840 -5.4061
SCALE 1 1 1
X -0.6423 -0.6249 -0.4439
Y -0.1161 0.6517 -0.7495
Z 0.7576 -0.4298 -0.4911

PART 42
OFFSET 4.1380 -3.7683 -6.2760
SCALE 1 1 1
X -0.9956 0.0908 -0.0248
Y 0.0291 0.0466 -0.9985
Z -0.0895 -0.9948 -0.0491

PART 43
OFFSET 4.5945 -3.4457 -5.2812
SCALE 1 1 1
X -0.7566 -0.5997 -0.2606
Y 0.0774 0.3136 -0.9464
Z 0.6492 -0.7362 -0.1908

PART 44
OFFSET 6.1834 -2.1419 -4.6138
SCALE 1 1 1
X -0.5929 -0.3488 0.7258
Y -0.6146 -0.3864 -0.6877
Z 0.5203 -0.8538 0.0147

PART 45
OFFSET 7.0455 -1.5063 -5.8283
SCALE 1 1 1
X 0.2753 0.0421 0.9604
Y -0.7864 -0.5648 0.2501
Z 0.5530 -0.8241 -0.1224

PART 46
OFFSET 6.7359 -1.5044 -6.8655
SCALE 1 1 1
X -0.3141 0.4440 0.8392
Y -0.3437 0.7708 -0.5365
Z -0.8850 -0.4569 -0.0894

PART 47
OFFSET 5.0297 -3.5941 -7.3143
SCALE 1 1 1
X -0.8347 0.0549 0.5480
Y -0.0627 -0.9980 0.0045
Z 0.5472 -0.0306 0.8365

PART 48
OFFSET 6.9925 -3.5995 -8.4243
SCALE 1 1 1
X -0.4066 -0.9135 -0.0152
Y 0.7912 -0.3438 -0.5057
Z 0.4568 -0.2176 0.8626

PART 49
OFFSET 7.5682 -2.3062 -8.4028
SCALE 1 1 1
X 0.7017 -0.5203 -0.4866
Y 0.5782 0.8150 -0.0377
Z 0.4162 -0.2549 0.8728

PART 50
OFFSET 6.9460 -1.8449 -7.9713
SCALE 1 1 1
X 0.8694 0.3233 -0.3735
Y -0.2092 0.9259 0.3145
Z 0.4475 -0.1953 0.8727

PART 51
OFFSET 6.1200 -2.1521 -7.6165
SCALE 1 1 1
X -0.5984 -0.8003 -0.0379
Y -0.6609 0.4663 0.5881
Z -0.4530 0.3769 -0.8079

PART 52
OFFSET 5.2168 -3.7840 -6.6521
SCALE 1 1 1
X -0.9532 0.1074 0.2827
Y -0.1099 -0.9939 0.0071
Z 0.2817 -0.0243 0.9592

PART 53
OFFSET 7.6464 -4.0812 -7.5281
SCALE 1 1 1
X -0.4152 -0.8892 0.1924
Y 0.7777 -0.4566 -0.4320
Z 0.4719 -0.0297 0.8811

PART 54
OFFSET 8.3533 -2.5674 -7.8556
SCALE 1 1 1
X 0.7743 -0.4719 -0.4216
Y 0.4406 0.8803 -0.1760
Z 0.4541 -0.0495 0.8896

PART 55
OFFSET 7.2801 -1.9134 -7.2713
SCALE 1 1 1
X 0.8848 0.1625 -0.4368
Y -0.1245 0.9856 0.1145
Z 0.4491 -0.0469 0.8922

PART 56
OFFSET 6.3206 -2.0896 -6.7976
SCALE 1 1 1
X -0.6317 -0.6984 0.3364
Y -0.6282 0.7154 0.3057
Z -0.4542 -0.0182 -0.8907

PART 57
OFFSET -0.0781 -3.9630 -5.5613
SCALE 1 1 1
X -0.9672 -0.2002 0.1561
Y -0.2026 0.9793 0.0007
Z -0.1530 -0.0310 -0.9877

PART 58
OFFSET 7.9620 -4.5269 -5.4445
SCALE 1 1 1
X -0.9918 -0.1279 -0.0045
Y 0.1280 -0.9918 -0.0069
Z -0.0036 -0.0074 1.0000

PART 59
OFFSET 9.7082 -4.3016 -5.4366
SCALE 1 1 1
X -0.9957 -0.0930 -0.0016
Y 0.0928 -0.9946 0.0471
Z -0.0059 0.0468 0.9989

PART 60
OFFSET 10.9182 -4.1857 -5.3740
SCALE 1 1 1
X -0.9960 0.0495 -0.0744
Y -0.0508 -0.9986 0.0163
Z -0.0735 0.0200 0.9971

PART 61
OFFSET 12.0432 -4.2416 -5.2899
SCALE 1 1 1
X 0.3494 0.8910 0.2900
Y 0.9357 -0.3480 -0.0582
Z 0.0491 0.2916 -0.9553

PART 62
OFFSET 7.9035 -4.2882 -6.5216
SCALE 1 1 1
X -0.4137 -0.8876 0.2028
Y 0.8621 -0.4534 -0.2261
Z 0.2926 0.0813 0.9528

PART 63
OFFSET 8.7116 -2.5543 -6.9176
SCALE 1 1 1
X 0.8536 -0.4621 -0.2405
Y 0.4084 0.8802 -0.2419
Z 0.3234 0.1083 0.9400

PART 64
OFFSET 7.4648 -1.8792 -6.5665
SCALE 1 1 1
X 0.9094 0.2198 -0.3530
Y -0.2636 0.9612 -0.0808
Z 0.3216 0.1665 0.9321

PART 65
OFFSET 6.4323 -2.1287 -6.1733
SCALE 1 1 1
X -0.5495 -0.7931 0.2627
Y -0.7610 0.6049 0.2345
Z -0.3449 -0.0711 -0.9360

PART 66
OFFSET 0.0000 0.0000 0.0000
SCALE 1 1 1
X 1.0000 0.0000 0.0000
Y 0.0000 1.0000 0.0000
Z 0.0000 0.0000 1.0000

PART 67
OFFSET 0.0000 0.0000 0.0239
SCALE 1 1 1
X 1.0000 0.0052 -0.0070
Y -0.0052 1.0000 -0.0008
Z 0.0070 0.0008 1.0000

PART 68
OFFSET 1.5695 0.0113 4.1487
SCALE 1 1 1
X 1.0000 0.0052 -0.0070
Y -0.0052 1.0000 -0.0008
Z 0.0070 0.0008 1.0000

PART 69
OFFSET -4.6413 -0.0252 -1.3204
SCALE 1 1 1
X 1.0000 0.0052 -0.0070
Y -0.0052 1.0000 -0.0008
Z 0.0070 0.0008 1.0000

PART 70
OFFSET 7.8543 -2.8959 -5.1167
SCALE 1 1 1
X 1.0000 0.0006 0.0085
Y -0.0012 0.9976 0.0690
Z -0.0085 -0.0691 0.9976

PART 71
OFFSET 12.3989 -3.7358 -2.9048
SCALE 1 1 1
X -0.0039 -0.8568 0.5156
Y 1.0000 0.0006 0.0085
Z -0.0076 0.5156 0.8568

PART 72
OFFSET 35.5453 -3.0365 -2.3811
SCALE 1 1 1
X 1.0000 0.0006 0.0085
Y -0.0012 0.9976 0.0690
Z -0.0085 -0.0691 0.9976

PART 73
OFFSET 12.1369 -2.9905 -3.7984
SCALE 1 1 1
X 1.0000 0.0006 0.0085
Y -0.0012 0.9976 0.0690
Z -0.0085 -0.0691 0.9976

PART 74
OFFSET 6.5451 -3.0951 -2.2606
SCALE 1 1 1
X 1.0000 0.0006 0.0085
Y -0.0012 0.9976 0.0690
Z -0.0085 -0.0691 0.9976

PART 75
OFFSET 9.6516 -3.1254 -1.7702
SCALE 1 1 1
X 1.0000 0.0006 0.0085
Y -0.0012 0.9976 0.0690
Z -0.0085 -0.0691 0.9976

PART 76
OFFSET 9.6516 -3.1254 -1.7702
SCALE 1 1 1
X 1.0000 0.0006 0.0085
Y -0.0012 0.9976 0.0690
Z -0.0085 -0.0691 0.9976

PART 77
OFFSET 9.6516 -3.1254 -1.7702
SCALE 1 1 1
X 1.0000 0.0006 0.0085
Y -0.0012 0.9976 0.0690
Z -0.0085 -0.0691 0.9976


FRAME 32
PART 0
OFFSET 0.0000 0.0000 0.0000
SCALE 1 1 1
X 1.0000 0.0000 0.0000
Y 0.0000 1.0000 0.0000
Z 0.0000 0.0000 1.0000

PART 1
OFFSET -7.6807 -2.7496 1.5396
SCALE 1 1 1
X 1.0000 0.0000 0.0000
Y 0.0000 1.0000 0.0000
Z 0.0000 0.0000 1.0000

PART 2
OFFSET -3.1555 8.4660 -2.4413
SCALE 1 1 1
X 0.6344 -0.1717 -0.7537
Y -0.0594 -0.9830 0.1739
Z -0.7707 -0.0656 -0.6338

PART 3
OFFSET 4.5167 6.3894 -11.5566
SCALE 1 1 1
X 0.7752 -0.4739 0.4177
Y -0.4494 0.0510 0.8919
Z -0.4440 -0.8791 -0.1734

PART 4
OFFSET 11.1102 2.3588 -8.0038
SCALE 1 1 1
X 0.7752 -0.4739 0.4177
Y 0.2223 0.8236 0.5218
Z -0.5913 -0.3116 0.7438

PART 5
OFFSET 13.3234 3.2525 -7.7542
SCALE 1 1 1
X 0.7791 -0.4718 0.4128
Y 0.4482 0.8796 0.1594
Z -0.4383 0.0608 0.8967

PART 6
OFFSET 12.1364 1.1721 -8.8267
SCALE 1 1 1
X 0.7791 -0.4718 0.4128
Y 0.4482 0.8796 0.1594
Z -0.4383 0.0608 0.8967

PART 7
OFFSET 12.6063 2.7913 -5.6944
SCALE 1 1 1
X 0.7791 -0.4718 0.4128
Y 0.4482 0.8796 0.1594
Z -0.4383 0.0608 0.8967

PART 8
OFFSET 11.8084 1.4198 -6.0088
SCALE 1 1 1
X 0.7791 -0.4718 0.4128
Y 0.4482 0.8796 0.1594
Z -0.4383 0.0608 0.8967

PART 9
OFFSET 11.0733 0.3894 -6.7262
SCALE 1 1 1
X 0.7791 -0.4718 0.4128
Y 0.4482 0.8796 0.1594
Z -0.4383 0.0608 0.8967

PART 10
OFFSET 13.4868 0.9060 -6.7233
SCALE 1 1 1
X 0.9022 -0.4308 0.0214
Y 0.3610 0.7812 0.5093
Z -0.2361 -0.4517 0.8603

PART 11
OFFSET 14.1440 1.2806 -5.8689
SCALE 1 1 1
X 0.7979 -0.4923 0.3478
Y 0.1424 0.7145 0.6849
Z -0.5857 -0.4970 0.6402

PART 12
OFFSET 15.8475 0.2618 -5.0145
SCALE 1 1 1
X 0.8445 -0.5218 0.1205
Y 0.1712 0.4762 0.8625
Z -0.5074 -0.7078 0.4915

PART 13
OFFSET 17.1438 -0.6882 -4.8164
SCALE 1 1 1
X 0.6944 -0.7189 -0.0315
Y 0.3964 0.3455 0.8506
Z -0.6006 -0.6031 0.5249

PART 14
OFFSET 17.8739 -1.4873 -4.8120
SCALE 1 1 1
X 0.9801 -0.0721 -0.1852
Y -0.0634 0.7699 -0.6351
Z 0.1883 0.6341 0.7499

PART 15
OFFSET 13.8160 -0.3864 -7.0766
SCALE 1 1 1
X 0.4985 -0.8590 -0.1172
Y -0.2087 -0.2501 0.9455
Z -0.8414 -0.4468 -0.3039

PART 16
OFFSET 15.0329 -2.2819 -7.1797
SCALE 1 1 1
X 0.6966 -0.5521 -0.4582
Y 0.1870 -0.4768 0.8589
Z -0.6926 -0.6840 -0.2289

PART 17
OFFSET 16.0192 -3.0635 -7.8283
SCALE 1 1 1
X 0.7504 -0.6176 -0.2357
Y -0.0036 -0.3604 0.9328
Z -0.6610 -0.6991 -0.2726

PART 18
OFFSET 16.6845 -3.6111 -8.0373
SCALE 1 1 1
X 0.7452 -0.6473 -0.1600
Y -0.0199 -0.2614 0.9650
Z -0.6665 -0.7160 -0.2077

PART 19
OFFSET 17.3925 -4.2261 -8.1893
SCALE 1 1 1
X -0.4611 0.7628 -0.4534
Y -0.5788 0.1287 0.8053
Z 0.6726 0.6337 0.3821

PART 20
OFFSET 14.2873 0.1011 -6.8536
SCALE 1 1 1
X 0.7463 -0.6526 -0.1309
Y -0.2702 -0.4767 0.8365
Z -0.6083 -0.5889 -0.5321

PART 21
OFFSET 16.1398 -1.6697 -7.2907
SCALE 1 1 1
X 0.8268 -0.3443 -0.4448
Y 0.1030 -0.6847 0.7215
Z -0.5530 -0.6424 -0.5306

PART 22
OFFSET 17.5474 -2.2558 -8.0480
SCALE 1 1 1
X 0.7689 -0.6393 0.0072
Y -0.3552 -0.4178 0.8362
Z -0.5316 -0.6455 -0.5483

PART 23
OFFSET 18.6130 -3.1419 -8.0380
SCALE 1 1 1
X 0.6240 -0.7390 0.2539
Y -0.5683 -0.2062 0.7965
Z -0.5363 -0.6413 -0.5487

PART 24
OFFSET 19.2898 -3.9434 -7.7627
SCALE 1 1 1
X -0.2130 0.6917 -0.6900
Y -0.7997 0.2824 0.5299
Z 0.5614 0.6646 0.4930

PART 25
OFFSET 16.7146 0.5762 -5.3876
SCALE 1 1 1
X 0.7134 -0.6821 0.1609
Y 0.5020 0.3372 -0.7964
Z 0.4889 0.6489 0.5830

PART 26
OFFSET 17.3622 -0.0156 -6.5756
SCALE 1 1 1
X 0.8865 -0.4531 -0.0939
Y -0.2612 -0.6575 0.7067
Z -0.3820 -0.6020 -0.7012

PART 27
OFFSET 18.9230 -0.8134 -6.7409
SCALE 1 1 1
X 0.7250 -0.6725 0.1487
Y -0.5800 -0.4798 0.6583
Z -0.3714 -0.5635 -0.7379

PART 28
OFFSET 19.8270 -1.5967 -6.5153
SCALE 1 1 1
X 0.8588 -0.5104 0.0436
Y -0.3905 -0.5972 0.7006
Z -0.3316 -0.6187 -0.7123

PART 29
OFFSET 20.7970 -2.1732 -6.4661
SCALE 1 1 1
X -0.0203 0.5313 -0.8469
Y -0.8839 0.3864 0.2636
Z 0.4673 0.7539 0.4617

PART 30
OFFSET 16.8320 -0.8982 -6.9760
SCALE 1 1 1
X 0.9005 -0.3742 -0.2216
Y -0.0590 -0.6099 0.7903
Z -0.4309 -0.6986 -0.5713

PART 31
OFFSET 18.5912 -1.6293 -7.4089
SCALE 1 1 1
X 0.7933 -0.6026 0.0868
Y -0.3907 -0.3946 0.8317
Z -0.4669 -0.6937 -0.5484

PART 32
OFFSET 19.7500 -2.5094 -7.2821
SCALE 1 1 1
X 0.6985 -0.6770 0.2319
Y -0.5044 -0.2359 0.8306
Z -0.5076 -0.6972 -0.5062

PART 33
OFFSET 20.5379 -3.2809 -7.0236
SCALE 1 1 1
X -0.1810 0.7143 -0.6760
Y -0.8711 0.2025 0.4473
Z 0.4565 0.6699 0.5856

PART 34
OFFSET 15.3784 -1.3715 -5.6287
SCALE 1 1 1
X -0.6578 -0.5773 -0.4837
Y 0.2361 0.4517 -0.8603
Z 0.7152 -0.6802 -0.1608

PART 35
OFFSET 7.9188 -2.9398 -4.8695
SCALE 1 1 1
X 0.9995 0.0023 0.0315
Y -0.0066 0.9904 0.1383
Z -0.0309 -0.1384 0.9899

PART 36
OFFSET -13.3341 -6.7471 -6.3406
SCALE 1 1 1
X -0.8405 0.3488 0.4145
Y -0.1819 -0.9024 0.3906
Z 0.5103 0.2529 0.8220

PART 37
OFFSET -3.1688 -10.9658 -11.3539
SCALE 1 1 1
X -0.6397 -0.6247 -0.4479
Y 0.7616 -0.4366 -0.4789
Z 0.1037 -0.6475 0.7550

PART 38
OFFSET 2.2721 -5.6528 -7.5446
SCALE 1 1 1
X -0.6397 -0.6247 -0.4479
Y 0.5740 -0.0007 -0.8188
Z 0.5112 -0.7809 0.3590

PART 39
OFFSET 2.5898 -3.6417 -7.5928
SCALE 1 1 1
X -0.6445 -0.6203 -0.4471
Y -0.1128 0.6554 -0.7468
Z 0.7562 -0.4309 -0.4924

PART 40
OFFSET 2.2395 -3.5127 -6.4167
SCALE 1 1 1
X -0.6445 -0.6203 -0.4471
Y -0.1128 0.6554 -0.7468
Z 0.7562 -0.4309 -0.4924

PART 41
OFFSET 2.5695 -4.5017 -5.2886
SCALE 1 1 1
X -0.6445 -0.6203 -0.4471
Y -0.1128 0.6554 -0.7468
Z 0.7562 -0.4309 -0.4924

PART 42
OFFSET 4.2332 -3.7377 -6.1716
SCALE 1 1 1
X -0.9951 0.0900 -0.0413
Y 0.0516 0.1162 -0.9919
Z -0.0845 -0.9891 -0.1203

PART 43
OFFSET 4.6657 -3.4842 -5.1465
SCALE 1 1 1
X -0.7482 -0.5818 -0.3190
Y 0.0977 0.3789 -0.9203
Z 0.6563 -0.7197 -0.2267

PART 44
OFFSET 6.2339 -2.2265 -4.3538
SCALE 1 1 1
X -0.6078 -0.3999 0.6860
Y -0.5973 -0.3389 -0.7268
Z 0.5232 -0.8516 -0.0328

PART 45
OFFSET 7.1210 -1.5058 -5.5009
SCALE 1 1 1
X 0.2532 -0.0244 0.9671
Y -0.7897 -0.5827 0.1921
Z 0.5588 -0.8123 -0.1668

PART 46
OFFSET 6.8350 -1.4324 -6.5424
SCALE 1 1 1
X -0.3347 0.3838 0.8606
Y -0.3344 0.8055 -0.4892
Z -0.8810 -0.4516 -0.1413

PART 47
OFFSET 5.1476 -3.4896 -7.1745
SCALE 1 1 1
X -0.8471 0.0147 0.5312
Y -0.0589 -0.9961 -0.0664
Z 0.5281 -0.0875 0.8446

PART 48
OFFSET 7.1351 -3.4131 -8.2369
SCALE 1 1 1
X -0.4026 -0.9111 -0.0880
Y 0.8038 -0.3059 -0.5102
Z 0.4379 -0.2762 0.8556

PART 49
OFFSET 7.7051 -2.1232 -8.1123
SCALE 1 1 1
X 0.7146 -0.4836 -0.5055
Y 0.5757 0.8170 0.0324
Z 0.3973 -0.3141 0.8622

PART 50
OFFSET 7.0714 -1.6945 -7.6641
SCALE 1 1 1
X 0.8764 0.3506 -0.3301
Y -0.2199 0.9013 0.3733
Z 0.4284 -0.2546 0.8670

PART 51
OFFSET 6.2388 -2.0275 -7.3505
SCALE 1 1 1
X -0.5942 -0.7971 -0.1072
Y -0.6759 0.4226 0.6038
Z -0.4360 0.4313 -0.7899

PART 52
OFFSET 5.3203 -3.7247 -6.5231
SCALE 1 1 1
X -0.9598 0.0853 0.2676
Y -0.1062 -0.9922 -0.0647
Z 0.2600 -0.0905 0.9614

PART 53
OFFSET 7.7703 -3.9546 -7.3617
SCALE 1 1 1
X -0.4160 -0.9013 0.1204
Y 0.7891 -0.4236 -0.4448
Z 0.4519 -0.0900 0.8875

PART 54
OFFSET 8.4786 -2.4200 -7.5667
SCALE 1 1 1
X 0.7855 -0.4396 -0.4356
Y 0.4411 0.8914 -0.1041
Z 0.4340 -0.1103 0.8941

PART 55
OFFSET 7.3899 -1.8108 -6.9630
SCALE 1 1 1
X 0.8938 0.1945 -0.4040
Y -0.1309 0.9749 0.1800
Z 0.4289 -0.1080 0.8969

PART 56
OFFSET 6.4205 -2.0218 -6.5248
SCALE 1 1 1
X -0.6365 -0.7216 0.2723
Y -0.6378 0.6910 0.3403
Z -0.4337 0.0429 -0.9000

PART 57
OFFSET 0.0027 -3.9915 -5.5691
SCALE 1 1 1
X -0.9697 -0.2128 0.1196
Y -0.2063 0.9764 0.0642
Z -0.1304 0.0376 -0.9907

PART 58
OFFSET 8.0402 -4.5437 -5.3075
SCALE 1 1 1
X -0.9893 0.1338 -0.0582
Y -0.1271 -0.9862 -0.1065
Z -0.0717 -0.0980 0.9926

PART 59
OFFSET 9.7820 -4.7793 -5.2050
SCALE 1 1 1
X -0.9917 0.1162 -0.0546
Y -0.1134 -0.9922 -0.0518
Z -0.0602 -0.0452 0.9972

PART 60
OFFSET 10.9840 -4.9233 -5.0781
SCALE 1 1 1
X -0.9573 0.2665 -0.1118
Y -0.2573 -0.9622 -0.0897
Z -0.1315 -0.0571 0.9897

PART 61
OFFSET 12.0653 -5.2243 -4.9518
SCALE 1 1 1
X 0.5070 0.7658 0.3957
Y 0.8451 -0.5319 -0.0535
Z 0.1695 0.3616 -0.9168

PART 62
OFFSET 8.0053 -4.2306 -6.3664
SCALE 1 1 1
X -0.4147 -0.9005 0.1309
Y 0.8688 -0.4346 -0.2373
Z 0.2706 0.0154 0.9626

PART 63
OFFSET 8.8154 -2.4715 -6.6222
SCALE 1 1 1
X 0.8606 -0.4423 -0.2524
Y 0.4103 0.8958 -0.1706
Z 0.3016 0.0432 0.9525

PART 64
OFFSET 7.5584 -1.8255 -6.2535
SCALE 1 1 1
X 0.9164 0.2459 -0.3159
Y -0.2655 0.9639 -0.0197
Z 0.2997 0.1019 0.9486

PART 65
OFFSET 6.5182 -2.1041 -5.9024
SCALE 1 1 1
X -0.5523 -0.8107 0.1942
Y -0.7685 0.5854 0.2585
Z -0.3233 -0.0064 -0.9463

PART 66
OFFSET 0.0000 0.0000 0.0000
SCALE 1 1 1
X 1.0000 0.0000 0.0000
Y 0.0000 1.0000 0.0000
Z 0.0000 0.0000 1.0000

PART 67
OFFSET 0.0000 0.0000 0.0505
SCALE 1 1 1
X 0.9998 0.0110 -0.0148
Y -0.0111 0.9999 -0.0028
Z 0.0148 0.0030 0.9999

PART 68
OFFSET 1.6013 0.0293 4.1630
SCALE 1 1 1
X 0.9998 0.0110 -0.0148
Y -0.0111 0.9999 -0.0028
Z 0.0148 0.0030 0.9999

PART 69
OFFSET -4.6514 -0.0551 -1.2577
SCALE 1 1 1
X 0.9998 0.0110 -0.0148
Y -0.0111 0.9999 -0.0028
Z 0.0148 0.0030 0.9999

PART 70
OFFSET 7.9188 -2.9398 -4.8695
SCALE 1 1 1
X 0.9995 0.0023 0.0315
Y -0.0066 0.9904 0.1383
Z -0.0309 -0.1384 0.9899

PART 71
OFFSET 12.4152 -3.9214 -2.6178
SCALE 1 1 1
X -0.0123 -0.8907 0.4545
Y 0.9995 0.0023 0.0315
Z -0.0291 0.4547 0.8902

PART 72
OFFSET 35.5408 -3.2074 -1.5163
SCALE 1 1 1
X 0.9995 0.0023 0.0315
Y -0.0066 0.9904 0.1383
Z -0.0309 -0.1384 0.9899

PART 73
OFFSET 12.1707 -3.1162 -3.4631
SCALE 1 1 1
X 0.9995 0.0023 0.0315
Y -0.0066 0.9904 0.1383
Z -0.0309 -0.1384 0.9899

PART 74
OFFSET 6.5458 -3.3406 -2.0650
SCALE 1 1 1
X 0.9995 0.0023 0.0315
Y -0.0066 0.9904 0.1383
Z -0.0309 -0.1384 0.9899

PART 75
OFFSET 9.6405 -3.3978 -1.5068
SCALE 1 1 1
X 0.9995 0.0023 0.0315
Y -0.0066 0.9904 0.1383
Z -0.0309 -0.1384 0.9899

PART 76
OFFSET 9.6405 -3.3978 -1.5068
SCALE 1 1 1
X 0.9995 0.0023 0.0315
Y -0.0066 0.9904 0.1383
Z -0.0309 -0.1384 0.9899

PART 77
OFFSET 9.6405 -3.3978 -1.5068
SCALE 1 1 1
X 0.9995 0.0023 0.0315
Y -0.0066 0.9904 0.1383
Z -0.0309 -0.1384 0.9899


FRAME 33
PART 0
OFFSET 0.0000 0.0000 0.0000
SCALE 1 1 1
X 1.0000 0.0000 0.0000
Y 0.0000 1.0000 0.0000
Z 0.0000 0.0000 1.0000

PART 1
OFFSET -7.6807 -2.7496 1.5396
SCALE 1 1 1
X 1.0000 0.0000 0.0000
Y 0.0000 1.0000 0.0000
Z 0.0000 0.0000 1.0000

PART 2
OFFSET -3.1197 8.4660 -2.4964
SCALE 1 1 1
X 0.6058 -0.0466 -0.7942
Y 0.0391 -0.9953 0.0882
Z -0.7946 -0.0844 -0.6012

PART 3
OFFSET 4.2071 7.9029 -12.1017
SCALE 1 1 1
X 0.7586 -0.4372 0.4831
Y -0.5353 0.0045 0.8447
Z -0.3714 -0.8994 -0.2306

PART 4
OFFSET 10.6595 4.1845 -7.9929
SCALE 1 1 1
X 0.7586 -0.4372 0.4831
Y -0.0525 0.6980 0.7141
Z -0.6494 -0.5671 0.5066

PART 5
OFFSET 12.8002 5.1629 -7.5792
SCALE 1 1 1
X 0.7628 -0.4347 0.4787
Y 0.3769 0.9004 0.2171
Z -0.5254 0.0148 0.8507

PART 6
OFFSET 11.8297 3.0787 -8.7319
SCALE 1 1 1
X 0.7628 -0.4347 0.4787
Y 0.3769 0.9004 0.2171
Z -0.5254 0.0148 0.8507

PART 7
OFFSET 11.8564 4.6032 -5.5190
SCALE 1 1 1
X 0.7628 -0.4347 0.4787
Y 0.3769 0.9004 0.2171
Z -0.5254 0.0148 0.8507

PART 8
OFFSET 11.2180 3.2429 -5.9556
SCALE 1 1 1
X 0.7628 -0.4347 0.4787
Y 0.3769 0.9004 0.2171
Z -0.5254 0.0148 0.8507

PART 9
OFFSET 10.8114 2.3997 -6.8694
SCALE 1 1 1
X 0.7628 -0.4347 0.4787
Y 0.3769 0.9004 0.2171
Z -0.5254 0.0148 0.8507

PART 10
OFFSET 12.9852 2.8442 -6.5119
SCALE 1 1 1
X 0.8185 -0.5418 0.1909
Y 0.2035 0.5842 0.7857
Z -0.5372 -0.6042 0.5885

PART 11
OFFSET 13.3292 2.9162 -5.4262
SCALE 1 1 1
X 0.5825 -0.6801 0.4452
Y -0.0658 0.5065 0.8597
Z -0.8102 -0.5301 0.2503

PART 12
OFFSET 14.5346 1.4697 -4.3658
SCALE 1 1 1
X 0.7061 -0.6641 0.2457
Y -0.1185 0.2313 0.9656
Z -0.6981 -0.7109 0.0846

PART 13
OFFSET 15.6033 0.3042 -4.0172
SCALE 1 1 1
X 0.6074 -0.7944 0.0037
Y 0.0872 0.0713 0.9936
Z -0.7896 -0.6032 0.1126

PART 14
OFFSET 16.2255 -0.5813 -3.9911
SCALE 1 1 1
X 0.9735 -0.1842 0.1352
Y 0.2229 0.8956 -0.3850
Z -0.0501 0.4050 0.9130

PART 15
OFFSET 13.3514 1.6381 -7.0727
SCALE 1 1 1
X 0.4446 -0.8797 -0.1685
Y -0.5431 -0.4143 0.7303
Z -0.7123 -0.2332 -0.6620

PART 16
OFFSET 14.3874 -0.3555 -7.2654
SCALE 1 1 1
X 0.7698 -0.5428 -0.3357
Y -0.2080 -0.7106 0.6721
Z -0.6034 -0.4476 -0.6600

PART 17
OFFSET 15.4774 -1.1240 -7.7406
SCALE 1 1 1
X 0.7281 -0.6699 -0.1453
Y -0.3974 -0.5852 0.7068
Z -0.5586 -0.4568 -0.6923

PART 18
OFFSET 16.1229 -1.7180 -7.8695
SCALE 1 1 1
X 0.6623 -0.7482 -0.0393
Y -0.4613 -0.4486 0.7655
Z -0.5904 -0.4888 -0.6423

PART 19
OFFSET 16.7521 -2.4288 -7.9068
SCALE 1 1 1
X -0.1316 0.9246 -0.3575
Y -0.8491 0.0810 0.5220
Z 0.5116 0.3723 0.7744

PART 20
OFFSET 13.7417 1.9915 -6.5908
SCALE 1 1 1
X 0.7117 -0.7000 -0.0590
Y -0.5623 -0.6181 0.5494
Z -0.4210 -0.3578 -0.8335

PART 21
OFFSET 15.5387 0.1353 -6.8799
SCALE 1 1 1
X 0.9116 -0.3337 -0.2399
Y -0.1770 -0.8456 0.5036
Z -0.3709 -0.4166 -0.8300

PART 22
OFFSET 17.0908 -0.4328 -7.2883
SCALE 1 1 1
X 0.6961 -0.7145 0.0698
Y -0.6296 -0.5608 0.5377
Z -0.3451 -0.4182 -0.8403

PART 23
OFFSET 18.0555 -1.4231 -7.1916
SCALE 1 1 1
X 0.4744 -0.8519 0.2219
Y -0.8081 -0.3215 0.4936
Z -0.3491 -0.4135 -0.8409

PART 24
OFFSET 18.5700 -2.3470 -6.9509
SCALE 1 1 1
X 0.0558 0.8612 -0.5051
Y -0.9182 0.2429 0.3129
Z 0.3922 0.4464 0.8043

PART 25
OFFSET 15.5436 1.7776 -4.3606
SCALE 1 1 1
X 0.5814 -0.7908 0.1913
Y 0.7594 0.4431 -0.4764
Z 0.2920 0.4223 0.8582

PART 26
OFFSET 16.5277 1.3981 -5.3942
SCALE 1 1 1
X 0.8441 -0.5271 0.0981
Y -0.5209 -0.7627 0.3832
Z -0.1272 -0.3746 -0.9184

PART 27
OFFSET 18.0139 0.4699 -5.2215
SCALE 1 1 1
X 0.5997 -0.7731 0.2066
Y -0.7936 -0.5414 0.2776
Z -0.1027 -0.3304 -0.9382

PART 28
OFFSET 18.7492 -0.4498 -4.9133
SCALE 1 1 1
X 0.7416 -0.6364 0.2120
Y -0.6664 -0.6628 0.3414
Z -0.0767 -0.3945 -0.9157

PART 29
OFFSET 19.5869 -1.1687 -4.6738
SCALE 1 1 1
X 0.3386 0.6946 -0.6348
Y -0.8897 0.4559 0.0242
Z 0.3062 0.5566 0.7723

PART 30
OFFSET 16.1233 0.7137 -6.1614
SCALE 1 1 1
X 0.9017 -0.4321 -0.0144
Y -0.3612 -0.7712 0.5243
Z -0.2377 -0.4675 -0.8514

PART 31
OFFSET 17.8848 -0.1305 -6.1895
SCALE 1 1 1
X 0.6809 -0.7131 0.1669
Y -0.6771 -0.5261 0.5146
Z -0.2791 -0.4634 -0.8410

PART 32
OFFSET 18.8794 -1.1720 -5.9457
SCALE 1 1 1
X 0.5377 -0.8063 0.2464
Y -0.7749 -0.3575 0.5213
Z -0.3322 -0.4712 -0.8171

PART 33
OFFSET 19.4866 -2.0883 -5.6728
SCALE 1 1 1
X 0.1039 0.8767 -0.4697
Y -0.9613 0.2096 0.1787
Z 0.2551 0.4329 0.8646

PART 34
OFFSET 14.2760 0.1396 -5.5210
SCALE 1 1 1
X -0.4809 -0.3537 -0.8023
Y 0.5372 0.6042 -0.5885
Z 0.6929 -0.7140 -0.1005

PART 35
OFFSET 8.0196 -3.0583 -4.5076
SCALE 1 1 1
X 0.9978 0.0048 0.0654
Y -0.0133 0.9915 0.1295
Z -0.0643 -0.1301 0.9894

PART 36
OFFSET -13.3341 -6.7471 -6.3406
SCALE 1 1 1
X -0.8461 0.3430 0.4080
Y -0.1904 -0.9094 0.3698
Z 0.4979 0.2352 0.8347

PART 37
OFFSET -3.1018 -10.8958 -11.2754
SCALE 1 1 1
X -0.6468 -0.6067 -0.4622
Y 0.7573 -0.4394 -0.4831
Z 0.0900 -0.6625 0.7436

PART 38
OFFSET 2.3993 -5.7357 -7.3443
SCALE 1 1 1
X -0.6468 -0.6067 -0.4622
Y 0.5835 -0.0033 -0.8121
Z 0.4912 -0.7949 0.3562

PART 39
OFFSET 2.7457 -3.7314 -7.3487
SCALE 1 1 1
X -0.6515 -0.6022 -0.4613
Y -0.0991 0.6705 -0.7353
Z 0.7521 -0.4334 -0.4965

PART 40
OFFSET 2.3899 -3.6157 -6.1736
SCALE 1 1 1
X -0.6515 -0.6022 -0.4613
Y -0.0991 0.6705 -0.7353
Z 0.7521 -0.4334 -0.4965

PART 41
OFFSET 2.6978 -4.6234 -5.0685
SCALE 1 1 1
X -0.6515 -0.6022 -0.4613
Y -0.0991 0.6705 -0.7353
Z 0.7521 -0.4334 -0.4965

PART 42
OFFSET 4.3821 -3.8757 -5.9274
SCALE 1 1 1
X -0.9933 0.0874 -0.0758
Y 0.0851 0.1079 -0.9905
Z -0.0784 -0.9903 -0.1146

PART 43
OFFSET 4.7789 -3.6125 -4.8904
SCALE 1 1 1
X -0.7357 -0.5862 -0.3392
Y 0.1282 0.3713 -0.9196
Z 0.6650 -0.7201 -0.1981

PART 44
OFFSET 6.3168 -2.3446 -4.0555
SCALE 1 1 1
X -0.6300 -0.3954 0.6684
Y -0.5716 -0.3465 -0.7438
Z 0.5257 -0.8506 -0.0077

PART 45
OFFSET 7.2409 -1.6316 -5.1780
SCALE 1 1 1
X 0.2202 -0.0156 0.9753
Y -0.7946 -0.5828 0.1701
Z 0.5658 -0.8125 -0.1407

PART 46
OFFSET 6.9904 -1.5677 -6.2292
SCALE 1 1 1
X -0.3646 0.3903 0.8454
Y -0.3192 0.8005 -0.5072
Z -0.8748 -0.4548 -0.1673

PART 47
OFFSET 5.3296 -3.6341 -6.9007
SCALE 1 1 1
X -0.8647 0.0172 0.5019
Y -0.0546 -0.9967 -0.0598
Z 0.4993 -0.0791 0.8628

PART 48
OFFSET 7.3519 -3.5621 -7.8955
SCALE 1 1 1
X -0.3975 -0.9128 -0.0939
Y 0.8213 -0.3084 -0.4799
Z 0.4091 -0.2679 0.8723

PART 49
OFFSET 7.9147 -2.2698 -7.7626
SCALE 1 1 1
X 0.7324 -0.4862 -0.4767
Y 0.5727 0.8186 0.0449
Z 0.3684 -0.3059 0.8779

PART 50
OFFSET 7.2654 -1.8388 -7.3399
SCALE 1 1 1
X 0.8865 0.3498 -0.3031
Y -0.2343 0.9039 0.3579
Z 0.3991 -0.2462 0.8832

PART 51
OFFSET 6.4232 -2.1710 -7.0520
SCALE 1 1 1
X -0.5887 -0.7993 -0.1206
Y -0.6969 0.4262 0.5768
Z -0.4097 0.4236 -0.8079

PART 52
