// Export filename: `C:/Program Files/Activision/Call of Duty 4 - Modern Warfare/xanim_export/viewmodels/M16/m16_idle.XANIM_EXPORT`
// Source filename: `C:/Program Files/Activision/Call of Duty 4 - Modern Warfare/bin/maya/animation_src/viewmodel/m16/viewmodel_m16_animation.mb`
// Export time: Mon Jan 07 16:17:00 2008

ANIMATION
VERSION 3

NUMPARTS 78
PART 0 "tag_ads"
PART 1 "tag_torso"
PART 2 "J_Shoulder_LE"
PART 3 "J_Elbow_LE"
PART 4 "J_WristTwist_LE"
PART 5 "J_Sleave_Reshape_Bottom_LE_1"
PART 6 "J_Sleave_Reshape_Bottom_LE_2"
PART 7 "J_Sleave_Reshape_Top_LE_1"
PART 8 "J_Sleave_Reshape_Top_LE_2"
PART 9 "J_Sleave_Reshape_Top_LE_3"
PART 10 "J_Wrist_LE"
PART 11 "J_Thumb_LE_0"
PART 12 "J_Thumb_LE_1"
PART 13 "J_Thumb_LE_2"
PART 14 "J_Thumb_LE_3"
PART 15 "J_PinkyPalm_LE"
PART 16 "J_Pinky_LE_0"
PART 17 "J_Pinky_LE_1"
PART 18 "J_Pinky_LE_2"
PART 19 "J_Pinky_LE_3"
PART 20 "J_RingPalm_LE"
PART 21 "J_Ring_LE_0"
PART 22 "J_Ring_LE_1"
PART 23 "J_Ring_LE_2"
PART 24 "J_Ring_LE_3"
PART 25 "J_Webbing_LE"
PART 26 "J_Index_LE_0"
PART 27 "J_Index_LE_1"
PART 28 "J_Index_LE_2"
PART 29 "J_Index_LE_3"
PART 30 "J_Mid_LE_0"
PART 31 "J_Mid_LE_1"
PART 32 "J_Mid_LE_2"
PART 33 "J_Mid_LE_3"
PART 34 "tag_knife_attach"
PART 35 "tag_weapon"
PART 36 "J_Shoulder_RI"
PART 37 "J_Elbow_RI"
PART 38 "J_WristTwist_RI"
PART 39 "J_Sleave_Reshape_Top_RI_3"
PART 40 "J_Sleave_Reshape_Top_RI_2"
PART 41 "J_Sleave_Reshape_Top_RI_1"
PART 42 "J_Wrist_RI"
PART 43 "J_Thumb_RI_0"
PART 44 "J_Thumb_RI_1"
PART 45 "J_Thumb_RI_2"
PART 46 "J_Thumb_RI_3"
PART 47 "J_PinkyPalm_RI"
PART 48 "J_Pinky_RI_0"
PART 49 "J_Pinky_RI_1"
PART 50 "J_Pinky_RI_2"
PART 51 "J_Pinky_RI_3"
PART 52 "J_RingPalm_RI"
PART 53 "J_Ring_RI_0"
PART 54 "J_Ring_RI_1"
PART 55 "J_Ring_RI_2"
PART 56 "J_Ring_RI_3"
PART 57 "J_Webbing_RI"
PART 58 "J_Index_RI_0"
PART 59 "J_Index_RI_1"
PART 60 "J_Index_RI_2"
PART 61 "J_Index_RI_3"
PART 62 "J_Mid_RI_0"
PART 63 "J_Mid_RI_1"
PART 64 "J_Mid_RI_2"
PART 65 "J_Mid_RI_3"
PART 66 "tag_cambone"
PART 67 "tag_camera"
PART 68 "tag_gasmask"
PART 69 "tag_gasmask2"
PART 70 "J_Gun"
PART 71 "TAG_BRASS"
PART 72 "TAG_FLASH"
PART 73 "TAG_CLIP"
PART 74 "J_Clip_Release"
PART 75 "TAG_REFLEX_SIGHT"
PART 76 "TAG_ACOG"
PART 77 "TAG_IRON_SIGHT"

FRAMERATE 30
NUMFRAMES 1

FRAME 120
PART 0
OFFSET 0.0000 0.0000 0.0000
SCALE 1 1 1
X 1.0000 0.0000 0.0000
Y 0.0000 1.0000 0.0000
Z 0.0000 0.0000 1.0000

PART 1
OFFSET -7.6807 -2.7496 1.5396
SCALE 1 1 1
X 1.0000 0.0000 0.0000
Y 0.0000 1.0000 0.0000
Z 0.0000 0.0000 1.0000

PART 2
OFFSET -3.2132 8.4660 -2.3313
SCALE 1 1 1
X 0.7253 -0.3235 -0.6076
Y -0.1633 -0.9383 0.3047
Z -0.6688 -0.1218 -0.7334

PART 3
OFFSET 5.5588 4.5531 -9.6800
SCALE 1 1 1
X 0.7649 -0.4789 0.4307
Y -0.4280 0.1219 0.8955
Z -0.4814 -0.8694 -0.1117

PART 4
OFFSET 12.0648 0.4797 -6.0164
SCALE 1 1 1
X 0.7649 -0.4789 0.4307
Y 0.1107 0.7565 0.6445
Z -0.6345 -0.4453 0.6317

PART 5
OFFSET 14.3239 1.2573 -5.9225
SCALE 1 1 1
X 0.7688 -0.4772 0.4257
Y 0.4853 0.8689 0.0976
Z -0.4165 0.1315 0.8996

PART 6
OFFSET 13.0263 -0.7939 -6.7855
SCALE 1 1 1
X 0.7688 -0.4772 0.4257
Y 0.4853 0.8689 0.0976
Z -0.4165 0.1315 0.8996

PART 7
OFFSET 13.5851 0.9499 -3.7361
SCALE 1 1 1
X 0.7688 -0.4772 0.4257
Y 0.4853 0.8689 0.0976
Z -0.4165 0.1315 0.8996

PART 8
OFFSET 12.7681 -0.3663 -3.9820
SCALE 1 1 1
X 0.7688 -0.4772 0.4257
Y 0.4853 0.8689 0.0976
Z -0.4165 0.1315 0.8996

PART 9
OFFSET 12.1657 -1.2350 -4.7632
SCALE 1 1 1
X 0.7688 -0.4772 0.4257
Y 0.4853 0.8689 0.0976
Z -0.4165 0.1315 0.8996

PART 10
OFFSET 14.4097 -0.9885 -4.6958
SCALE 1 1 1
X 0.9587 -0.2742 0.0754
Y 0.1691 0.7628 0.6241
Z -0.2286 -0.5856 0.7777

PART 11
OFFSET 14.9103 -0.6162 -3.7403
SCALE 1 1 1
X 0.9398 -0.0723 0.3340
Y 0.0268 0.9899 0.1389
Z -0.3407 -0.1216 0.9323

PART 12
OFFSET 16.9220 -0.6802 -2.9537
SCALE 1 1 1
X 0.9386 -0.3291 0.1033
Y 0.2596 0.8711 0.4168
Z -0.2272 -0.3644 0.9031

PART 13
OFFSET 18.3963 -1.3044 -2.7107
SCALE 1 1 1
X 0.9436 -0.0618 0.3254
Y -0.0297 0.9627 0.2689
Z -0.3299 -0.2634 0.9065

PART 14
OFFSET 19.4011 -1.3668 -2.3127
SCALE 1 1 1
X 0.9023 0.3220 -0.2867
Y -0.2854 -0.0523 -0.9570
Z -0.3231 0.9453 0.0447

PART 15
OFFSET 14.9937 -2.1557 -5.1432
SCALE 1 1 1
X 0.5702 -0.8139 0.1110
Y -0.5222 -0.2548 0.8139
Z -0.6342 -0.5221 -0.5703

PART 16
OFFSET 16.3033 -3.9397 -4.7108
SCALE 1 1 1
X -0.1118 -0.2032 0.9727
Y -0.5601 0.8214 0.1072
Z -0.8208 -0.5329 -0.2057

PART 17
OFFSET 16.1450 -4.2274 -3.3336
SCALE 1 1 1
X -0.4400 0.4089 0.7995
Y -0.3846 0.7187 -0.5792
Z -0.8115 -0.5623 -0.1590

PART 18
OFFSET 15.7549 -3.8649 -2.6248
SCALE 1 1 1
X -0.5268 0.6154 0.5864
Y -0.1772 0.5952 -0.7838
Z -0.8313 -0.5168 -0.2045

PART 19
OFFSET 15.2544 -3.2802 -2.0677
SCALE 1 1 1
X 0.6344 -0.7696 0.0731
Y 0.1001 -0.0120 -0.9949
Z 0.7665 0.6385 0.0695

PART 20
OFFSET 15.3489 -1.6273 -4.8204
SCALE 1 1 1
X 0.7751 -0.6240 0.0993
Y -0.4690 -0.4628 0.7522
Z -0.4234 -0.6296 -0.6514

PART 21
OFFSET 17.3079 -3.3302 -4.6760
SCALE 1 1 1
X -0.0461 -0.6293 0.7758
Y -0.5818 0.6482 0.4912
Z -0.8120 -0.4287 -0.3960

PART 22
OFFSET 17.2294 -4.4015 -3.3551
SCALE 1 1 1
X -0.5705 0.4380 0.6948
Y -0.1470 0.7778 -0.6110
Z -0.8080 -0.4507 -0.3793

PART 23
OFFSET 16.4388 -3.7945 -2.3922
SCALE 1 1 1
X -0.5889 0.6941 0.4140
Y 0.0782 0.5588 -0.8256
Z -0.8044 -0.4538 -0.3834

PART 24
OFFSET 15.8001 -3.0417 -1.9432
SCALE 1 1 1
X 0.3982 -0.9102 0.1135
Y 0.4361 0.0790 -0.8964
Z 0.8070 0.4065 0.4284

PART 25
OFFSET 17.5112 -0.9365 -3.0558
SCALE 1 1 1
X 0.8058 -0.5684 0.1664
Y 0.5038 0.5100 -0.6972
Z 0.3114 0.6457 0.6973

PART 26
OFFSET 18.3579 -1.2640 -4.2205
SCALE 1 1 1
X 0.6938 -0.6985 -0.1756
Y -0.2795 -0.4858 0.8282
Z -0.6638 -0.5255 -0.5322

PART 27
OFFSET 19.5794 -2.4937 -4.5297
SCALE 1 1 1
X 0.0189 -0.7682 0.6399
Y -0.7590 0.4056 0.5094
Z -0.6509 -0.4953 -0.5754

PART 28
OFFSET 19.6419 -3.3976 -3.7169
SCALE 1 1 1
X -0.5676 -0.0895 0.8184
Y -0.4879 0.8373 -0.2468
Z -0.6632 -0.5394 -0.5189

PART 29
OFFSET 19.0008 -3.4987 -2.7924
SCALE 1 1 1
X 0.4386 -0.8784 -0.1896
Y 0.4791 0.4071 -0.7777
Z 0.7603 0.2503 0.5994

PART 30
OFFSET 18.0312 -2.1673 -4.7661
SCALE 1 1 1
X 0.3588 -0.8120 0.4604
Y -0.6603 0.1278 0.7400
Z -0.6597 -0.5695 -0.4903

PART 31
OFFSET 18.7322 -3.7536 -3.8668
SCALE 1 1 1
X -0.6180 0.0655 0.7835
Y -0.3866 0.8424 -0.3754
Z -0.6846 -0.5349 -0.4952

PART 32
OFFSET 17.8295 -3.6579 -2.7224
SCALE 1 1 1
X -0.7196 0.3601 0.5937
Y -0.0992 0.7929 -0.6012
Z -0.6873 -0.4915 -0.5349

PART 33
OFFSET 17.0097 -3.2540 -2.0534
SCALE 1 1 1
X 0.6591 -0.7512 -0.0370
Y 0.3350 0.3373 -0.8798
Z 0.6734 0.5674 0.4739

PART 34
OFFSET 16.5695 -3.0354 -3.6428
SCALE 1 1 1
X -0.4985 -0.6157 -0.6102
Y 0.2286 0.5856 -0.7777
Z 0.8362 -0.5272 -0.1512

PART 35
OFFSET 7.8313 -2.9010 -5.2087
SCALE 1 1 1
X 1.0000 0.0000 0.0000
Y 0.0000 1.0000 0.0000
Z 0.0000 0.0000 1.0000

PART 36
OFFSET -13.3341 -6.7471 -6.3406
SCALE 1 1 1
X -0.8317 0.3598 0.4228
Y -0.1880 -0.8991 0.3954
Z 0.5224 0.2494 0.8154

PART 37
OFFSET -3.2753 -11.0985 -11.4543
SCALE 1 1 1
X -0.6378 -0.6267 -0.4477
Y 0.7631 -0.4352 -0.4778
Z 0.1046 -0.6464 0.7558

PART 38
OFFSET 2.1494 -5.7682 -7.6460
SCALE 1 1 1
X -0.6378 -0.6267 -0.4477
Y 0.6522 -0.1303 -0.7468
Z 0.4097 -0.7683 0.4918

PART 39
OFFSET 2.4352 -3.7864 -7.6153
SCALE 1 1 1
X -0.6426 -0.6223 -0.4470
Y -0.1137 0.6544 -0.7476
Z 0.7577 -0.4296 -0.4913

PART 40
OFFSET 2.0606 -3.6171 -6.4619
SCALE 1 1 1
X -0.6426 -0.6223 -0.4470
Y -0.1137 0.6544 -0.7476
Z 0.7577 -0.4296 -0.4913

PART 41
OFFSET 2.3757 -4.5220 -5.4233
SCALE 1 1 1
X -0.6426 -0.6223 -0.4470
Y -0.1137 0.6544 -0.7476
Z 0.7577 -0.4296 -0.4913

PART 42
OFFSET 4.1047 -3.8469 -6.2734
SCALE 1 1 1
X -0.9957 0.0900 -0.0226
Y 0.0206 -0.0225 -0.9995
Z -0.0905 -0.9957 0.0205

PART 43
OFFSET 4.5698 -3.4569 -5.3071
SCALE 1 1 1
X -0.7592 -0.6153 -0.2121
Y 0.0695 0.2474 -0.9664
Z 0.6472 -0.7484 -0.1450

PART 44
OFFSET 6.1651 -2.1121 -4.7449
SCALE 1 1 1
X -0.5869 -0.2971 0.7532
Y -0.6207 -0.4322 -0.6541
Z 0.5199 -0.8514 0.0692

PART 45
OFFSET 7.0172 -1.5629 -6.0076
SCALE 1 1 1
X 0.2835 0.1079 0.9529
Y -0.7846 -0.5453 0.2952
Z 0.5514 -0.8313 -0.0699

PART 46
OFFSET 6.6988 -1.6323 -7.0398
SCALE 1 1 1
X -0.3066 0.5013 0.8091
Y -0.3478 0.7323 -0.5855
Z -0.8860 -0.4609 -0.0502

PART 47
OFFSET 4.9876 -3.7459 -7.3287
SCALE 1 1 1
X -0.8299 0.0936 0.5500
Y -0.0632 -0.9953 0.0740
Z 0.5543 0.0266 0.8319

PART 48
OFFSET 6.9408 -3.8303 -8.4523
SCALE 1 1 1
X -0.4072 -0.9119 0.0514
Y 0.7867 -0.3788 -0.4875
Z 0.4640 -0.1581 0.8716

PART 49
OFFSET 7.5174 -2.5393 -8.5250
SCALE 1 1 1
X 0.6972 -0.5535 -0.4555
Y 0.5783 0.8098 -0.0988
Z 0.4235 -0.1945 0.8848

PART 50
OFFSET 6.8992 -2.0485 -8.1212
SCALE 1 1 1
X 0.8664 0.2957 -0.4023
Y -0.2060 0.9457 0.2515
Z 0.4549 -0.1351 0.8803

PART 51
OFFSET 6.0761 -2.3295 -7.7390
SCALE 1 1 1
X -0.5992 -0.8003 0.0225
Y -0.6556 0.5065 0.5600
Z -0.4596 0.3208 -0.8282

PART 52
OFFSET 5.1802 -3.8899 -6.6566
SCALE 1 1 1
X -0.9507 0.1278 0.2827
Y -0.1105 -0.9909 0.0766
Z 0.2899 0.0416 0.9562

PART 53
OFFSET 7.6021 -4.2497 -7.5305
SCALE 1 1 1
X -0.4141 -0.8733 0.2568
Y 0.7738 -0.4863 -0.4060
Z 0.4794 0.0306 0.8771

PART 54
OFFSET 8.3071 -2.7630 -7.9678
SCALE 1 1 1
X 0.7704 -0.5008 -0.3946
Y 0.4396 0.8655 -0.2401
Z 0.4617 0.0115 0.8870

PART 55
OFFSET 7.2393 -2.0690 -7.4210
SCALE 1 1 1
X 0.8811 0.1309 -0.4545
Y -0.1229 0.9913 0.0472
Z 0.4567 0.0143 0.8895

PART 56
OFFSET 6.2837 -2.2109 -6.9281
SCALE 1 1 1
X -0.6292 -0.6728 0.3891
Y -0.6252 0.7356 0.2609
Z -0.4618 -0.0791 -0.8835

PART 57
OFFSET -0.1053 -3.9869 -5.5112
SCALE 1 1 1
X -0.9660 -0.1878 0.1778
Y -0.2020 0.9772 -0.0652
Z -0.1615 -0.0989 -0.9819

PART 58
OFFSET 7.9352 -4.5508 -5.4239
SCALE 1 1 1
X -0.9620 -0.2681 0.0523
Y 0.2714 -0.9597 0.0733
Z 0.0305 0.0847 0.9959

PART 59
OFFSET 9.6289 -4.0788 -5.5159
SCALE 1 1 1
X -0.9794 -0.1965 0.0473
Y 0.2011 -0.9708 0.1308
Z 0.0202 0.1376 0.9903

PART 60
OFFSET 10.8207 -3.8315 -5.5133
SCALE 1 1 1
X -0.9971 -0.0658 -0.0374
Y 0.0615 -0.9924 0.1064
Z -0.0441 0.1038 0.9936

PART 61
OFFSET 11.9470 -3.7572 -5.4711
SCALE 1 1 1
X 0.2567 0.9465 0.1956
Y 0.9664 -0.2485 -0.0658
Z -0.0136 0.2059 -0.9785

PART 62
OFFSET 7.8676 -4.3870 -6.5143
SCALE 1 1 1
X -0.4124 -0.8710 0.2671
Y 0.8599 -0.4690 -0.2015
Z 0.3008 0.1465 0.9424

PART 63
OFFSET 8.6733 -2.6855 -7.0361
SCALE 1 1 1
X 0.8512 -0.4786 -0.2152
Y 0.4068 0.8609 -0.3056
Z 0.3315 0.1726 0.9275

PART 64
OFFSET 7.4300 -1.9864 -6.7218
SCALE 1 1 1
X 0.9065 0.1938 -0.3751
Y -0.2637 0.9537 -0.1447
Z 0.3296 0.2301 0.9156

PART 65
OFFSET 6.4008 -2.2069 -6.3035
SCALE 1 1 1
X -0.5477 -0.7724 0.3215
Y -0.7586 0.6206 0.1986
Z -0.3529 -0.1351 -0.9259

PART 66
OFFSET 0.0000 0.0000 0.0000
SCALE 1 1 1
X 1.0000 0.0000 0.0000
Y 0.0000 1.0000 0.0000
Z 0.0000 0.0000 1.0000

PART 67
OFFSET 0.0000 0.0000 0.0000
SCALE 1 1 1
X 1.0000 0.0000 0.0000
Y 0.0000 1.0000 0.0000
Z 0.0000 0.0000 1.0000

PART 68
OFFSET 1.5404 0.0000 4.1357
SCALE 1 1 1
X 1.0000 0.0000 0.0000
Y 0.0000 1.0000 0.0000
Z 0.0000 0.0000 1.0000

PART 69
OFFSET -4.6318 0.0000 -1.3770
SCALE 1 1 1
X 1.0000 0.0000 0.0000
Y 0.0000 1.0000 0.0000
Z 0.0000 0.0000 1.0000

PART 70
OFFSET 7.8313 -2.9010 -5.2087
SCALE 1 1 1
X 1.0000 0.0000 0.0000
Y 0.0000 1.0000 0.0000
Z 0.0000 0.0000 1.0000

PART 71
OFFSET 12.3941 -3.5916 -2.9826
SCALE 1 1 1
X 0.0000 -0.8192 0.5736
Y 1.0000 0.0000 -0.0000
Z -0.0000 0.5736 0.8192

PART 72
OFFSET 35.5445 -2.8852 -2.7048
SCALE 1 1 1
X 1.0000 0.0000 0.0000
Y 0.0000 1.0000 0.0000
Z 0.0000 0.0000 1.0000

PART 73
OFFSET 12.1249 -2.9094 -3.9233
SCALE 1 1 1
X 1.0000 0.0000 0.0000
Y 0.0000 1.0000 0.0000
Z 0.0000 0.0000 1.0000

PART 74
OFFSET 6.5463 -2.9010 -2.3346
SCALE 1 1 1
X 1.0000 0.0000 0.0000
Y 0.0000 1.0000 0.0000
Z 0.0000 0.0000 1.0000

PART 75
OFFSET 9.6569 -2.9010 -1.8697
SCALE 1 1 1
X 1.0000 0.0000 0.0000
Y 0.0000 1.0000 0.0000
Z 0.0000 0.0000 1.0000

PART 76
OFFSET 9.6569 -2.9010 -1.8697
SCALE 1 1 1
X 1.0000 0.0000 0.0000
Y 0.0000 1.0000 0.0000
Z 0.0000 0.0000 1.0000

PART 77
OFFSET 9.6569 -2.9010 -1.8697
SCALE 1 1 1
X 1.0000 0.0000 0.0000
Y 0.0000 1.0000 0.0000
Z 0.0000 0.0000 1.0000


NOTETRACKS

PART 0
NUMTRACKS 0

PART 1
NUMTRACKS 0

PART 2
NUMTRACKS 0

PART 3
NUMTRACKS 0

PART 4
NUMTRACKS 0

PART 5
NUMTRACKS 0

PART 6
NUMTRACKS 0

PART 7
NUMTRACKS 0

PART 8
NUMTRACKS 0

PART 9
NUMTRACKS 0

PART 10
NUMTRACKS 0

PART 11
NUMTRACKS 0

PART 12
NUMTRACKS 0

PART 13
NUMTRACKS 0

PART 14
NUMTRACKS 0

PART 15
NUMTRACKS 0

PART 16
NUMTRACKS 0

PART 17
NUMTRACKS 0

PART 18
NUMTRACKS 0

PART 19
NUMTRACKS 0

PART 20
NUMTRACKS 0

PART 21
NUMTRACKS 0

PART 22
NUMTRACKS 0

PART 23
NUMTRACKS 0

PART 24
NUMTRACKS 0

PART 25
NUMTRACKS 0

PART 26
NUMTRACKS 0

PART 27
NUMTRACKS 0

PART 28
NUMTRACKS 0

PART 29
NUMTRACKS 0

PART 30
NUMTRACKS 0

PART 31
NUMTRACKS 0

PART 32
NUMTRACKS 0

PART 33
NUMTRACKS 0

PART 34
NUMTRACKS 0

PART 35
NUMTRACKS 0

PART 36
NUMTRACKS 0

PART 37
NUMTRACKS 0

PART 38
NUMTRACKS 0

PART 39
NUMTRACKS 0

PART 40
NUMTRACKS 0

PART 41
NUMTRACKS 0

PART 42
NUMTRACKS 0

PART 43
NUMTRACKS 0

PART 44
NUMTRACKS 0

PART 45
NUMTRACKS 0

PART 46
NUMTRACKS 0

PART 47
NUMTRACKS 0

PART 48
NUMTRACKS 0

PART 49
NUMTRACKS 0

PART 50
NUMTRACKS 0

PART 51
NUMTRACKS 0

PART 52
NUMTRACKS 0

PART 53
NUMTRACKS 0

PART 54
NUMTRACKS 0

PART 55
NUMTRACKS 0

PART 56
NUMTRACKS 0

PART 57
NUMTRACKS 0

PART 58
NUMTRACKS 0

PART 59
NUMTRACKS 0

PART 60
NUMTRACKS 0

PART 61
NUMTRACKS 0

PART 62
NUMTRACKS 0

PART 63
NUMTRACKS 0

PART 64
NUMTRACKS 0

PART 65
NUMTRACKS 0

PART 66
NUMTRACKS 0

PART 67
NUMTRACKS 0

PART 68
NUMTRACKS 0

PART 69
NUMTRACKS 0

PART 70
NUMTRACKS 0

PART 71
NUMTRACKS 0

PART 72
NUMTRACKS 0

PART 73
NUMTRACKS 0

PART 74
NUMTRACKS 0

PART 75
NUMTRACKS 0

PART 76
NUMTRACKS 0

PART 77
NUMTRACKS 0

