// Export filename: `C:/Program Files/Activision/Call of Duty 4 - Modern Warfare/xanim_export/viewmodels/M16/m16_knife_melee_1.XANIM_EXPORT`
// Source filename: `C:/Program Files/Activision/Call of Duty 4 - Modern Warfare/bin/maya/animation_src/viewmodel/m16/viewmodel_m16_animation.mb`
// Export time: Mon Jan 07 16:17:04 2008

ANIMATION
VERSION 3

NUMPARTS 78
PART 0 "tag_ads"
PART 1 "tag_torso"
PART 2 "J_Shoulder_LE"
PART 3 "J_Elbow_LE"
PART 4 "J_WristTwist_LE"
PART 5 "J_Sleave_Reshape_Bottom_LE_1"
PART 6 "J_Sleave_Reshape_Bottom_LE_2"
PART 7 "J_Sleave_Reshape_Top_LE_1"
PART 8 "J_Sleave_Reshape_Top_LE_2"
PART 9 "J_Sleave_Reshape_Top_LE_3"
PART 10 "J_Wrist_LE"
PART 11 "J_Thumb_LE_0"
PART 12 "J_Thumb_LE_1"
PART 13 "J_Thumb_LE_2"
PART 14 "J_Thumb_LE_3"
PART 15 "J_PinkyPalm_LE"
PART 16 "J_Pinky_LE_0"
PART 17 "J_Pinky_LE_1"
PART 18 "J_Pinky_LE_2"
PART 19 "J_Pinky_LE_3"
PART 20 "J_RingPalm_LE"
PART 21 "J_Ring_LE_0"
PART 22 "J_Ring_LE_1"
PART 23 "J_Ring_LE_2"
PART 24 "J_Ring_LE_3"
PART 25 "J_Webbing_LE"
PART 26 "J_Index_LE_0"
PART 27 "J_Index_LE_1"
PART 28 "J_Index_LE_2"
PART 29 "J_Index_LE_3"
PART 30 "J_Mid_LE_0"
PART 31 "J_Mid_LE_1"
PART 32 "J_Mid_LE_2"
PART 33 "J_Mid_LE_3"
PART 34 "tag_knife_attach"
PART 35 "tag_weapon"
PART 36 "J_Shoulder_RI"
PART 37 "J_Elbow_RI"
PART 38 "J_WristTwist_RI"
PART 39 "J_Sleave_Reshape_Top_RI_3"
PART 40 "J_Sleave_Reshape_Top_RI_2"
PART 41 "J_Sleave_Reshape_Top_RI_1"
PART 42 "J_Wrist_RI"
PART 43 "J_Thumb_RI_0"
PART 44 "J_Thumb_RI_1"
PART 45 "J_Thumb_RI_2"
PART 46 "J_Thumb_RI_3"
PART 47 "J_PinkyPalm_RI"
PART 48 "J_Pinky_RI_0"
PART 49 "J_Pinky_RI_1"
PART 50 "J_Pinky_RI_2"
PART 51 "J_Pinky_RI_3"
PART 52 "J_RingPalm_RI"
PART 53 "J_Ring_RI_0"
PART 54 "J_Ring_RI_1"
PART 55 "J_Ring_RI_2"
PART 56 "J_Ring_RI_3"
PART 57 "J_Webbing_RI"
PART 58 "J_Index_RI_0"
PART 59 "J_Index_RI_1"
PART 60 "J_Index_RI_2"
PART 61 "J_Index_RI_3"
PART 62 "J_Mid_RI_0"
PART 63 "J_Mid_RI_1"
PART 64 "J_Mid_RI_2"
PART 65 "J_Mid_RI_3"
PART 66 "tag_cambone"
PART 67 "tag_camera"
PART 68 "tag_gasmask"
PART 69 "tag_gasmask2"
PART 70 "J_Gun"
PART 71 "TAG_BRASS"
PART 72 "TAG_FLASH"
PART 73 "TAG_CLIP"
PART 74 "J_Clip_Release"
PART 75 "TAG_REFLEX_SIGHT"
PART 76 "TAG_ACOG"
PART 77 "TAG_IRON_SIGHT"

FRAMERATE 30
NUMFRAMES 24

FRAME 900
PART 0
OFFSET 0.0000 0.0000 0.0000
SCALE 1 1 1
X 1.0000 0.0000 0.0000
Y 0.0000 1.0000 0.0000
Z 0.0000 0.0000 1.0000

PART 1
OFFSET -7.5508 -2.9683 1.4846
SCALE 1 1 1
X 1.0000 0.0000 0.0000
Y 0.0000 1.0000 0.0000
Z 0.0000 0.0000 1.0000

PART 2
OFFSET -8.5717 6.3257 -5.2547
SCALE 1 1 1
X -0.0194 0.9053 -0.4243
Y 0.2623 -0.4049 -0.8759
Z -0.9648 -0.1283 -0.2296

PART 3
OFFSET -8.8064 17.2742 -10.3866
SCALE 1 1 1
X 0.8622 -0.5061 -0.0230
Y -0.4311 -0.7567 0.4914
Z -0.2661 -0.4138 -0.8706

PART 4
OFFSET -1.4734 12.9694 -10.5821
SCALE 1 1 1
X 0.8622 -0.5061 -0.0230
Y -0.2270 -0.4265 0.8755
Z -0.4529 -0.7496 -0.4826

PART 5
OFFSET 0.5434 13.6035 -9.6244
SCALE 1 1 1
X 0.8654 -0.5005 -0.0235
Y 0.2699 0.4260 0.8635
Z -0.4221 -0.7537 0.5038

PART 6
OFFSET -0.2522 13.1040 -11.8583
SCALE 1 1 1
X 0.8654 -0.5005 -0.0235
Y 0.2699 0.4260 0.8635
Z -0.4221 -0.7537 0.5038

PART 7
OFFSET -0.1148 11.4081 -8.7905
SCALE 1 1 1
X 0.8654 -0.5005 -0.0235
Y 0.2699 0.4260 0.8635
Z -0.4221 -0.7537 0.5038

PART 8
OFFSET -0.5611 10.9055 -10.0749
SCALE 1 1 1
X 0.8654 -0.5005 -0.0235
Y 0.2699 0.4260 0.8635
Z -0.4221 -0.7537 0.5038

PART 9
OFFSET -0.8571 11.2081 -11.2484
SCALE 1 1 1
X 0.8654 -0.5005 -0.0235
Y 0.2699 0.4260 0.8635
Z -0.4221 -0.7537 0.5038

PART 10
OFFSET 1.1696 11.4178 -10.6526
SCALE 1 1 1
X 0.9424 -0.2795 0.1839
Y -0.2837 -0.3761 0.8821
Z -0.1773 -0.8834 -0.4337

PART 11
OFFSET 1.2470 10.5664 -9.8968
SCALE 1 1 1
X 0.3668 -0.8909 0.2678
Y -0.5255 0.0391 0.8499
Z -0.7676 -0.4525 -0.4539

PART 12
OFFSET 1.9434 8.6226 -9.2593
SCALE 1 1 1
X 0.8210 -0.3760 -0.4296
Y 0.0051 -0.7476 0.6641
Z -0.5709 -0.5475 -0.6118

PART 13
OFFSET 3.2046 7.9989 -10.0610
SCALE 1 1 1
X 0.3945 0.3205 -0.8612
Y 0.6280 -0.7782 -0.0019
Z -0.6708 -0.5401 -0.5083

PART 14
OFFSET 3.6112 8.3075 -11.0156
SCALE 1 1 1
X 0.8515 0.4232 -0.3096
Y 0.0937 0.4581 0.8840
Z 0.5159 -0.7817 0.3504

PART 15
OFFSET 2.2350 11.4055 -11.5292
SCALE 1 1 1
X 0.9544 -0.1830 -0.2356
Y -0.2294 -0.9552 -0.1870
Z -0.1909 0.2325 -0.9537

PART 16
OFFSET 4.3791 10.8432 -11.9427
SCALE 1 1 1
X 0.2893 -0.9483 -0.1307
Y -0.9572 -0.2853 -0.0490
Z 0.0092 0.1393 -0.9902

PART 17
OFFSET 4.7887 9.5007 -12.1277
SCALE 1 1 1
X -0.9170 -0.3903 -0.0821
Y -0.3961 0.9154 0.0717
Z 0.0471 0.0983 -0.9940

PART 18
OFFSET 3.9757 9.1546 -12.2004
SCALE 1 1 1
X -0.9578 0.2869 0.0193
Y 0.2861 0.9441 0.1640
Z 0.0289 0.1626 -0.9863

PART 19
OFFSET 3.0658 9.4271 -12.1821
SCALE 1 1 1
X 0.5488 -0.8356 0.0249
Y 0.8359 0.5487 -0.0132
Z -0.0027 0.0281 0.9996

PART 20
OFFSET 2.2785 11.2174 -10.8420
SCALE 1 1 1
X 0.9750 -0.2115 -0.0686
Y -0.2185 -0.8541 -0.4719
Z 0.0412 0.4751 -0.8790

PART 21
OFFSET 4.8198 10.7579 -11.1402
SCALE 1 1 1
X 0.2543 -0.9415 -0.2212
Y -0.9652 -0.2328 -0.1189
Z 0.0605 0.2437 -0.9680

PART 22
OFFSET 5.2527 9.1550 -11.5167
SCALE 1 1 1
X -0.9519 -0.2746 -0.1360
Y -0.2970 0.9359 0.1893
Z 0.0753 0.2206 -0.9725

PART 23
OFFSET 3.9335 8.7745 -11.7052
SCALE 1 1 1
X -0.8419 0.5371 0.0521
Y 0.5334 0.8138 0.2305
Z 0.0814 0.2219 -0.9717

PART 24
OFFSET 3.0204 9.3569 -11.6487
SCALE 1 1 1
X 0.3891 -0.8940 -0.2222
Y 0.9156 0.3486 0.2005
Z -0.1018 -0.2814 0.9542

PART 25
OFFSET 3.5293 9.4856 -8.9177
SCALE 1 1 1
X 0.8922 -0.4358 -0.1182
Y 0.4323 0.7487 0.5026
Z -0.1306 -0.4995 0.8564

PART 26
OFFSET 4.6937 10.3735 -9.1096
SCALE 1 1 1
X 0.1402 -0.9349 -0.3260
Y -0.9455 -0.0287 -0.3243
Z 0.2938 0.3537 -0.8880

PART 27
OFFSET 4.9405 8.7275 -9.6836
SCALE 1 1 1
X -0.8131 -0.3484 -0.4663
Y -0.4697 0.8659 0.1721
Z 0.3438 0.3590 -0.8677

PART 28
OFFSET 3.9311 8.2821 -10.1978
SCALE 1 1 1
X -0.8388 0.5424 -0.0464
Y 0.4689 0.7631 0.4447
Z 0.2766 0.3513 -0.8945

PART 29
OFFSET 2.9836 8.8948 -10.2502
SCALE 1 1 1
X -0.0724 -0.7667 -0.6380
Y 0.8958 -0.3313 0.2965
Z -0.4386 -0.5500 0.7107

PART 30
OFFSET 4.8691 10.6529 -10.1640
SCALE 1 1 1
X 0.1218 -0.9668 -0.2248
Y -0.9569 -0.0542 -0.2852
Z 0.2635 0.2498 -0.9317

PART 31
OFFSET 5.1070 8.7642 -10.6031
SCALE 1 1 1
X -0.9387 -0.1727 -0.2985
Y -0.2456 0.9423 0.2273
Z 0.2420 0.2866 -0.9270

PART 32
OFFSET 3.7359 8.5120 -11.0390
SCALE 1 1 1
X -0.7473 0.6633 0.0398
Y 0.6142 0.6666 0.4224
Z 0.2537 0.3401 -0.9055

PART 33
OFFSET 2.8909 9.2652 -11.0006
SCALE 1 1 1
X 0.1645 -0.9561 -0.2424
Y 0.9673 0.1083 0.2293
Z -0.1930 -0.2722 0.9427

PART 34
OFFSET 3.6072 9.5166 -11.2904
SCALE 1 1 1
X -0.0695 0.4508 -0.8899
Y 0.1773 0.8834 0.4337
Z 0.9817 -0.1277 -0.1413

PART 35
OFFSET -0.8790 -11.6841 -19.5434
SCALE 1 1 1
X 0.4425 -0.1304 -0.8872
Y 0.4924 0.8622 0.1188
Z 0.7495 -0.4894 0.4457

PART 36
OFFSET -13.2043 -6.9658 -6.3956
SCALE 1 1 1
X 0.1735 0.4716 0.8646
Y -0.4234 -0.7569 0.4978
Z 0.8892 -0.4525 0.0683

PART 37
OFFSET -15.3029 -12.6688 -16.8519
SCALE 1 1 1
X -0.9948 -0.1016 -0.0024
Y 0.0492 -0.4605 -0.8863
Z 0.0890 -0.8818 0.4631

PART 38
OFFSET -6.8416 -11.8042 -16.8313
SCALE 1 1 1
X -0.9948 -0.1016 -0.0024
Y 0.0055 -0.0301 -0.9995
Z 0.1015 -0.9944 0.0305

PART 39
OFFSET -5.5533 -10.2653 -16.8235
SCALE 1 1 1
X -0.9953 -0.0965 0.0016
Y -0.0869 0.8886 -0.4503
Z 0.0420 -0.4483 -0.8929

PART 40
OFFSET -5.1514 -10.4526 -15.6805
SCALE 1 1 1
X -0.9953 -0.0965 0.0016
Y -0.0869 0.8886 -0.4503
Z 0.0420 -0.4483 -0.8929

PART 41
OFFSET -4.9200 -11.7578 -15.1450
SCALE 1 1 1
X -0.9953 -0.0965 0.0016
Y -0.0869 0.8886 -0.4503
Z 0.0420 -0.4483 -0.8929

PART 42
OFFSET -3.7918 -11.4926 -16.8239
SCALE 1 1 1
X -0.4132 0.2185 0.8840
Y -0.7511 0.4672 -0.4665
Z -0.5149 -0.8567 -0.0289

PART 43
OFFSET -2.6697 -11.6900 -16.7595
SCALE 1 1 1
X -0.7979 -0.3278 0.5059
Y -0.5718 0.6772 -0.4630
Z -0.1909 -0.6587 -0.7278

PART 44
OFFSET -0.8802 -11.0136 -17.7646
SCALE 1 1 1
X 0.1586 -0.5483 0.8211
Y -0.9778 0.0284 0.2078
Z -0.1373 -0.8358 -0.5316

PART 45
OFFSET -1.1792 -10.0332 -19.0182
SCALE 1 1 1
X 0.8928 -0.4103 0.1860
Y -0.3944 -0.5123 0.7629
Z -0.2177 -0.7545 -0.6192

PART 46
OFFSET -2.1280 -9.5463 -19.2040
SCALE 1 1 1
X 0.7176 0.0762 0.6922
Y -0.2322 0.9633 0.1346
Z -0.6566 -0.2573 0.7090

PART 47
OFFSET -4.1424 -11.0042 -18.0657
SCALE 1 1 1
X 0.0911 -0.0802 0.9926
Y -0.4626 -0.8861 -0.0292
Z 0.8819 -0.4565 -0.1178

PART 48
OFFSET -4.1618 -10.7817 -20.3095
SCALE 1 1 1
X -0.5907 -0.7583 0.2759
Y -0.2038 -0.1906 -0.9603
Z 0.7808 -0.6234 -0.0420

PART 49
OFFSET -3.3255 -9.7082 -20.7001
SCALE 1 1 1
X -0.3054 -0.3453 -0.8874
Y 0.5806 0.6712 -0.4610
Z 0.7548 -0.6560 -0.0045

PART 50
OFFSET -3.0547 -9.4021 -19.9133
SCALE 1 1 1
X 0.2274 0.3389 -0.9129
Y 0.5630 0.7191 0.4072
Z 0.7945 -0.6066 -0.0273

PART 51
OFFSET -3.2708 -9.7240 -19.0460
SCALE 1 1 1
X -0.6423 -0.6229 0.4465
Y 0.3791 0.2482 0.8915
Z -0.6661 0.7419 0.0768

PART 52
OFFSET -3.6242 -11.4824 -17.9541
SCALE 1 1 1
X -0.1458 0.0959 0.9847
Y -0.4794 -0.8775 0.0144
Z 0.8654 -0.4699 0.1739

PART 53
OFFSET -3.3848 -11.6807 -20.5352
SCALE 1 1 1
X -0.4207 -0.8246 0.3781
Y -0.2014 -0.3215 -0.9252
Z 0.8846 -0.4654 -0.0308

PART 54
OFFSET -2.6686 -10.2768 -21.1789
SCALE 1 1 1
X -0.2014 -0.3391 -0.9189
Y 0.4408 0.8064 -0.3942
Z 0.8747 -0.4844 -0.0129

PART 55
OFFSET -2.3895 -9.8067 -19.9054
SCALE 1 1 1
X 0.1137 0.2204 -0.9688
Y 0.4691 0.8476 0.2479
Z 0.8758 -0.4826 -0.0070

PART 56
OFFSET -2.5127 -10.0457 -18.8547
SCALE 1 1 1
X -0.3180 -0.6885 0.6518
Y 0.2811 0.5881 0.7584
Z -0.9055 0.4244 0.0065

PART 57
OFFSET -5.1522 -11.4373 -12.7655
SCALE 1 1 1
X -0.3867 -0.1230 0.9140
Y 0.3429 0.9008 0.2663
Z -0.8561 0.4164 -0.3062

PART 58
OFFSET -1.8068 -13.0149 -19.9275
SCALE 1 1 1
X -0.5150 -0.0982 0.8515
Y -0.3179 -0.9007 -0.2962
Z 0.7961 -0.4232 0.4326

PART 59
OFFSET -0.9000 -12.8420 -21.4268
SCALE 1 1 1
X -0.4951 -0.0482 0.8675
Y -0.3026 -0.9264 -0.2242
Z 0.8144 -0.3735 0.4441

PART 60
OFFSET -0.2486 -12.8061 -22.4544
SCALE 1 1 1
X -0.4995 0.1098 0.8593
Y -0.3939 -0.9122 -0.1124
Z 0.7716 -0.3946 0.4989

PART 61
OFFSET 0.3156 -12.9301 -23.4250
SCALE 1 1 1
X 0.7352 0.6768 -0.0380
Y 0.2509 -0.3238 -0.9123
Z -0.6297 0.6612 -0.4079

PART 62
OFFSET -2.5733 -12.3311 -20.3341
SCALE 1 1 1
X -0.4112 -0.8279 0.3815
Y -0.0015 -0.4179 -0.9085
Z 0.9116 -0.3741 0.1706

PART 63
OFFSET -1.7700 -10.7138 -21.0794
SCALE 1 1 1
X -0.0203 -0.4184 -0.9080
Y 0.3749 0.8388 -0.3948
Z 0.9269 -0.3484 0.1398

PART 64
OFFSET -1.7404 -10.1027 -19.7531
SCALE 1 1 1
X 0.2154 0.2324 -0.9485
Y 0.2444 0.9275 0.2828
Z 0.9454 -0.2927 0.1430

PART 65
OFFSET -1.9909 -10.3632 -18.6797
SCALE 1 1 1
X -0.3817 -0.7519 0.5375
Y 0.1187 0.5368 0.8353
Z -0.9166 0.3827 -0.1156

PART 66
OFFSET 0.0000 0.0000 0.0000
SCALE 1 1 1
X 1.0000 0.0000 0.0000
Y 0.0000 1.0000 0.0000
Z 0.0000 0.0000 1.0000

PART 67
OFFSET 0.0000 0.0000 0.0000
SCALE 1 1 1
X 1.0000 0.0000 0.0000
Y 0.0000 1.0000 0.0000
Z 0.0000 0.0000 1.0000

PART 68
OFFSET 1.5404 0.0000 4.1357
SCALE 1 1 1
X 1.0000 0.0000 0.0000
Y 0.0000 1.0000 0.0000
Z 0.0000 0.0000 1.0000

PART 69
OFFSET -4.6318 0.0000 -1.3770
SCALE 1 1 1
X 1.0000 0.0000 0.0000
Y 0.0000 1.0000 0.0000
Z 0.0000 0.0000 1.0000

PART 70
OFFSET -0.8790 -11.6841 -19.5434
SCALE 1 1 1
X 0.4425 -0.1304 -0.8872
Y 0.4924 0.8622 0.1188
Z 0.7495 -0.4894 0.4457

PART 71
OFFSET 2.4683 -13.9641 -22.6815
SCALE 1 1 1
X 0.0266 -0.9870 0.1583
Y 0.4425 -0.1304 -0.8872
Z 0.8964 0.0936 0.4333

PART 72
OFFSET 13.2677 -16.5103 -43.0140
SCALE 1 1 1
X 0.4425 -0.1304 -0.8872
Y 0.4924 0.8622 0.1188
Z 0.7495 -0.4894 0.4457

PART 73
OFFSET 1.9801 -12.8805 -22.7809
SCALE 1 1 1
X 0.4425 -0.1304 -0.8872
Y 0.4924 0.8622 0.1188
Z 0.7495 -0.4894 0.4457

PART 74
OFFSET 0.7065 -12.9232 -17.1222
SCALE 1 1 1
X 0.4425 -0.1304 -0.8872
Y 0.4924 0.8622 0.1188
Z 0.7495 -0.4894 0.4457

PART 75
OFFSET 2.4314 -13.5565 -19.6749
SCALE 1 1 1
X 0.4425 -0.1304 -0.8872
Y 0.4924 0.8622 0.1188
Z 0.7495 -0.4894 0.4457

PART 76
OFFSET 2.4314 -13.5565 -19.6749
SCALE 1 1 1
X 0.4425 -0.1304 -0.8872
Y 0.4924 0.8622 0.1188
Z 0.7495 -0.4894 0.4457

PART 77
OFFSET 2.4314 -13.5565 -19.6749
SCALE 1 1 1
X 0.4425 -0.1304 -0.8872
Y 0.4924 0.8622 0.1188
Z 0.7495 -0.4894 0.4457


FRAME 901
PART 0
OFFSET 0.0000 0.0000 0.0000
SCALE 1 1 1
X 1.0000 0.0000 0.0000
Y 0.0000 1.0000 0.0000
Z 0.0000 0.0000 1.0000

PART 1
OFFSET -7.5508 -2.9683 1.4846
SCALE 1 1 1
X 1.0000 0.0000 0.0000
Y 0.0000 1.0000 0.0000
Z 0.0000 0.0000 1.0000

PART 2
OFFSET -8.0684 6.0976 -5.9006
SCALE 1 1 1
X 0.0977 0.8623 -0.4968
Y 0.5363 -0.4662 -0.7036
Z -0.8384 -0.1977 -0.5080

PART 3
OFFSET -6.8865 16.5265 -11.9094
SCALE 1 1 1
X 0.8726 -0.4067 0.2705
Y -0.4872 -0.7634 0.4241
Z 0.0340 -0.5018 -0.8643

PART 4
OFFSET 0.5353 13.0674 -9.6088
SCALE 1 1 1
X 0.8726 -0.4067 0.2705
Y -0.4875 -0.6910 0.5338
Z -0.0302 -0.5977 -0.8012

PART 5
OFFSET 2.2288 13.7966 -8.8119
SCALE 1 1 1
X 0.8754 -0.4007 0.2703
Y -0.0295 0.5139 0.8573
Z -0.4825 -0.7585 0.4380

PART 6
OFFSET 2.0569 13.2469 -10.4981
SCALE 1 1 1
X 0.8754 -0.4007 0.2703
Y -0.0295 0.5139 0.8573
Z -0.4825 -0.7585 0.4380

PART 7
OFFSET 1.4612 11.5782 -7.7304
SCALE 1 1 1
X 0.8754 -0.4007 0.2703
Y -0.0295 0.5139 0.8573
Z -0.4825 -0.7585 0.4380

PART 8
OFFSET 1.3304 10.8328 -8.7983
SCALE 1 1 1
X 0.8754 -0.4007 0.2703
Y -0.0295 0.5139 0.8573
Z -0.4825 -0.7585 0.4380

PART 9
OFFSET 1.4688 11.3434 -9.8955
SCALE 1 1 1
X 0.8754 -0.4007 0.2703
Y -0.0295 0.5139 0.8573
Z -0.4825 -0.7585 0.4380

PART 10
OFFSET 3.2104 11.8206 -8.7795
SCALE 1 1 1
X 0.9815 -0.0361 0.1881
Y -0.1549 -0.7271 0.6688
Z 0.1126 -0.6856 -0.7192

PART 11
OFFSET 3.5487 10.8212 -8.3448
SCALE 1 1 1
X 0.6191 -0.7853 -0.0094
Y -0.5196 -0.4185 0.7449
Z -0.5889 -0.4562 -0.6672

PART 12
OFFSET 4.7999 9.0594 -8.3278
SCALE 1 1 1
X 0.8971 0.0637 -0.4373
Y 0.2399 -0.9013 0.3608
Z -0.3711 -0.4286 -0.8238

PART 13
OFFSET 6.1922 9.1681 -9.1475
SCALE 1 1 1
X 0.2505 0.7254 -0.6411
Y 0.8474 -0.4845 -0.2172
Z -0.4682 -0.4889 -0.7361

PART 14
OFFSET 6.4561 9.9219 -9.8783
SCALE 1 1 1
X 0.6603 0.7497 -0.0452
Y -0.0426 0.0975 0.9943
Z 0.7498 -0.6546 0.0963

PART 15
OFFSET 4.2296 12.4300 -9.4819
SCALE 1 1 1
X 0.9646 0.2037 -0.1677
Y 0.0903 -0.8520 -0.5157
Z -0.2479 0.4823 -0.8402

PART 16
OFFSET 6.4440 12.7131 -9.7995
SCALE 1 1 1
X 0.5834 -0.7050 -0.4033
Y -0.8118 -0.5211 -0.2634
Z -0.0245 0.4810 -0.8764

PART 17
OFFSET 7.2700 11.7149 -10.3704
SCALE 1 1 1
X -0.7495 -0.5799 -0.3194
Y -0.6615 0.6741 0.3285
Z 0.0248 0.4575 -0.8889

PART 18
OFFSET 6.6054 11.2008 -10.6536
SCALE 1 1 1
X -0.9998 -0.0192 0.0034
Y -0.0148 0.8619 0.5068
Z -0.0126 0.5067 -0.8621

PART 19
OFFSET 5.6556 11.1825 -10.6504
SCALE 1 1 1
X 0.7759 -0.5997 -0.1961
Y 0.6306 0.7271 0.2715
Z -0.0203 -0.3343 0.9423

PART 20
OFFSET 4.3268 12.0346 -8.8956
SCALE 1 1 1
X 0.9919 0.1253 -0.0189
Y 0.0688 -0.6575 -0.7503
Z -0.1064 0.7429 -0.6609

PART 21
OFFSET 6.8839 12.4846 -9.0261
SCALE 1 1 1
X 0.5414 -0.6849 -0.4876
Y -0.8407 -0.4443 -0.3094
Z -0.0048 0.5774 -0.8164

PART 22
OFFSET 7.8057 11.3185 -9.8563
SCALE 1 1 1
X -0.8177 -0.4680 -0.3352
Y -0.5754 0.6814 0.4523
Z 0.0167 0.5628 -0.8265

PART 23
OFFSET 6.6725 10.6699 -10.3208
SCALE 1 1 1
X -0.9651 0.2274 0.1301
Y 0.2611 0.7929 0.5507
Z 0.0221 0.5654 -0.8245

PART 24
OFFSET 5.6258 10.9165 -10.1797
SCALE 1 1 1
X 0.6426 -0.6114 -0.4617
Y 0.7658 0.4942 0.4115
Z -0.0234 -0.6180 0.7858

PART 25
OFFSET 6.0504 10.1874 -7.5232
SCALE 1 1 1
X 0.9848 -0.0840 -0.1523
Y 0.1715 0.6166 0.7684
Z 0.0294 -0.7828 0.6216

PART 26
OFFSET 6.8761 11.3863 -7.2748
SCALE 1 1 1
X 0.4063 -0.6884 -0.6008
Y -0.8964 -0.1726 -0.4083
Z 0.1774 0.7045 -0.6872

PART 27
OFFSET 7.5914 10.1742 -8.3327
SCALE 1 1 1
X -0.6778 -0.3733 -0.6334
Y -0.7004 0.5900 0.4017
Z 0.2237 0.7159 -0.6614

PART 28
OFFSET 6.7538 9.6769 -9.0625
SCALE 1 1 1
X -0.9597 0.2756 0.0543
Y 0.2298 0.6589 0.7163
Z 0.1616 0.6999 -0.6957

PART 29
OFFSET 5.6697 9.9882 -9.0011
SCALE 1 1 1
X 0.1505 -0.4877 -0.8600
Y 0.9539 -0.1570 0.2559
Z -0.2598 -0.8588 0.4416

PART 30
OFFSET 6.9597 12.0560 -8.1495
SCALE 1 1 1
X 0.4140 -0.7519 -0.5131
Y -0.8909 -0.2189 -0.3980
Z 0.1869 0.6219 -0.7605

PART 31
OFFSET 7.7685 10.5872 -9.1518
SCALE 1 1 1
X -0.8371 -0.3151 -0.4471
Y -0.5245 0.6942 0.4928
Z 0.1551 0.6471 -0.7464

PART 32
OFFSET 6.5458 10.1270 -9.8050
SCALE 1 1 1
X -0.9098 0.3763 0.1750
Y 0.3872 0.6174 0.6847
Z 0.1496 0.6907 -0.7075

PART 33
OFFSET 5.5161 10.5577 -9.6122
SCALE 1 1 1
X 0.4408 -0.7271 -0.5264
Y 0.8906 0.2811 0.3575
Z -0.1119 -0.6263 0.7715

PART 34
OFFSET 6.1266 11.0698 -9.7260
SCALE 1 1 1
X -0.2037 0.6925 -0.6920
Y -0.1126 0.6856 0.7192
Z 0.9725 0.2244 -0.0617

PART 35
OFFSET -0.8790 -11.6841 -19.5434
SCALE 1 1 1
X 0.4425 -0.1304 -0.8872
Y 0.4924 0.8622 0.1188
Z 0.7495 -0.4894 0.4457

PART 36
OFFSET -13.2043 -6.9658 -6.3956
SCALE 1 1 1
X 0.1731 0.4756 0.8624
Y -0.4192 -0.7568 0.5015
Z 0.8912 -0.4484 0.0684

PART 37
OFFSET -15.2978 -12.7180 -16.8259
SCALE 1 1 1
X -0.9944 -0.1059 -0.0002
Y 0.0495 -0.4637 -0.8846
Z 0.0936 -0.8796 0.4663

PART 38
OFFSET -6.8402 -11.8173 -16.8244
SCALE 1 1 1
X -0.9944 -0.1059 -0.0002
Y 0.0032 -0.0287 -0.9996
Z 0.1058 -0.9940 0.0289

PART 39
OFFSET -5.5587 -10.2715 -16.8272
SCALE 1 1 1
X -0.9949 -0.1007 0.0038
Y -0.0915 0.8865 -0.4536
Z 0.0423 -0.4516 -0.8912

PART 40
OFFSET -5.1537 -10.4543 -15.6843
SCALE 1 1 1
X -0.9949 -0.1007 0.0038
Y -0.0915 0.8865 -0.4536
Z 0.0423 -0.4516 -0.8912

PART 41
OFFSET -4.9154 -11.7594 -15.1425
SCALE 1 1 1
X -0.9949 -0.1007 0.0038
Y -0.0915 0.8865 -0.4536
Z 0.0423 -0.4516 -0.8912

PART 42
OFFSET -3.7918 -11.4926 -16.8239
SCALE 1 1 1
X -0.4132 0.2185 0.8840
Y -0.7511 0.4672 -0.4665
Z -0.5149 -0.8567 -0.0289

PART 43
OFFSET -2.6697 -11.6900 -16.7595
SCALE 1 1 1
X -0.7979 -0.3278 0.5059
Y -0.5718 0.6772 -0.4630
Z -0.1909 -0.6587 -0.7278

PART 44
OFFSET -0.8802 -11.0136 -17.7646
SCALE 1 1 1
X 0.1586 -0.5483 0.8211
Y -0.9778 0.0284 0.2078
Z -0.1373 -0.8358 -0.5316

PART 45
OFFSET -1.1792 -10.0332 -19.0182
SCALE 1 1 1
X 0.8928 -0.4103 0.1860
Y -0.3944 -0.5123 0.7629
Z -0.2177 -0.7545 -0.6192

PART 46
OFFSET -2.1280 -9.5463 -19.2040
SCALE 1 1 1
X 0.7176 0.0762 0.6922
Y -0.2322 0.9633 0.1346
Z -0.6566 -0.2573 0.7090

PART 47
OFFSET -4.1424 -11.0042 -18.0657
SCALE 1 1 1
X 0.0911 -0.0802 0.9926
Y -0.4626 -0.8861 -0.0292
Z 0.8819 -0.4565 -0.1178

PART 48
OFFSET -4.1618 -10.7817 -20.3095
SCALE 1 1 1
X -0.5907 -0.7583 0.2759
Y -0.2038 -0.1906 -0.9603
Z 0.7808 -0.6234 -0.0420

PART 49
OFFSET -3.3255 -9.7082 -20.7001
SCALE 1 1 1
X -0.3054 -0.3453 -0.8874
Y 0.5806 0.6712 -0.4610
Z 0.7548 -0.6560 -0.0045

PART 50
OFFSET -3.0547 -9.4021 -19.9133
SCALE 1 1 1
X 0.2274 0.3389 -0.9129
Y 0.5630 0.7191 0.4072
Z 0.7945 -0.6066 -0.0273

PART 51
OFFSET -3.2708 -9.7240 -19.0460
SCALE 1 1 1
X -0.6423 -0.6229 0.4465
Y 0.3791 0.2482 0.8915
Z -0.6661 0.7419 0.0768

PART 52
OFFSET -3.6242 -11.4824 -17.9541
SCALE 1 1 1
X -0.1458 0.0959 0.9847
Y -0.4794 -0.8775 0.0144
Z 0.8654 -0.4699 0.1739

PART 53
OFFSET -3.3848 -11.6807 -20.5352
SCALE 1 1 1
X -0.4207 -0.8246 0.3781
Y -0.2014 -0.3215 -0.9252
Z 0.8846 -0.4654 -0.0308

PART 54
OFFSET -2.6686 -10.2768 -21.1789
SCALE 1 1 1
X -0.2014 -0.3391 -0.9189
Y 0.4408 0.8064 -0.3942
Z 0.8747 -0.4844 -0.0129

PART 55
OFFSET -2.3895 -9.8067 -19.9054
SCALE 1 1 1
X 0.1137 0.2204 -0.9688
Y 0.4691 0.8476 0.2479
Z 0.8758 -0.4826 -0.0070

PART 56
OFFSET -2.5127 -10.0457 -18.8547
SCALE 1 1 1
X -0.3180 -0.6885 0.6518
Y 0.2811 0.5881 0.7584
Z -0.9055 0.4244 0.0065

PART 57
OFFSET -5.1522 -11.4373 -12.7655
SCALE 1 1 1
X -0.3867 -0.1230 0.9140
Y 0.3429 0.9008 0.2663
Z -0.8561 0.4164 -0.3062

PART 58
OFFSET -1.8068 -13.0149 -19.9275
SCALE 1 1 1
X -0.5150 -0.0982 0.8515
Y -0.3179 -0.9007 -0.2962
Z 0.7961 -0.4232 0.4326

PART 59
OFFSET -0.9000 -12.8420 -21.4268
SCALE 1 1 1
X -0.4951 -0.0482 0.8675
Y -0.3026 -0.9264 -0.2242
Z 0.8144 -0.3735 0.4441

PART 60
OFFSET -0.2486 -12.8061 -22.4544
SCALE 1 1 1
X -0.4995 0.1098 0.8593
Y -0.3939 -0.9122 -0.1124
Z 0.7716 -0.3946 0.4989

PART 61
OFFSET 0.3156 -12.9301 -23.4250
SCALE 1 1 1
X 0.7352 0.6768 -0.0380
Y 0.2509 -0.3238 -0.9123
Z -0.6297 0.6612 -0.4079

PART 62
OFFSET -2.5733 -12.3311 -20.3341
SCALE 1 1 1
X -0.4112 -0.8279 0.3815
Y -0.0015 -0.4179 -0.9085
Z 0.9116 -0.3741 0.1706

PART 63
OFFSET -1.7700 -10.7138 -21.0794
SCALE 1 1 1
X -0.0203 -0.4184 -0.9080
Y 0.3749 0.8388 -0.3948
Z 0.9269 -0.3484 0.1398

PART 64
OFFSET -1.7404 -10.1027 -19.7531
SCALE 1 1 1
X 0.2154 0.2324 -0.9485
Y 0.2444 0.9275 0.2828
Z 0.9454 -0.2927 0.1430

PART 65
OFFSET -1.9909 -10.3632 -18.6797
SCALE 1 1 1
X -0.3817 -0.7519 0.5375
Y 0.1187 0.5368 0.8353
Z -0.9166 0.3827 -0.1156

PART 66
OFFSET 0.0000 0.0000 0.0000
SCALE 1 1 1
X 1.0000 0.0000 0.0000
Y 0.0000 1.0000 0.0000
Z 0.0000 0.0000 1.0000

PART 67
OFFSET 0.0000 -0.2410 -0.0149
SCALE 1 1 1
X 0.9993 0.0361 0.0011
Y -0.0361 0.9993 -0.0041
Z -0.0012 0.0040 1.0000

PART 68
OFFSET 1.5343 -0.1687 4.1225
SCALE 1 1 1
X 0.9993 0.0361 0.0011
Y -0.0361 0.9993 -0.0041
Z -0.0012 0.0040 1.0000

PART 69
OFFSET -4.6271 -0.4139 -1.3969
SCALE 1 1 1
X 0.9993 0.0361 0.0011
Y -0.0361 0.9993 -0.0041
Z -0.0012 0.0040 1.0000

PART 70
OFFSET -0.8790 -11.6841 -19.5434
SCALE 1 1 1
X 0.4425 -0.1304 -0.8872
Y 0.4924 0.8622 0.1188
Z 0.7495 -0.4894 0.4457

PART 71
OFFSET 2.4683 -13.9641 -22.6815
SCALE 1 1 1
X 0.0266 -0.9870 0.1583
Y 0.4425 -0.1304 -0.8872
Z 0.8964 0.0936 0.4333

PART 72
OFFSET 13.2677 -16.5103 -43.0140
SCALE 1 1 1
X 0.4425 -0.1304 -0.8872
Y 0.4924 0.8622 0.1188
Z 0.7495 -0.4894 0.4457

PART 73
OFFSET 1.9801 -12.8805 -22.7809
SCALE 1 1 1
X 0.4425 -0.1304 -0.8872
Y 0.4924 0.8622 0.1188
Z 0.7495 -0.4894 0.4457

PART 74
OFFSET 0.7065 -12.9232 -17.1222
SCALE 1 1 1
X 0.4425 -0.1304 -0.8872
Y 0.4924 0.8622 0.1188
Z 0.7495 -0.4894 0.4457

PART 75
OFFSET 2.4314 -13.5565 -19.6749
SCALE 1 1 1
X 0.4425 -0.1304 -0.8872
Y 0.4924 0.8622 0.1188
Z 0.7495 -0.4894 0.4457

PART 76
OFFSET 2.4314 -13.5565 -19.6749
SCALE 1 1 1
X 0.4425 -0.1304 -0.8872
Y 0.4924 0.8622 0.1188
Z 0.7495 -0.4894 0.4457

PART 77
OFFSET 2.4314 -13.5565 -19.6749
SCALE 1 1 1
X 0.4425 -0.1304 -0.8872
Y 0.4924 0.8622 0.1188
Z 0.7495 -0.4894 0.4457


FRAME 902
PART 0
OFFSET 0.0000 0.0000 0.0000
SCALE 1 1 1
X 1.0000 0.0000 0.0000
Y 0.0000 1.0000 0.0000
Z 0.0000 0.0000 1.0000

PART 1
OFFSET -7.5508 -2.9683 1.4846
SCALE 1 1 1
X 1.0000 0.0000 0.0000
Y 0.0000 1.0000 0.0000
Z 0.0000 0.0000 1.0000

PART 2
OFFSET -6.7826 5.5237 -7.2659
SCALE 1 1 1
X 0.3086 0.8629 -0.4002
Y 0.7343 -0.4836 -0.4765
Z -0.6047 -0.1468 -0.7828

PART 3
OFFSET -3.0503 15.9595 -12.1060
SCALE 1 1 1
X 0.7955 -0.3219 0.5134
Y -0.5124 -0.8096 0.2864
Z 0.3235 -0.4909 -0.8089

PART 4
OFFSET 3.7156 13.2218 -7.7391
SCALE 1 1 1
X 0.7955 -0.3219 0.5134
Y -0.4026 -0.9140 0.0508
Z 0.4529 -0.2471 -0.8566

PART 5
OFFSET 5.0399 14.0443 -6.5461
SCALE 1 1 1
X 0.7976 -0.3157 0.5139
Y -0.3183 0.5034 0.8033
Z -0.5123 -0.8043 0.3010

PART 6
OFFSET 5.4237 13.5981 -8.1752
SCALE 1 1 1
X 0.7976 -0.3157 0.5139
Y -0.3183 0.5034 0.8033
Z -0.5123 -0.8043 0.3010

PART 7
OFFSET 4.2212 11.8560 -5.7375
SCALE 1 1 1
X 0.7976 -0.3157 0.5139
Y -0.3183 0.5034 0.8033
Z -0.5123 -0.8043 0.3010

PART 8
OFFSET 4.5376 10.9681 -6.8767
SCALE 1 1 1
X 0.7976 -0.3157 0.5139
Y -0.3183 0.5034 0.8033
Z -0.5123 -0.8043 0.3010

PART 9
OFFSET 4.8043 11.4454 -7.7378
SCALE 1 1 1
X 0.7976 -0.3157 0.5139
Y -0.3183 0.5034 0.8033
Z -0.5123 -0.8043 0.3010

PART 10
OFFSET 6.1543 12.2350 -6.1651
SCALE 1 1 1
X 0.9408 0.2819 0.1882
Y 0.2395 -0.9457 0.2195
Z 0.2399 -0.1615 -0.9573

PART 11
OFFSET 6.9072 11.3829 -6.2617
SCALE 1 1 1
X 0.8506 -0.3686 -0.3750
Y -0.1997 -0.8862 0.4181
Z -0.4865 -0.2807 -0.8274

PART 12
OFFSET 8.6956 10.4833 -7.0753
SCALE 1 1 1
X 0.7186 0.6214 -0.3120
Y 0.6157 -0.7772 -0.1298
Z -0.3232 -0.0988 -0.9412

PART 13
OFFSET 9.7828 11.5219 -7.6767
SCALE 1 1 1
X -0.1733 0.9696 -0.1726
Y 0.9111 0.0913 -0.4021
Z -0.3741 -0.2269 -0.8992

PART 14
OFFSET 9.5938 12.5616 -7.9114
SCALE 1 1 1
X 0.3001 0.8803 0.3674
Y 0.1116 -0.4149 0.9030
Z 0.9474 -0.2300 -0.2228

PART 15
OFFSET 6.7425 13.4536 -6.4345
SCALE 1 1 1
X 0.7770 0.6295 -0.0022
Y 0.3180 -0.3956 -0.8616
Z -0.5433 0.6688 -0.5075

PART 16
OFFSET 8.6064 14.7221 -6.4712
SCALE 1 1 1
X 0.7323 -0.1246 -0.6695
Y -0.5878 -0.6122 -0.5289
Z -0.3440 0.7808 -0.5216

PART 17
OFFSET 9.6431 14.5456 -7.4191
SCALE 1 1 1
X -0.5284 -0.6051 -0.5956
Y -0.7971 0.1121 0.5933
Z -0.2922 0.7882 -0.5416

PART 18
OFFSET 9.1746 14.0092 -7.9471
SCALE 1 1 1
X -0.9101 -0.4124 -0.0409
Y -0.2370 0.4370 0.8677
Z -0.3400 0.7994 -0.4954

PART 19
OFFSET 8.3100 13.6174 -7.9859
SCALE 1 1 1
X 0.8940 -0.0745 -0.4418
Y 0.3638 0.6963 0.6188
Z 0.2615 -0.7139 0.6496

PART 20
OFFSET 7.0751 12.9097 -6.1135
SCALE 1 1 1
X 0.8557 0.5096 0.0897
Y 0.1861 -0.1414 -0.9723
Z -0.4828 0.8487 -0.2159

PART 21
OFFSET 9.2201 14.3615 -5.8913
SCALE 1 1 1
X 0.6703 -0.0955 -0.7359
Y -0.6559 -0.5401 -0.5273
Z -0.3472 0.8361 -0.4247

PART 22
OFFSET 10.3613 14.1989 -7.1443
SCALE 1 1 1
X -0.6334 -0.5370 -0.5572
Y -0.7029 0.0981 0.7045
Z -0.3237 0.8378 -0.4396

PART 23
OFFSET 9.4835 13.4546 -7.9164
SCALE 1 1 1
X -0.9464 -0.2599 0.1917
Y 0.0478 0.4743 0.8791
Z -0.3194 0.8411 -0.4364

PART 24
OFFSET 8.4571 13.1727 -7.7085
SCALE 1 1 1
X 0.7324 -0.0166 -0.6807
Y 0.5953 0.5009 0.6283
Z 0.3306 -0.8653 0.3767

PART 25
OFFSET 9.5634 11.5160 -5.7496
SCALE 1 1 1
X 0.9056 0.4033 -0.1316
Y 0.0534 0.1993 0.9785
Z 0.4208 -0.8931 0.1590

PART 26
OFFSET 9.9117 12.6803 -4.9106
SCALE 1 1 1
X 0.5136 -0.1155 -0.8502
Y -0.8325 -0.3071 -0.4611
Z -0.2078 0.9446 -0.2539

PART 27
OFFSET 10.8159 12.4769 -6.4076
SCALE 1 1 1
X -0.6007 -0.2785 -0.7494
Y -0.7823 0.0114 0.6228
Z -0.1649 0.9604 -0.2247

PART 28
OFFSET 10.0957 12.0800 -7.3049
SCALE 1 1 1
X -0.9694 -0.1840 0.1623
Y 0.1038 0.2918 0.9508
Z -0.2223 0.9386 -0.2638

PART 29
OFFSET 9.0006 11.8722 -7.1217
SCALE 1 1 1
X 0.1594 0.0605 -0.9854
Y 0.9767 0.1355 0.1663
Z 0.1436 -0.9889 -0.0375

PART 30
OFFSET 9.5946 13.6473 -5.3405
SCALE 1 1 1
X 0.5703 -0.1959 -0.7977
Y -0.8023 -0.3412 -0.4898
Z -0.1762 0.9194 -0.3517

PART 31
OFFSET 10.7087 13.2647 -6.8990
SCALE 1 1 1
X -0.7260 -0.3735 -0.5774
Y -0.6541 0.1159 0.7475
Z -0.2123 0.9203 -0.3285

PART 32
OFFSET 9.6482 12.7190 -7.7423
SCALE 1 1 1
X -0.9408 -0.1379 0.3095
Y 0.2516 0.3275 0.9107
Z -0.2269 0.9348 -0.2734

PART 33
OFFSET 8.5809 12.5693 -7.3943
SCALE 1 1 1
X 0.5752 -0.1632 -0.8016
Y 0.7791 0.4081 0.4760
Z 0.2494 -0.8982 0.3619

PART 34
OFFSET 8.9414 13.2631 -7.2321
SCALE 1 1 1
X -0.5580 0.7840 -0.2720
Y -0.2399 0.1615 0.9573
Z 0.7944 0.5994 0.0980

PART 35
OFFSET -0.8790 -11.6841 -19.5434
SCALE 1 1 1
X 0.4425 -0.1304 -0.8872
Y 0.4924 0.8622 0.1188
Z 0.7495 -0.4894 0.4457

PART 36
OFFSET -13.2043 -6.9658 -6.3956
SCALE 1 1 1
X 0.1724 0.4824 0.8588
Y -0.4123 -0.7565 0.5077
Z 0.8946 -0.4416 0.0685

PART 37
OFFSET -15.2887 -12.8002 -16.7820
SCALE 1 1 1
X -0.9936 -0.1130 0.0036
Y 0.0501 -0.4690 -0.8818
Z 0.1013 -0.8759 0.4717

PART 38
OFFSET -6.8378 -11.8391 -16.8128
SCALE 1 1 1
X -0.9936 -0.1130 0.0036
Y -0.0007 -0.0263 -0.9997
Z 0.1131 -0.9932 0.0261

PART 39
OFFSET -5.5677 -10.2819 -16.8335
SCALE 1 1 1
X -0.9941 -0.1078 0.0076
Y -0.0992 0.8829 -0.4590
Z 0.0428 -0.4571 -0.8884

PART 40
OFFSET -5.1576 -10.4571 -15.6906
SCALE 1 1 1
X -0.9941 -0.1078 0.0076
Y -0.0992 0.8829 -0.4590
Z 0.0428 -0.4571 -0.8884

PART 41
OFFSET -4.9077 -11.7623 -15.1384
SCALE 1 1 1
X -0.9941 -0.1078 0.0076
Y -0.0992 0.8829 -0.4590
Z 0.0428 -0.4571 -0.8884

PART 42
OFFSET -3.7918 -11.4926 -16.8239
SCALE 1 1 1
X -0.4132 0.2185 0.8840
Y -0.7511 0.4672 -0.4665
Z -0.5149 -0.8567 -0.0289

PART 43
OFFSET -2.6697 -11.6900 -16.7595
SCALE 1 1 1
X -0.7979 -0.3278 0.5059
Y -0.5718 0.6772 -0.4630
Z -0.1909 -0.6587 -0.7278

PART 44
OFFSET -0.8802 -11.0136 -17.7646
SCALE 1 1 1
X 0.1586 -0.5483 0.8211
Y -0.9778 0.0284 0.2078
Z -0.1373 -0.8358 -0.5316

PART 45
OFFSET -1.1792 -10.0332 -19.0182
SCALE 1 1 1
X 0.8928 -0.4103 0.1860
Y -0.3944 -0.5123 0.7629
Z -0.2177 -0.7545 -0.6192

PART 46
OFFSET -2.1280 -9.5463 -19.2040
SCALE 1 1 1
X 0.7176 0.0762 0.6922
Y -0.2322 0.9633 0.1346
Z -0.6566 -0.2573 0.7090

PART 47
OFFSET -4.1424 -11.0042 -18.0657
SCALE 1 1 1
X 0.0911 -0.0802 0.9926
Y -0.4626 -0.8861 -0.0292
Z 0.8819 -0.4565 -0.1178

PART 48
OFFSET -4.1618 -10.7817 -20.3095
SCALE 1 1 1
X -0.5907 -0.7583 0.2759
Y -0.2038 -0.1906 -0.9603
Z 0.7808 -0.6234 -0.0420

PART 49
OFFSET -3.3255 -9.7082 -20.7001
SCALE 1 1 1
X -0.3054 -0.3453 -0.8874
Y 0.5806 0.6712 -0.4610
Z 0.7548 -0.6560 -0.0045

PART 50
OFFSET -3.0547 -9.4021 -19.9133
SCALE 1 1 1
X 0.2274 0.3389 -0.9129
Y 0.5630 0.7191 0.4072
Z 0.7945 -0.6066 -0.0273

PART 51
OFFSET -3.2708 -9.7240 -19.0460
SCALE 1 1 1
X -0.6423 -0.6229 0.4465
Y 0.3791 0.2482 0.8915
Z -0.6661 0.7419 0.0768

PART 52
OFFSET -3.6242 -11.4824 -17.9541
SCALE 1 1 1
X -0.1458 0.0959 0.9847
Y -0.4794 -0.8775 0.0144
Z 0.8654 -0.4699 0.1739

PART 53
OFFSET -3.3848 -11.6807 -20.5352
SCALE 1 1 1
X -0.4207 -0.8246 0.3781
Y -0.2014 -0.3215 -0.9252
Z 0.8846 -0.4654 -0.0308

PART 54
OFFSET -2.6686 -10.2768 -21.1789
SCALE 1 1 1
X -0.2014 -0.3391 -0.9189
Y 0.4408 0.8064 -0.3942
Z 0.8747 -0.4844 -0.0129

PART 55
OFFSET -2.3895 -9.8067 -19.9054
SCALE 1 1 1
X 0.1137 0.2204 -0.9688
Y 0.4691 0.8476 0.2479
Z 0.8758 -0.4826 -0.0070

PART 56
OFFSET -2.5127 -10.0457 -18.8547
SCALE 1 1 1
X -0.3180 -0.6885 0.6518
Y 0.2811 0.5881 0.7584
Z -0.9055 0.4244 0.0065

PART 57
OFFSET -5.1522 -11.4373 -12.7655
SCALE 1 1 1
X -0.3867 -0.1230 0.9140
Y 0.3429 0.9008 0.2663
Z -0.8561 0.4164 -0.3062

PART 58
OFFSET -1.8068 -13.0149 -19.9275
SCALE 1 1 1
X -0.5150 -0.0982 0.8515
Y -0.3179 -0.9007 -0.2962
Z 0.7961 -0.4232 0.4326

PART 59
OFFSET -0.9000 -12.8420 -21.4268
SCALE 1 1 1
X -0.4951 -0.0482 0.8675
Y -0.3026 -0.9264 -0.2242
Z 0.8144 -0.3735 0.4441

PART 60
OFFSET -0.2486 -12.8061 -22.4544
SCALE 1 1 1
X -0.4995 0.1098 0.8593
Y -0.3939 -0.9122 -0.1124
Z 0.7716 -0.3946 0.4989

PART 61
OFFSET 0.3156 -12.9301 -23.4250
SCALE 1 1 1
X 0.7352 0.6768 -0.0380
Y 0.2509 -0.3238 -0.9123
Z -0.6297 0.6612 -0.4079

PART 62
OFFSET -2.5733 -12.3311 -20.3341
SCALE 1 1 1
X -0.4112 -0.8279 0.3815
Y -0.0015 -0.4179 -0.9085
Z 0.9116 -0.3741 0.1706

PART 63
OFFSET -1.7700 -10.7138 -21.0794
SCALE 1 1 1
X -0.0203 -0.4184 -0.9080
Y 0.3749 0.8388 -0.3948
Z 0.9269 -0.3484 0.1398

PART 64
OFFSET -1.7404 -10.1027 -19.7531
SCALE 1 1 1
X 0.2154 0.2324 -0.9485
Y 0.2444 0.9275 0.2828
Z 0.9454 -0.2927 0.1430

PART 65
OFFSET -1.9909 -10.3632 -18.6797
SCALE 1 1 1
X -0.3817 -0.7519 0.5375
Y 0.1187 0.5368 0.8353
Z -0.9166 0.3827 -0.1156

PART 66
OFFSET 0.0000 0.0000 0.0000
SCALE 1 1 1
X 1.0000 0.0000 0.0000
Y 0.0000 1.0000 0.0000
Z 0.0000 0.0000 1.0000

PART 67
OFFSET 0.0000 -0.2080 -0.0383
SCALE 1 1 1
X 0.9922 0.1242 0.0063
Y -0.1241 0.9922 -0.0133
Z -0.0079 0.0124 0.9999

PART 68
OFFSET 1.4958 0.0345 4.1067
SCALE 1 1 1
X 0.9922 0.1242 0.0063
Y -0.1241 0.9922 -0.0133
Z -0.0079 0.0124 0.9999

PART 69
OFFSET -4.5850 -0.8004 -1.4443
SCALE 1 1 1
X 0.9922 0.1242 0.0063
Y -0.1241 0.9922 -0.0133
Z -0.0079 0.0124 0.9999

PART 70
OFFSET -0.8790 -11.6841 -19.5434
SCALE 1 1 1
X 0.4425 -0.1304 -0.8872
Y 0.4924 0.8622 0.1188
Z 0.7495 -0.4894 0.4457

PART 71
OFFSET 2.4683 -13.9641 -22.6815
SCALE 1 1 1
X 0.0266 -0.9870 0.1583
Y 0.4425 -0.1304 -0.8872
Z 0.8964 0.0936 0.4333

PART 72
OFFSET 13.2677 -16.5103 -43.0140
SCALE 1 1 1
X 0.4425 -0.1304 -0.8872
Y 0.4924 0.8622 0.1188
Z 0.7495 -0.4894 0.4457

PART 73
OFFSET 1.9801 -12.8805 -22.7809
SCALE 1 1 1
X 0.4425 -0.1304 -0.8872
Y 0.4924 0.8622 0.1188
Z 0.7495 -0.4894 0.4457

PART 74
OFFSET 0.7065 -12.9232 -17.1222
SCALE 1 1 1
X 0.4425 -0.1304 -0.8872
Y 0.4924 0.8622 0.1188
Z 0.7495 -0.4894 0.4457

PART 75
OFFSET 2.4314 -13.5565 -19.6749
SCALE 1 1 1
X 0.4425 -0.1304 -0.8872
Y 0.4924 0.8622 0.1188
Z 0.7495 -0.4894 0.4457

PART 76
OFFSET 2.4314 -13.5565 -19.6749
SCALE 1 1 1
X 0.4425 -0.1304 -0.8872
Y 0.4924 0.8622 0.1188
Z 0.7495 -0.4894 0.4457

PART 77
OFFSET 2.4314 -13.5565 -19.6749
SCALE 1 1 1
X 0.4425 -0.1304 -0.8872
Y 0.4924 0.8622 0.1188
Z 0.7495 -0.4894 0.4457


FRAME 903
PART 0
OFFSET 0.0000 0.0000 0.0000
SCALE 1 1 1
X 1.0000 0.0000 0.0000
Y 0.0000 1.0000 0.0000
Z 0.0000 0.0000 1.0000

PART 1
OFFSET -7.5508 -2.9683 1.4846
SCALE 1 1 1
X 1.0000 0.0000 0.0000
Y 0.0000 1.0000 0.0000
Z 0.0000 0.0000 1.0000

PART 2
OFFSET -5.1095 5.0927 -8.5050
SCALE 1 1 1
X 0.5448 0.8290 -0.1261
Y 0.7223 -0.5403 -0.4317
Z -0.4261 0.1441 -0.8931

PART 3
OFFSET 1.4789 15.1190 -10.0305
SCALE 1 1 1
X 0.7341 -0.4003 0.5485
Y -0.5456 -0.8286 0.1255
Z 0.4042 -0.3914 -0.8267

PART 4
OFFSET 7.7230 11.7144 -5.3655
SCALE 1 1 1
X 0.7341 -0.4003 0.5485
Y -0.2895 -0.9152 -0.2804
Z 0.6142 0.0471 -0.7877

PART 5
OFFSET 8.8422 12.3376 -3.8413
SCALE 1 1 1
X 0.7363 -0.3943 0.5500
Y -0.3984 0.4044 0.8232
Z -0.5470 -0.8252 0.1407

PART 6
OFFSET 9.5091 12.1831 -5.5670
SCALE 1 1 1
X 0.7363 -0.3943 0.5500
Y -0.3984 0.4044 0.8232
Z -0.5470 -0.8252 0.1407

PART 7
OFFSET 7.9983 10.2218 -3.5764
SCALE 1 1 1
X 0.7363 -0.3943 0.5500
Y -0.3984 0.4044 0.8232
Z -0.5470 -0.8252 0.1407

PART 8
OFFSET 8.5105 9.3753 -4.8053
SCALE 1 1 1
X 0.7363 -0.3943 0.5500
Y -0.3984 0.4044 0.8232
Z -0.5470 -0.8252 0.1407

PART 9
OFFSET 8.7209 9.6830 -5.5599
SCALE 1 1 1
X 0.7363 -0.3943 0.5500
Y -0.3984 0.4044 0.8232
Z -0.5470 -0.8252 0.1407

PART 10
OFFSET 9.9736 10.4872 -3.6840
SCALE 1 1 1
X 0.8887 0.3792 0.2576
Y 0.4278 -0.8881 -0.1684
Z 0.1649 0.2598 -0.9515

PART 11
OFFSET 10.8539 9.9075 -4.1213
SCALE 1 1 1
X 0.8573 -0.0194 -0.5144
Y 0.0062 -0.9988 0.0480
Z -0.5148 -0.0444 -0.8562

PART 12
OFFSET 12.6759 9.7635 -5.2743
SCALE 1 1 1
X 0.5560 0.8285 -0.0665
Y 0.7289 -0.5245 -0.4399
Z -0.3994 0.1961 -0.8956

PART 13
OFFSET 13.4853 11.1543 -5.4557
SCALE 1 1 1
X -0.3723 0.8999 0.2271
Y 0.8270 0.4327 -0.3590
Z -0.4214 0.0541 -0.9053

PART 14
OFFSET 13.0774 12.1373 -5.2577
SCALE 1 1 1
X 0.1662 0.7187 0.6751
Y 0.2876 -0.6902 0.6640
Z 0.9432 0.0838 -0.3214

PART 15
OFFSET 10.3010 11.8116 -3.4781
SCALE 1 1 1
X 0.6460 0.7306 0.2210
Y 0.2944 0.0287 -0.9553
Z -0.7043 0.6822 -0.1966

PART 16
OFFSET 11.8911 13.3573 -3.0700
SCALE 1 1 1
X 0.6701 0.2906 -0.6830
Y -0.5188 -0.4747 -0.7110
Z -0.5309 0.8308 -0.1674

PART 17
OFFSET 12.8399 13.7687 -4.0370
SCALE 1 1 1
X -0.4730 -0.4325 -0.7676
Y -0.7365 -0.2841 0.6139
Z -0.4836 0.8557 -0.1841

PART 18
OFFSET 12.4205 13.3853 -4.7176
SCALE 1 1 1
X -0.8222 -0.5441 -0.1675
Y -0.2144 0.0234 0.9765
Z -0.5274 0.8387 -0.1358

PART 19
OFFSET 11.6394 12.8684 -4.8767
SCALE 1 1 1
X 0.8397 0.2802 -0.4653
Y 0.3006 0.4738 0.8278
Z 0.4523 -0.8349 0.3136

PART 20
OFFSET 10.7577 11.2685 -3.4005
SCALE 1 1 1
X 0.7542 0.6042 0.2574
Y 0.1077 0.2729 -0.9560
Z -0.6478 0.7487 0.1407

PART 21
OFFSET 12.6164 12.9417 -2.6904
SCALE 1 1 1
X 0.5972 0.3254 -0.7332
Y -0.6004 -0.4247 -0.6776
Z -0.5318 0.8448 -0.0583

PART 22
OFFSET 13.6331 13.4956 -3.9386
SCALE 1 1 1
X -0.5832 -0.4068 -0.7031
Y -0.6317 -0.3171 0.7074
Z -0.5107 0.8567 -0.0720

PART 23
OFFSET 12.8248 12.9319 -4.9131
SCALE 1 1 1
X -0.8601 -0.4987 0.1070
Y 0.0581 0.1126 0.9919
Z -0.5068 0.8594 -0.0679

PART 24
OFFSET 11.8919 12.3910 -4.7971
SCALE 1 1 1
X 0.6466 0.3866 -0.6576
Y 0.5623 0.3411 0.7533
Z 0.5155 -0.8569 0.0032

PART 25
OFFSET 13.4809 10.3855 -3.6673
SCALE 1 1 1
X 0.7993 0.6008 0.0103
Y 0.1173 -0.1729 0.9779
Z 0.5893 -0.7805 -0.2087

PART 26
OFFSET 13.6979 11.1986 -2.4537
SCALE 1 1 1
X 0.4300 0.3116 -0.8474
Y -0.8103 -0.2806 -0.5144
Z -0.3981 0.9078 0.1319

PART 27
OFFSET 14.4549 11.7473 -3.9456
SCALE 1 1 1
X -0.6206 -0.1019 -0.7775
Y -0.6988 -0.3779 0.6073
Z -0.3557 0.9202 0.1633

PART 28
OFFSET 13.7221 11.5675 -4.9008
SCALE 1 1 1
X -0.8978 -0.4252 0.1145
Y 0.1548 -0.0614 0.9860
Z -0.4123 0.9030 0.1209

PART 29
OFFSET 12.7080 11.0872 -4.7714
SCALE 1 1 1
X 0.0365 0.4478 -0.8934
Y 0.9497 0.2626 0.1705
Z 0.3110 -0.8547 -0.4157

PART 30
OFFSET 13.1687 12.1682 -2.4692
SCALE 1 1 1
X 0.5100 0.2338 -0.8278
Y -0.7761 -0.2897 -0.5601
Z -0.3708 0.9281 0.0338

PART 31
OFFSET 14.1650 12.6250 -4.0863
SCALE 1 1 1
X -0.7048 -0.2711 -0.6555
Y -0.5832 -0.3046 0.7530
Z -0.4038 0.9131 0.0566

PART 32
OFFSET 13.1355 12.2291 -5.0438
SCALE 1 1 1
X -0.8633 -0.4300 0.2641
Y 0.2871 0.0117 0.9578
Z -0.4150 0.9027 0.1134

PART 33
OFFSET 12.1546 11.7484 -4.7446
SCALE 1 1 1
X 0.5051 0.2646 -0.8215
Y 0.7424 0.3523 0.5699
Z 0.4402 -0.8977 -0.0185

PART 34
OFFSET 12.4039 12.3899 -4.3449
SCALE 1 1 1
X -0.7155 0.6955 0.0659
Y -0.1649 -0.2598 0.9515
Z 0.6789 0.6699 0.3006

PART 35
OFFSET -0.8790 -11.6841 -19.5434
SCALE 1 1 1
X 0.4425 -0.1304 -0.8872
Y 0.4924 0.8622 0.1188
Z 0.7495 -0.4894 0.4457

PART 36
OFFSET -13.2043 -6.9658 -6.3956
SCALE 1 1 1
X 0.1714 0.4906 0.8544
Y -0.4038 -0.7560 0.5151
Z 0.8987 -0.4333 0.0685

PART 37
OFFSET -15.2767 -12.8989 -16.7283
SCALE 1 1 1
X -0.9926 -0.1215 0.0083
Y 0.0509 -0.4755 -0.8783
Z 0.1107 -0.8713 0.4781

PART 38
OFFSET -6.8346 -11.8652 -16.7986
SCALE 1 1 1
X -0.9926 -0.1215 0.0083
Y -0.0055 -0.0233 -0.9997
Z 0.1217 -0.9923 0.0225

PART 39
OFFSET -5.5785 -10.2946 -16.8410
SCALE 1 1 1
X -0.9931 -0.1163 0.0122
Y -0.1086 0.8784 -0.4655
Z 0.0434 -0.4636 -0.8850

PART 40
OFFSET -5.1623 -10.4606 -15.6983
SCALE 1 1 1
X -0.9931 -0.1163 0.0122
Y -0.1086 0.8784 -0.4655
Z 0.0434 -0.4636 -0.8850

PART 41
OFFSET -4.8982 -11.7658 -15.1335
SCALE 1 1 1
X -0.9931 -0.1163 0.0122
Y -0.1086 0.8784 -0.4655
Z 0.0434 -0.4636 -0.8850

PART 42
OFFSET -3.7918 -11.4926 -16.8239
SCALE 1 1 1
X -0.4132 0.2185 0.8840
Y -0.7511 0.4672 -0.4665
Z -0.5149 -0.8567 -0.0289

PART 43
OFFSET -2.6697 -11.6900 -16.7595
SCALE 1 1 1
X -0.7979 -0.3278 0.5059
Y -0.5718 0.6772 -0.4630
Z -0.1909 -0.6587 -0.7278

PART 44
OFFSET -0.8802 -11.0136 -17.7646
SCALE 1 1 1
X 0.1586 -0.5483 0.8211
Y -0.9778 0.0284 0.2078
Z -0.1373 -0.8358 -0.5316

PART 45
OFFSET -1.1792 -10.0332 -19.0182
SCALE 1 1 1
X 0.8928 -0.4103 0.1860
Y -0.3944 -0.5123 0.7629
Z -0.2177 -0.7545 -0.6192

PART 46
OFFSET -2.1280 -9.5463 -19.2040
SCALE 1 1 1
X 0.7176 0.0762 0.6922
Y -0.2322 0.9633 0.1346
Z -0.6566 -0.2573 0.7090

PART 47
OFFSET -4.1424 -11.0042 -18.0657
SCALE 1 1 1
X 0.0911 -0.0802 0.9926
Y -0.4626 -0.8861 -0.0292
Z 0.8819 -0.4565 -0.1178

PART 48
OFFSET -4.1618 -10.7817 -20.3095
SCALE 1 1 1
X -0.5907 -0.7583 0.2759
Y -0.2038 -0.1906 -0.9603
Z 0.7808 -0.6234 -0.0420

PART 49
OFFSET -3.3255 -9.7082 -20.7001
SCALE 1 1 1
X -0.3054 -0.3453 -0.8874
