// Export filename: `C:/Program Files/Activision/Call of Duty 4 - Modern Warfare/xanim_export/viewmodels/M16/m16_sprint_loop.XANIM_EXPORT`
// Source filename: `C:/Program Files/Activision/Call of Duty 4 - Modern Warfare/bin/maya/animation_src/viewmodel/m16/viewmodel_m16_animation.mb`
// Export time: Mon Jan 07 16:17:01 2008

ANIMATION
VERSION 3

NUMPARTS 78
PART 0 "tag_ads"
PART 1 "tag_torso"
PART 2 "J_Shoulder_LE"
PART 3 "J_Elbow_LE"
PART 4 "J_WristTwist_LE"
PART 5 "J_Sleave_Reshape_Bottom_LE_1"
PART 6 "J_Sleave_Reshape_Bottom_LE_2"
PART 7 "J_Sleave_Reshape_Top_LE_1"
PART 8 "J_Sleave_Reshape_Top_LE_2"
PART 9 "J_Sleave_Reshape_Top_LE_3"
PART 10 "J_Wrist_LE"
PART 11 "J_Thumb_LE_0"
PART 12 "J_Thumb_LE_1"
PART 13 "J_Thumb_LE_2"
PART 14 "J_Thumb_LE_3"
PART 15 "J_PinkyPalm_LE"
PART 16 "J_Pinky_LE_0"
PART 17 "J_Pinky_LE_1"
PART 18 "J_Pinky_LE_2"
PART 19 "J_Pinky_LE_3"
PART 20 "J_RingPalm_LE"
PART 21 "J_Ring_LE_0"
PART 22 "J_Ring_LE_1"
PART 23 "J_Ring_LE_2"
PART 24 "J_Ring_LE_3"
PART 25 "J_Webbing_LE"
PART 26 "J_Index_LE_0"
PART 27 "J_Index_LE_1"
PART 28 "J_Index_LE_2"
PART 29 "J_Index_LE_3"
PART 30 "J_Mid_LE_0"
PART 31 "J_Mid_LE_1"
PART 32 "J_Mid_LE_2"
PART 33 "J_Mid_LE_3"
PART 34 "tag_knife_attach"
PART 35 "tag_weapon"
PART 36 "J_Shoulder_RI"
PART 37 "J_Elbow_RI"
PART 38 "J_WristTwist_RI"
PART 39 "J_Sleave_Reshape_Top_RI_3"
PART 40 "J_Sleave_Reshape_Top_RI_2"
PART 41 "J_Sleave_Reshape_Top_RI_1"
PART 42 "J_Wrist_RI"
PART 43 "J_Thumb_RI_0"
PART 44 "J_Thumb_RI_1"
PART 45 "J_Thumb_RI_2"
PART 46 "J_Thumb_RI_3"
PART 47 "J_PinkyPalm_RI"
PART 48 "J_Pinky_RI_0"
PART 49 "J_Pinky_RI_1"
PART 50 "J_Pinky_RI_2"
PART 51 "J_Pinky_RI_3"
PART 52 "J_RingPalm_RI"
PART 53 "J_Ring_RI_0"
PART 54 "J_Ring_RI_1"
PART 55 "J_Ring_RI_2"
PART 56 "J_Ring_RI_3"
PART 57 "J_Webbing_RI"
PART 58 "J_Index_RI_0"
PART 59 "J_Index_RI_1"
PART 60 "J_Index_RI_2"
PART 61 "J_Index_RI_3"
PART 62 "J_Mid_RI_0"
PART 63 "J_Mid_RI_1"
PART 64 "J_Mid_RI_2"
PART 65 "J_Mid_RI_3"
PART 66 "tag_cambone"
PART 67 "tag_camera"
PART 68 "tag_gasmask"
PART 69 "tag_gasmask2"
PART 70 "J_Gun"
PART 71 "TAG_BRASS"
PART 72 "TAG_FLASH"
PART 73 "TAG_CLIP"
PART 74 "J_Clip_Release"
PART 75 "TAG_REFLEX_SIGHT"
PART 76 "TAG_ACOG"
PART 77 "TAG_IRON_SIGHT"

FRAMERATE 30
NUMFRAMES 31

FRAME 420
PART 0
OFFSET 0.0000 0.0000 0.0000
SCALE 1 1 1
X 1.0000 0.0000 0.0000
Y 0.0000 1.0000 0.0000
Z 0.0000 0.0000 1.0000

PART 1
OFFSET -7.6807 -2.7496 1.5396
SCALE 1 1 1
X 1.0000 0.0000 0.0000
Y 0.0000 1.0000 0.0000
Z 0.0000 0.0000 1.0000

PART 2
OFFSET -3.2333 8.3135 -2.3769
SCALE 1 1 1
X 0.3669 -0.0697 -0.9277
Y 0.0369 -0.9953 0.0894
Z -0.9295 -0.0671 -0.3626

PART 3
OFFSET 1.2034 7.4701 -13.5959
SCALE 1 1 1
X 0.7754 -0.4398 0.4530
Y -0.4509 0.1166 0.8849
Z -0.4421 -0.8905 -0.1079

PART 4
OFFSET 7.7988 3.7292 -9.7425
SCALE 1 1 1
X 0.7754 -0.4398 0.4530
Y 0.4969 0.8678 -0.0080
Z -0.3896 0.2313 0.8914

PART 5
OFFSET 10.0004 4.6926 -9.4929
SCALE 1 1 1
X 0.7793 -0.4381 0.4481
Y 0.4463 0.8900 0.0939
Z -0.4399 0.1268 0.8891

PART 6
OFFSET 8.8285 2.4864 -10.4730
SCALE 1 1 1
X 0.7793 -0.4381 0.4481
Y 0.4463 0.8900 0.0939
Z -0.4399 0.1268 0.8891

PART 7
OFFSET 9.3335 4.3820 -7.4996
SCALE 1 1 1
X 0.7793 -0.4381 0.4481
Y 0.4463 0.8900 0.0939
Z -0.4399 0.1268 0.8891

PART 8
OFFSET 8.4956 2.9432 -7.6819
SCALE 1 1 1
X 0.7793 -0.4381 0.4481
Y 0.4463 0.8900 0.0939
Z -0.4399 0.1268 0.8891

PART 9
OFFSET 7.5750 1.6770 -8.1767
SCALE 1 1 1
X 0.7793 -0.4381 0.4481
Y 0.4463 0.8900 0.0939
Z -0.4399 0.1268 0.8891

PART 10
OFFSET 10.1760 2.3808 -8.3536
SCALE 1 1 1
X 0.5808 0.8140 -0.0104
Y -0.8136 0.5801 -0.0394
Z -0.0260 0.0313 0.9992

PART 11
OFFSET 9.6414 3.3196 -7.9861
SCALE 1 1 1
X 0.2931 0.9539 0.0651
Y -0.8128 0.2845 -0.5083
Z -0.5033 0.0961 0.8587

PART 12
OFFSET 10.1648 5.4117 -7.8486
SCALE 1 1 1
X 0.5960 0.8016 0.0474
Y -0.7614 0.5828 -0.2840
Z -0.2553 0.1332 0.9577

PART 13
OFFSET 11.1437 6.6859 -7.6478
SCALE 1 1 1
X 0.2851 0.9572 0.0494
Y -0.8810 0.2821 -0.3798
Z -0.3774 0.0647 0.9238

PART 14
OFFSET 11.4198 7.7288 -7.5585
SCALE 1 1 1
X 0.2714 0.7231 -0.6351
Y 0.3857 -0.6863 -0.6166
Z -0.8818 -0.0776 -0.4652

PART 15
OFFSET 11.5335 2.4548 -8.1183
SCALE 1 1 1
X 0.8135 0.3758 0.4439
Y -0.4235 -0.1403 0.8950
Z 0.3986 -0.9160 0.0450

PART 16
OFFSET 13.2512 3.4154 -7.0178
SCALE 1 1 1
X -0.3547 0.3004 0.8854
Y -0.9203 -0.2792 -0.2740
Z 0.1649 -0.9120 0.3755

PART 17
OFFSET 12.7491 3.8408 -5.7643
SCALE 1 1 1
X -0.8822 0.0563 0.4676
Y -0.4395 -0.4551 -0.7744
Z 0.1692 -0.8887 0.4262

PART 18
OFFSET 11.9669 3.8907 -5.3497
SCALE 1 1 1
X -0.9761 -0.0748 0.2038
Y -0.1594 -0.3906 -0.9067
Z 0.1475 -0.9175 0.3694

PART 19
OFFSET 11.0395 3.8196 -5.1561
SCALE 1 1 1
X 0.8253 0.4351 0.3598
Y 0.5265 -0.3627 -0.7690
Z -0.2041 0.8241 -0.5284

PART 20
OFFSET 11.1241 3.0150 -8.2863
SCALE 1 1 1
X 0.7600 0.5927 0.2668
Y -0.2098 -0.1649 0.9637
Z 0.6152 -0.7884 -0.0010

PART 21
OFFSET 13.1925 4.4397 -7.6152
SCALE 1 1 1
X 0.0830 0.1627 0.9832
Y -0.9816 -0.1568 0.1088
Z 0.1718 -0.9741 0.1467

PART 22
OFFSET 13.3338 4.7167 -5.9414
SCALE 1 1 1
X -0.9154 -0.1032 0.3890
Y -0.3589 -0.2282 -0.9051
Z 0.1822 -0.9681 0.1719

PART 23
OFFSET 12.0651 4.5736 -5.4022
SCALE 1 1 1
X -0.9821 -0.1868 0.0239
Y 0.0086 -0.1713 -0.9852
Z 0.1881 -0.9674 0.1698

PART 24
OFFSET 11.0000 4.3710 -5.3763
SCALE 1 1 1
X 0.8090 0.2033 0.5516
Y 0.5618 0.0085 -0.8272
Z -0.1728 0.9791 -0.1074

PART 25
OFFSET 10.6607 5.8279 -7.9127
SCALE 1 1 1
X 0.6966 0.6624 0.2757
Y 0.1619 0.2292 -0.9598
Z -0.6990 0.7132 0.0525

PART 26
OFFSET 11.8352 5.9783 -8.7952
SCALE 1 1 1
X 0.9141 0.3855 0.1256
Y -0.1484 0.0297 0.9885
Z 0.3774 -0.9222 0.0843

PART 27
OFFSET 13.4446 6.6571 -8.5740
SCALE 1 1 1
X 0.2856 0.1486 0.9468
Y -0.8795 -0.3517 0.3205
Z 0.3806 -0.9242 0.0303

PART 28
OFFSET 13.7687 6.8940 -7.4249
SCALE 1 1 1
X -0.5692 -0.1461 0.8091
Y -0.7282 -0.3673 -0.5786
Z 0.3817 -0.9185 0.1027

PART 29
OFFSET 13.1257 6.7290 -6.5110
SCALE 1 1 1
X 0.9500 0.1208 0.2879
Y 0.2690 0.1510 -0.9512
Z -0.1584 0.9811 0.1110

PART 30
OFFSET 12.6512 5.2679 -8.5722
SCALE 1 1 1
X 0.5505 0.3556 0.7553
Y -0.7368 -0.2183 0.6399
Z 0.3924 -0.9088 0.1418

PART 31
OFFSET 13.7267 5.9626 -7.0967
SCALE 1 1 1
X -0.6923 -0.1745 0.7002
Y -0.6267 -0.3357 -0.7032
Z 0.3578 -0.9257 0.1230

PART 32
OFFSET 12.7156 5.7077 -6.0739
SCALE 1 1 1
X -0.8688 -0.2888 0.4021
Y -0.3573 -0.1963 -0.9131
Z 0.3427 -0.9370 0.0674

PART 33
OFFSET 11.7342 5.3741 -5.6173
SCALE 1 1 1
X 0.8725 0.4068 0.2706
Y 0.3106 -0.0343 -0.9499
Z -0.3771 0.9129 -0.1562

PART 34
OFFSET 12.1495 4.3228 -6.8380
SCALE 1 1 1
X 0.5544 -0.8313 0.0405
Y 0.0260 -0.0313 -0.9992
Z 0.8319 0.5549 0.0043

PART 35
OFFSET 9.0898 -3.9649 -5.9559
SCALE 1 1 1
X 0.4252 0.8713 -0.2451
Y -0.7647 0.2009 -0.6123
Z -0.4843 0.4477 0.7517

PART 36
OFFSET -13.3341 -6.7471 -6.3406
SCALE 1 1 1
X -0.9391 0.2506 0.2349
Y -0.2316 -0.9670 0.1059
Z 0.2537 0.0450 0.9662

PART 37
OFFSET -1.9762 -9.7784 -9.1819
SCALE 1 1 1
X -0.9265 -0.1642 -0.3386
Y 0.3698 -0.5644 -0.7381
Z -0.0699 -0.8090 0.5836

PART 38
OFFSET 5.9040 -8.3820 -6.3019
SCALE 1 1 1
X -0.9265 -0.1642 -0.3386
Y 0.3679 -0.5843 -0.7233
Z -0.0791 -0.7947 0.6018

PART 39
OFFSET 7.0421 -6.7992 -5.9364
SCALE 1 1 1
X -0.9285 -0.1586 -0.3358
Y 0.0672 0.8175 -0.5720
Z 0.3652 -0.5536 -0.7484

PART 40
OFFSET 7.0006 -6.6782 -4.7470
SCALE 1 1 1
X -0.9285 -0.1586 -0.3358
Y 0.0672 0.8175 -0.5720
Z 0.3652 -0.5536 -0.7484

PART 41
OFFSET 7.0833 -7.8691 -4.1021
SCALE 1 1 1
X -0.9285 -0.1586 -0.3358
Y 0.0672 0.8175 -0.5720
Z 0.3652 -0.5536 -0.7484

PART 42
OFFSET 8.7443 -7.8787 -5.2638
SCALE 1 1 1
X -0.4812 -0.8596 0.1719
Y 0.5100 -0.4340 -0.7426
Z 0.7130 -0.2697 0.6472

PART 43
OFFSET 8.1759 -6.9624 -4.8902
SCALE 1 1 1
X 0.2505 -0.8801 0.4034
Y 0.3084 -0.3224 -0.8949
Z 0.9177 0.3486 0.1907

PART 44
OFFSET 7.5536 -5.0505 -5.6820
SCALE 1 1 1
X -0.3871 -0.2338 0.8919
Y 0.3834 -0.9205 -0.0749
Z 0.8386 0.3129 0.4459

PART 45
OFFSET 8.1074 -4.7630 -7.1763
SCALE 1 1 1
X -0.4234 0.6953 0.5807
Y -0.0596 -0.6610 0.7480
Z 0.9040 0.2822 0.3213

PART 46
OFFSET 8.5249 -5.5166 -7.8317
SCALE 1 1 1
X -0.9055 0.1958 0.3764
Y -0.4243 -0.4180 -0.8032
Z 0.0000 -0.8871 0.4616

PART 47
OFFSET 9.5536 -7.5616 -6.3353
SCALE 1 1 1
X -0.6907 -0.4581 0.5595
Y 0.6983 -0.2219 0.6805
Z -0.1876 0.8608 0.4732

PART 48
OFFSET 10.9926 -6.3797 -7.6069
SCALE 1 1 1
X 0.4992 -0.5150 0.6968
Y 0.8602 0.3911 -0.3273
Z -0.1039 0.7628 0.6383

PART 49
OFFSET 10.2858 -5.6505 -8.5934
SCALE 1 1 1
X 0.9403 0.2924 -0.1743
Y -0.3255 0.6224 -0.7119
Z -0.0996 0.7261 0.6804

PART 50
OFFSET 9.4521 -5.9098 -8.4388
SCALE 1 1 1
X 0.3371 0.6342 -0.6958
Y -0.9325 0.1231 -0.3395
Z -0.1296 0.7633 0.6329

PART 51
OFFSET 9.1319 -6.5123 -7.7777
SCALE 1 1 1
X 0.3463 -0.6728 0.6538
Y -0.9373 -0.2187 0.2715
Z -0.0397 -0.7068 -0.7063

PART 52
OFFSET 9.4200 -7.1217 -5.7892
SCALE 1 1 1
X -0.6388 -0.6761 0.3672
Y 0.6737 -0.2610 0.6914
Z -0.3716 0.6890 0.6222

PART 53
OFFSET 11.1481 -5.4752 -6.8193
SCALE 1 1 1
X 0.3673 -0.4213 0.8292
Y 0.8974 0.3947 -0.1970
Z -0.2443 0.8165 0.5230

PART 54
OFFSET 10.5227 -4.7580 -8.2310
SCALE 1 1 1
X 0.9015 0.3940 -0.1788
Y -0.3587 0.4495 -0.8181
Z -0.2420 0.8017 0.5465

PART 55
OFFSET 9.2732 -5.3040 -7.9833
SCALE 1 1 1
X 0.4946 0.5905 -0.6377
Y -0.8331 0.1132 -0.5414
Z -0.2475 0.7990 0.5480

PART 56
OFFSET 8.7368 -5.9445 -7.2917
SCALE 1 1 1
X 0.0585 -0.5092 0.8587
Y -0.9546 -0.2801 -0.1011
Z 0.2920 -0.8138 -0.5025

PART 57
OFFSET 6.6923 -11.2337 -3.5735
SCALE 1 1 1
X -0.3532 -0.7998 0.4853
Y -0.8015 -0.0089 -0.5979
Z 0.4825 -0.6002 -0.6380

PART 58
OFFSET 10.4998 -4.3022 -5.1330
SCALE 1 1 1
X -0.2256 -0.8675 0.4433
Y 0.8146 0.0816 0.5742
Z -0.5343 0.4906 0.6883

PART 59
OFFSET 10.8970 -2.7748 -5.9134
SCALE 1 1 1
X -0.2876 -0.8710 0.3982
Y 0.7648 0.0414 0.6430
Z -0.5765 0.4895 0.6542

PART 60
OFFSET 11.2117 -1.6862 -6.3578
SCALE 1 1 1
X -0.3540 -0.8986 0.2592
Y 0.7340 -0.0952 0.6724
Z -0.5796 0.4283 0.6933

PART 61
OFFSET 11.6116 -0.6712 -6.6505
SCALE 1 1 1
X -0.7104 0.4990 -0.4964
Y 0.6315 0.7633 -0.1365
Z 0.3107 -0.4104 -0.8573

PART 62
OFFSET 10.8739 -4.8164 -6.0364
SCALE 1 1 1
X 0.3613 -0.4148 0.8351
Y 0.8218 0.5648 -0.0751
Z -0.4405 0.7134 0.5449

PART 63
OFFSET 10.1680 -4.0061 -7.6678
SCALE 1 1 1
X 0.8321 0.5492 -0.0773
Y -0.3374 0.3906 -0.8565
Z -0.4402 0.7388 0.5103

PART 64
OFFSET 8.9526 -4.8083 -7.5550
SCALE 1 1 1
X 0.4189 0.6609 -0.6227
Y -0.7713 -0.1030 -0.6281
Z -0.4792 0.7434 0.4666

PART 65
OFFSET 8.4811 -5.5621 -6.8534
SCALE 1 1 1
X 0.2021 -0.4885 0.8488
Y -0.8932 -0.4474 -0.0448
Z 0.4016 -0.7492 -0.5267

PART 66
OFFSET 0.0000 0.0000 0.0000
SCALE 1 1 1
X 1.0000 0.0000 0.0000
Y 0.0000 1.0000 0.0000
Z 0.0000 0.0000 1.0000

PART 67
OFFSET 0.0000 0.0000 0.0000
SCALE 1 1 1
X 1.0000 0.0000 0.0000
Y 0.0000 1.0000 0.0000
Z 0.0000 0.0000 1.0000

PART 68
OFFSET 1.5404 0.0000 4.1357
SCALE 1 1 1
X 1.0000 0.0000 0.0000
Y 0.0000 1.0000 0.0000
Z 0.0000 0.0000 1.0000

PART 69
OFFSET -4.6318 0.0000 -1.3770
SCALE 1 1 1
X 1.0000 0.0000 0.0000
Y 0.0000 1.0000 0.0000
Z 0.0000 0.0000 1.0000

PART 70
OFFSET 9.0898 -3.9649 -5.9559
SCALE 1 1 1
X 0.4252 0.8713 -0.2451
Y -0.7647 0.2009 -0.6123
Z -0.4843 0.4477 0.7517

PART 71
OFFSET 10.4798 0.8686 -4.9780
SCALE 1 1 1
X 0.3486 0.0922 0.9327
Y 0.4252 0.8713 -0.2451
Z -0.8353 0.4820 0.2645

PART 72
OFFSET 19.6480 21.3060 -10.8750
SCALE 1 1 1
X 0.4252 0.8713 -0.2451
Y -0.7647 0.2009 -0.6123
Z -0.4843 0.4477 0.7517

PART 73
OFFSET 10.2993 0.3500 -6.0368
SCALE 1 1 1
X 0.4252 0.8713 -0.2451
Y -0.7647 0.2009 -0.6123
Z -0.4843 0.4477 0.7517

PART 74
OFFSET 7.1517 -3.7977 -3.4807
SCALE 1 1 1
X 0.4252 0.8713 -0.2451
Y -0.7647 0.2009 -0.6123
Z -0.4843 0.4477 0.7517

PART 75
OFFSET 8.2490 -0.8793 -3.8935
SCALE 1 1 1
X 0.4252 0.8713 -0.2451
Y -0.7647 0.2009 -0.6123
Z -0.4843 0.4477 0.7517

PART 76
OFFSET 8.2490 -0.8793 -3.8935
SCALE 1 1 1
X 0.4252 0.8713 -0.2451
Y -0.7647 0.2009 -0.6123
Z -0.4843 0.4477 0.7517

PART 77
OFFSET 8.2490 -0.8793 -3.8935
SCALE 1 1 1
X 0.4252 0.8713 -0.2451
Y -0.7647 0.2009 -0.6123
Z -0.4843 0.4477 0.7517


FRAME 421
PART 0
OFFSET 0.0000 0.0000 0.0000
SCALE 1 1 1
X 1.0000 0.0000 0.0000
Y 0.0000 1.0000 0.0000
Z 0.0000 0.0000 1.0000

PART 1
OFFSET -7.6807 -2.7496 1.5396
SCALE 1 1 1
X 1.0000 0.0000 0.0000
Y 0.0000 1.0000 0.0000
Z 0.0000 0.0000 1.0000

PART 2
OFFSET -3.2369 8.2861 -2.3851
SCALE 1 1 1
X 0.3695 -0.0751 -0.9262
Y 0.0168 -0.9960 0.0874
Z -0.9291 -0.0479 -0.3668

PART 3
OFFSET 1.2324 7.3783 -13.5861
SCALE 1 1 1
X 0.7651 -0.4562 0.4545
Y -0.4515 0.1232 0.8837
Z -0.4591 -0.8813 -0.1118

PART 4
OFFSET 7.7397 3.4982 -9.7206
SCALE 1 1 1
X 0.7651 -0.4562 0.4545
Y 0.5075 0.8616 0.0106
Z -0.3964 0.2225 0.8907

PART 5
OFFSET 9.9589 4.4174 -9.4609
SCALE 1 1 1
X 0.7690 -0.4545 0.4495
Y 0.4634 0.8807 0.0978
Z -0.4403 0.1331 0.8879

PART 6
OFFSET 8.7472 2.2373 -10.4509
SCALE 1 1 1
X 0.7690 -0.4545 0.4495
Y 0.4634 0.8807 0.0978
Z -0.4403 0.1331 0.8879

PART 7
OFFSET 9.2792 4.1147 -7.4708
SCALE 1 1 1
X 0.7690 -0.4545 0.4495
Y 0.4634 0.8807 0.0978
Z -0.4403 0.1331 0.8879

PART 8
OFFSET 8.4137 2.6933 -7.6598
SCALE 1 1 1
X 0.7690 -0.4545 0.4495
Y 0.4634 0.8807 0.0978
Z -0.4403 0.1331 0.8879

PART 9
OFFSET 7.4701 1.4467 -8.1611
SCALE 1 1 1
X 0.7690 -0.4545 0.4495
Y 0.4634 0.8807 0.0978
Z -0.4403 0.1331 0.8879

PART 10
OFFSET 10.0851 2.0996 -8.3273
SCALE 1 1 1
X 0.5410 0.8410 0.0054
Y -0.8400 0.5407 -0.0448
Z -0.0406 0.0197 0.9990

PART 11
OFFSET 9.5012 3.0078 -7.9579
SCALE 1 1 1
X 0.2460 0.9661 0.0784
Y -0.8189 0.2504 -0.5165
Z -0.5186 0.0629 0.8527

PART 12
OFFSET 9.9214 5.1211 -7.7930
SCALE 1 1 1
X 0.5560 0.8288 0.0633
Y -0.7847 0.5485 -0.2886
Z -0.2739 0.1108 0.9553

PART 13
OFFSET 10.8351 6.4387 -7.5666
SCALE 1 1 1
X 0.2380 0.9692 0.0626
Y -0.8885 0.2434 -0.3889
Z -0.3922 0.0369 0.9191

PART 14
OFFSET 11.0594 7.4927 -7.4634
SCALE 1 1 1
X 0.2446 0.7419 -0.6243
Y 0.4264 -0.6606 -0.6179
Z -0.8709 -0.1151 -0.4779

PART 15
OFFSET 11.4342 2.2363 -8.0729
SCALE 1 1 1
X 0.7885 0.4098 0.4585
Y -0.4280 -0.1698 0.8877
Z 0.4416 -0.8962 0.0415

PART 16
OFFSET 13.0891 3.2668 -6.9398
SCALE 1 1 1
X -0.3803 0.2739 0.8834
Y -0.9022 -0.3202 -0.2891
Z 0.2036 -0.9069 0.3688

PART 17
OFFSET 12.5507 3.6545 -5.6891
SCALE 1 1 1
X -0.8899 0.0090 0.4561
Y -0.4069 -0.4676 -0.7847
Z 0.2062 -0.8839 0.4198

PART 18
OFFSET 11.7617 3.6625 -5.2848
SCALE 1 1 1
X -0.9740 -0.1237 0.1898
Y -0.1285 -0.3884 -0.9125
Z 0.1866 -0.9131 0.3624

PART 19
OFFSET 10.8363 3.5449 -5.1044
SCALE 1 1 1
X 0.7986 0.4705 0.3752
Y 0.5534 -0.3290 -0.7652
Z -0.2366 0.8188 -0.5231

PART 20
OFFSET 11.0006 2.7779 -8.2410
SCALE 1 1 1
X 0.7270 0.6257 0.2829
Y -0.2142 -0.1848 0.9591
Z 0.6524 -0.7579 -0.0003

PART 21
OFFSET 12.9890 4.2932 -7.5279
SCALE 1 1 1
X 0.0621 0.1563 0.9858
Y -0.9743 -0.2048 0.0939
Z 0.2166 -0.9662 0.1395

PART 22
OFFSET 13.0948 4.5592 -5.8497
SCALE 1 1 1
X -0.9144 -0.1511 0.3755
Y -0.3356 -0.2358 -0.9120
Z 0.2264 -0.9600 0.1649

PART 23
OFFSET 11.8275 4.3498 -5.3292
SCALE 1 1 1
X -0.9722 -0.2340 0.0087
Y 0.0298 -0.1604 -0.9866
Z 0.2322 -0.9589 0.1629

PART 24
OFFSET 10.7731 4.0961 -5.3198
SCALE 1 1 1
X 0.7910 0.2361 0.5645
Y 0.5716 0.0440 -0.8194
Z -0.2183 0.9707 -0.1001

PART 25
OFFSET 10.3974 5.5612 -7.8463
SCALE 1 1 1
X 0.6602 0.6922 0.2915
Y 0.1632 0.2467 -0.9553
Z -0.7331 0.6783 0.0499

PART 26
OFFSET 11.5748 5.7771 -8.7113
SCALE 1 1 1
X 0.8927 0.4277 0.1418
Y -0.1626 0.0123 0.9866
Z 0.4202 -0.9039 0.0805

PART 27
OFFSET 13.1466 6.5300 -8.4616
SCALE 1 1 1
X 0.2657 0.1523 0.9520
Y -0.8657 -0.3969 0.3051
Z 0.4243 -0.9052 0.0264

PART 28
OFFSET 13.4438 6.7702 -7.3059
SCALE 1 1 1
X -0.5721 -0.1816 0.7998
Y -0.7020 -0.3959 -0.5920
Z 0.4241 -0.9002 0.0990

PART 29
OFFSET 12.7976 6.5651 -6.4025
SCALE 1 1 1
X 0.9392 0.1633 0.3019
Y 0.2739 0.1736 -0.9460
Z -0.2069 0.9712 0.1183

PART 30
OFFSET 12.4211 5.1043 -8.4841
SCALE 1 1 1
X 0.5228 0.3738 0.7661
Y -0.7338 -0.2601 0.6276
Z 0.4338 -0.8903 0.1383

PART 31
OFFSET 13.4424 5.8345 -6.9874
SCALE 1 1 1
X -0.6922 -0.2148 0.6890
Y -0.6006 -0.3581 -0.7149
Z 0.4003 -0.9087 0.1189

PART 32
OFFSET 12.4314 5.5208 -5.9810
SCALE 1 1 1
X -0.8591 -0.3344 0.3874
Y -0.3354 -0.2038 -0.9198
Z 0.3865 -0.9201 0.0629

PART 33
OFFSET 11.4613 5.1357 -5.5411
SCALE 1 1 1
X 0.8483 0.4454 0.2864
Y 0.3243 -0.0095 -0.9459
Z -0.4186 0.8953 -0.1525

PART 34
OFFSET 11.9427 4.1183 -6.7662
SCALE 1 1 1
X 0.5932 -0.8041 0.0400
Y 0.0406 -0.0197 -0.9990
Z 0.8041 0.5942 0.0210

PART 35
OFFSET 9.2743 -4.3155 -6.0065
SCALE 1 1 1
X 0.3859 0.8932 -0.2308
Y -0.7654 0.1703 -0.6207
Z -0.5151 0.4161 0.7493

PART 36
OFFSET -13.3341 -6.7471 -6.3406
SCALE 1 1 1
X -0.9497 0.2365 0.2051
Y -0.2229 -0.9709 0.0876
Z 0.2198 0.0375 0.9748

PART 37
OFFSET -1.8480 -9.6073 -8.8208
SCALE 1 1 1
X -0.9469 -0.1175 -0.2993
Y 0.3115 -0.5657 -0.7635
Z -0.0797 -0.8162 0.5723

PART 38
OFFSET 6.2057 -8.6084 -6.2749
SCALE 1 1 1
X -0.9469 -0.1175 -0.2993
Y 0.2938 -0.6944 -0.6569
Z -0.1307 -0.7099 0.6920

PART 39
OFFSET 7.4269 -7.0454 -5.9464
SCALE 1 1 1
X -0.9485 -0.1118 -0.2963
Y 0.0779 0.8246 -0.5604
Z 0.3070 -0.5546 -0.7734

PART 40
OFFSET 7.4451 -6.9039 -4.7772
SCALE 1 1 1
X -0.9485 -0.1118 -0.2963
Y 0.0779 0.8246 -0.5604
Z 0.3070 -0.5546 -0.7734

PART 41
OFFSET 7.5299 -8.2382 -4.1894
SCALE 1 1 1
X -0.9485 -0.1118 -0.2963
Y 0.0779 0.8246 -0.5604
Z 0.3070 -0.5546 -0.7734

PART 42
OFFSET 9.1086 -8.2483 -5.3573
SCALE 1 1 1
X -0.4415 -0.8834 0.1570
Y 0.5400 -0.4013 -0.7398
Z 0.7166 -0.2419 0.6542

PART 43
OFFSET 8.4919 -7.3643 -4.9826
SCALE 1 1 1
X 0.2872 -0.8712 0.3982
Y 0.3353 -0.2980 -0.8938
Z 0.8973 0.3902 0.2065

PART 44
OFFSET 7.7887 -5.4763 -5.7641
SCALE 1 1 1
X -0.3870 -0.2614 0.8843
Y 0.4282 -0.9002 -0.0787
Z 0.8166 0.3482 0.4603

PART 45
OFFSET 8.3475 -5.1471 -7.2478
SCALE 1 1 1
X -0.4640 0.6681 0.5816
Y -0.0375 -0.6708 0.7407
Z 0.8850 0.3219 0.3363

PART 46
OFFSET 8.8095 -5.8730 -7.9048
SCALE 1 1 1
X -0.9188 0.1482 0.3659
Y -0.3931 -0.4296 -0.8130
Z 0.0367 -0.8908 0.4529

PART 47
OFFSET 9.9156 -7.8816 -6.4145
SCALE 1 1 1
X -0.6752 -0.4965 0.5455
Y 0.6992 -0.1952 0.6877
Z -0.2350 0.8458 0.4790

PART 48
OFFSET 11.3127 -6.6189 -7.6548
SCALE 1 1 1
X 0.5143 -0.4977 0.6985
Y 0.8446 0.4353 -0.3117
Z -0.1489 0.7502 0.6442

PART 49
OFFSET 10.5846 -5.9143 -8.6437
SCALE 1 1 1
X 0.9273 0.3390 -0.1586
Y -0.3457 0.6134 -0.7101
Z -0.1434 0.7134 0.6860

PART 50
OFFSET 9.7624 -6.2148 -8.5030
SCALE 1 1 1
X 0.3152 0.6568 -0.6850
Y -0.9328 0.0817 -0.3509
Z -0.1745 0.7496 0.6385

PART 51
OFFSET 9.4629 -6.8389 -7.8523
SCALE 1 1 1
X 0.3697 -0.6621 0.6519
Y -0.9291 -0.2662 0.2566
Z 0.0037 -0.7005 -0.7136

PART 52
OFFSET 9.7539 -7.4544 -5.8660
SCALE 1 1 1
X -0.6103 -0.7097 0.3518
Y 0.6763 -0.2356 0.6979
Z -0.4125 0.6639 0.6238

PART 53
OFFSET 11.4140 -5.7161 -6.8564
SCALE 1 1 1
X 0.3763 -0.4117 0.8300
Y 0.8799 0.4394 -0.1809
Z -0.2902 0.7984 0.5276

PART 54
OFFSET 10.7734 -5.0151 -8.2695
SCALE 1 1 1
X 0.8838 0.4387 -0.1626
Y -0.3691 0.4402 -0.8185
Z -0.2875 0.7834 0.5510

PART 55
OFFSET 9.5486 -5.6231 -8.0441
SCALE 1 1 1
X 0.4739 0.6202 -0.6251
Y -0.8304 0.0787 -0.5515
Z -0.2929 0.7805 0.5523

PART 56
OFFSET 9.0346 -6.2957 -7.3661
SCALE 1 1 1
X 0.0717 -0.5147 0.8544
Y -0.9386 -0.3246 -0.1168
Z 0.3374 -0.7936 -0.5064

PART 57
OFFSET 7.1985 -11.7153 -3.7277
SCALE 1 1 1
X -0.3206 -0.8208 0.4727
Y -0.7923 -0.0411 -0.6088
Z 0.5192 -0.5697 -0.6371

PART 58
OFFSET 10.6880 -4.5932 -5.1677
SCALE 1 1 1
X -0.1894 -0.8819 0.4317
Y 0.8021 0.1146 0.5860
Z -0.5663 0.4573 0.6857

PART 59
OFFSET 11.0214 -3.0405 -5.9278
SCALE 1 1 1
X -0.2506 -0.8879 0.3858
Y 0.7534 0.0714 0.6537
Z -0.6079 0.4544 0.6511

PART 60
OFFSET 11.2891 -1.9334 -6.3573
SCALE 1 1 1
X -0.3137 -0.9172 0.2456
Y 0.7289 -0.0669 0.6814
Z -0.6086 0.3927 0.6895

PART 61
OFFSET 11.6434 -0.8974 -6.6347
SCALE 1 1 1
X -0.7270 0.4694 -0.5011
Y 0.5957 0.7941 -0.1205
Z 0.3414 -0.3861 -0.8570

PART 62
OFFSET 11.0982 -5.0794 -6.0710
SCALE 1 1 1
X 0.3699 -0.4056 0.8359
Y 0.7946 0.6043 -0.0584
Z -0.4815 0.6858 0.5458

PART 63
OFFSET 10.3756 -4.2871 -7.7039
SCALE 1 1 1
X 0.8057 0.5893 -0.0606
Y -0.3445 0.3828 -0.8572
Z -0.4819 0.7115 0.5114

PART 64
OFFSET 9.1988 -5.1478 -7.6154
SCALE 1 1 1
X 0.3947 0.6866 -0.6105
Y -0.7572 -0.1334 -0.6395
Z -0.5205 0.7147 0.4673

PART 65
OFFSET 8.7550 -5.9306 -6.9276
SCALE 1 1 1
X 0.2142 -0.4870 0.8467
Y -0.8700 -0.4893 -0.0613
Z 0.4441 -0.7235 -0.5285

PART 66
OFFSET 0.0000 0.0000 0.0000
SCALE 1 1 1
X 1.0000 0.0000 0.0000
Y 0.0000 1.0000 0.0000
Z 0.0000 0.0000 1.0000

PART 67
OFFSET 0.0000 0.0000 0.0000
SCALE 1 1 1
X 1.0000 0.0000 0.0000
Y 0.0000 1.0000 0.0000
Z 0.0000 0.0000 1.0000

PART 68
OFFSET 1.5404 0.0000 4.1357
SCALE 1 1 1
X 1.0000 0.0000 0.0000
Y 0.0000 1.0000 0.0000
Z 0.0000 0.0000 1.0000

PART 69
OFFSET -4.6318 0.0000 -1.3770
SCALE 1 1 1
X 1.0000 0.0000 0.0000
Y 0.0000 1.0000 0.0000
Z 0.0000 0.0000 1.0000

PART 70
OFFSET 9.2743 -4.3155 -6.0065
SCALE 1 1 1
X 0.3859 0.8932 -0.2308
Y -0.7654 0.1703 -0.6207
Z -0.5151 0.4161 0.7493

PART 71
OFFSET 10.4170 0.5688 -4.9627
SCALE 1 1 1
X 0.3315 0.0992 0.9382
Y 0.3859 0.8932 -0.2308
Z -0.8609 0.4386 0.2578

PART 72
OFFSET 18.6671 21.4829 -10.5353
SCALE 1 1 1
X 0.3859 0.8932 -0.2308
Y -0.7654 0.1703 -0.6207
Z -0.5151 0.4161 0.7493

PART 73
OFFSET 10.2756 0.0531 -6.0289
SCALE 1 1 1
X 0.3859 0.8932 -0.2308
Y -0.7654 0.1703 -0.6207
Z -0.5151 0.4161 0.7493

PART 74
OFFSET 7.2981 -4.2672 -3.5563
SCALE 1 1 1
X 0.3859 0.8932 -0.2308
Y -0.7654 0.1703 -0.6207
Z -0.5151 0.4161 0.7493

PART 75
OFFSET 8.2590 -1.2953 -3.9257
SCALE 1 1 1
X 0.3859 0.8932 -0.2308
Y -0.7654 0.1703 -0.6207
Z -0.5151 0.4161 0.7493

PART 76
OFFSET 8.2590 -1.2953 -3.9257
SCALE 1 1 1
X 0.3859 0.8932 -0.2308
Y -0.7654 0.1703 -0.6207
Z -0.5151 0.4161 0.7493

PART 77
OFFSET 8.2590 -1.2953 -3.9257
SCALE 1 1 1
X 0.3859 0.8932 -0.2308
Y -0.7654 0.1703 -0.6207
Z -0.5151 0.4161 0.7493


FRAME 422
PART 0
OFFSET 0.0000 0.0000 0.0000
SCALE 1 1 1
X 1.0000 0.0000 0.0000
Y 0.0000 1.0000 0.0000
Z 0.0000 0.0000 1.0000

PART 1
OFFSET -7.6807 -2.7496 1.5396
SCALE 1 1 1
X 1.0000 0.0000 0.0000
Y 0.0000 1.0000 0.0000
Z 0.0000 0.0000 1.0000

PART 2
OFFSET -3.2407 8.2574 -2.3936
SCALE 1 1 1
X 0.3858 -0.0905 -0.9181
Y -0.0132 -0.9956 0.0925
Z -0.9225 -0.0236 -0.3853

PART 3
OFFSET 1.4251 7.1633 -13.4975
SCALE 1 1 1
X 0.7438 -0.4756 0.4697
Y -0.4635 0.1394 0.8751
Z -0.4816 -0.8686 -0.1168

PART 4
OFFSET 7.7512 3.1185 -9.5024
SCALE 1 1 1
X 0.7438 -0.4756 0.4697
Y 0.5269 0.8495 0.0257
Z -0.4113 0.2284 0.8824

PART 5
OFFSET 9.9905 3.9763 -9.2064
SCALE 1 1 1
X 0.7479 -0.4740 0.4648
Y 0.4861 0.8678 0.1029
Z -0.4521 0.1490 0.8794

PART 6
OFFSET 8.7358 1.8269 -10.2100
SCALE 1 1 1
X 0.7479 -0.4740 0.4648
Y 0.4861 0.8678 0.1029
Z -0.4521 0.1490 0.8794

PART 7
OFFSET 9.2673 3.7009 -7.2276
SCALE 1 1 1
X 0.7479 -0.4740 0.4648
Y 0.4861 0.8678 0.1029
Z -0.4521 0.1490 0.8794

PART 8
OFFSET 8.3657 2.3035 -7.4270
SCALE 1 1 1
X 0.7479 -0.4740 0.4648
Y 0.4861 0.8678 0.1029
Z -0.4521 0.1490 0.8794

PART 9
OFFSET 7.3966 1.0818 -7.9406
SCALE 1 1 1
X 0.7479 -0.4740 0.4648
Y 0.4861 0.8678 0.1029
Z -0.4521 0.1490 0.8794

PART 10
OFFSET 10.0314 1.6606 -8.0624
SCALE 1 1 1
X 0.5187 0.8548 0.0187
Y -0.8537 0.5190 -0.0423
Z -0.0459 0.0060 0.9989

PART 11
OFFSET 9.4220 2.5484 -7.6846
SCALE 1 1 1
X 0.2201 0.9712 0.0917
Y -0.8227 0.2353 -0.5175
Z -0.5242 0.0385 0.8507

PART 12
OFFSET 9.7856 4.6697 -7.4911
SCALE 1 1 1
X 0.5337 0.8422 0.0766
Y -0.7975 0.5314 -0.2858
Z -0.2814 0.0915 0.9552

PART 13
OFFSET 10.6634 6.0078 -7.2435
SCALE 1 1 1
X 0.2122 0.9743 0.0760
Y -0.8927 0.2249 -0.3904
Z -0.3975 0.0150 0.9175

PART 14
OFFSET 10.8595 7.0659 -7.1259
SCALE 1 1 1
X 0.2280 0.7559 -0.6137
Y 0.4465 -0.6413 -0.6240
Z -0.8652 -0.1318 -0.4837

PART 15
OFFSET 11.3752 1.8294 -7.7993
SCALE 1 1 1
X 0.7752 0.4246 0.4677
Y -0.4276 -0.1922 0.8833
Z 0.4650 -0.8847 0.0326

PART 16
OFFSET 12.9969 2.8887 -6.6450
SCALE 1 1 1
X -0.3917 0.2525 0.8847
Y -0.8920 -0.3400 -0.2979
Z 0.2256 -0.9059 0.3585

PART 17
OFFSET 12.4423 3.2463 -5.3924
SCALE 1 1 1
X -0.8921 -0.0201 0.4515
Y -0.3906 -0.4681 -0.7927
Z 0.2273 -0.8834 0.4097

PART 18
OFFSET 11.6513 3.2284 -4.9921
SCALE 1 1 1
X -0.9713 -0.1516 0.1831
Y -0.1137 -0.3800 -0.9180
Z 0.2088 -0.9125 0.3519

PART 19
OFFSET 10.7285 3.0844 -4.8182
SCALE 1 1 1
X 0.7841 0.4865 0.3853
Y 0.5656 -0.3046 -0.7664
Z -0.2554 0.8189 -0.5140

PART 20
OFFSET 10.9283 2.3614 -7.9628
SCALE 1 1 1
X 0.7089 0.6409 0.2944
Y -0.2139 -0.2024 0.9556
Z 0.6721 -0.7404 -0.0064

PART 21
OFFSET 12.8727 3.9193 -7.2207
SCALE 1 1 1
X 0.0533 0.1456 0.9879
Y -0.9690 -0.2315 0.0864
Z 0.2413 -0.9619 0.1288

PART 22
OFFSET 12.9634 4.1672 -5.5388
SCALE 1 1 1
X -0.9119 -0.1797 0.3690
Y -0.3249 -0.2332 -0.9166
Z 0.2508 -0.9557 0.1542

PART 23
OFFSET 11.6996 3.9181 -5.0274
SCALE 1 1 1
X -0.9657 -0.2595 0.0009
Y 0.0387 -0.1473 -0.9883
Z 0.2566 -0.9544 0.1523

PART 24
OFFSET 10.6522 3.6367 -5.0265
SCALE 1 1 1
X 0.7818 0.2498 0.5714
Y 0.5741 0.0692 -0.8158
Z -0.2433 0.9658 -0.0893

PART 25
OFFSET 10.2502 5.1228 -7.5365
SCALE 1 1 1
X 0.6404 0.7055 0.3036
Y 0.1612 0.2629 -0.9512
Z -0.7510 0.6581 0.0546

PART 26
OFFSET 11.4256 5.3804 -8.3926
SCALE 1 1 1
X 0.8805 0.4491 0.1517
Y -0.1676 -0.0045 0.9858
Z 0.4434 -0.8935 0.0713

PART 27
OFFSET 12.9759 6.1711 -8.1255
SCALE 1 1 1
X 0.2570 0.1472 0.9551
Y -0.8564 -0.4233 0.2957
Z 0.4478 -0.8940 0.0173

PART 28
OFFSET 13.2611 6.4044 -6.9654
SCALE 1 1 1
X -0.5710 -0.2067 0.7945
Y -0.6885 -0.4066 -0.6005
Z 0.4472 -0.8899 0.0899

PART 29
OFFSET 12.6162 6.1709 -6.0679
SCALE 1 1 1
X 0.9332 0.1840 0.3088
Y 0.2738 0.1927 -0.9423
Z -0.2329 0.9638 0.1294

PART 30
OFFSET 12.2882 4.7273 -8.1695
SCALE 1 1 1
X 0.5091 0.3776 0.7734
Y -0.7297 -0.2872 0.6205
Z 0.4565 -0.8803 0.1294

PART 31
OFFSET 13.2828 5.4650 -6.6585
SCALE 1 1 1
X -0.6896 -0.2416 0.6827
Y -0.5875 -0.3646 -0.7224
Z 0.4235 -0.8993 0.1095

PART 32
OFFSET 12.2756 5.1122 -5.6613
SCALE 1 1 1
X -0.8519 -0.3617 0.3788
Y -0.3255 -0.2008 -0.9240
Z 0.4103 -0.9104 0.0533

PART 33
OFFSET 11.3139 4.6962 -5.2313
SCALE 1 1 1
X 0.8349 0.4638 0.2963
Y 0.3290 0.0110 -0.9443
Z -0.4412 0.8859 -0.1434

PART 34
OFFSET 11.8278 3.7074 -6.4665
SCALE 1 1 1
X 0.6139 -0.7887 0.0329
Y 0.0459 -0.0060 -0.9989
Z 0.7880 0.6148 0.0325

PART 35
OFFSET 9.3785 -4.8024 -5.8262
SCALE 1 1 1
X 0.3634 0.9059 -0.2176
Y -0.7666 0.1580 -0.6224
Z -0.5294 0.3930 0.7518

PART 36
OFFSET -13.3341 -6.7471 -6.3406
SCALE 1 1 1
X -0.9567 0.2317 0.1763
Y -0.2256 -0.9727 0.0544
Z 0.1841 0.0123 0.9828

PART 37
OFFSET -1.7643 -9.5498 -8.4729
SCALE 1 1 1
X -0.9573 -0.0695 -0.2805
Y 0.2710 -0.5525 -0.7882
Z -0.1003 -0.8306 0.5478

PART 38
OFFSET 6.3783 -8.9591 -6.0871
SCALE 1 1 1
X -0.9573 -0.0695 -0.2805
Y 0.2326 -0.7612 -0.6054
Z -0.1715 -0.6448 0.7449

PART 39
OFFSET 7.6739 -7.4075 -5.7649
SCALE 1 1 1
X -0.9587 -0.0639 -0.2773
Y 0.0991 0.8386 -0.5356
Z 0.2668 -0.5409 -0.7976

PART 40
OFFSET 7.7280 -7.2713 -4.6162
SCALE 1 1 1
X -0.9587 -0.0639 -0.2773
Y 0.0991 0.8386 -0.5356
Z 0.2668 -0.5409 -0.7976

PART 41
OFFSET 7.7947 -8.7761 -4.1168
SCALE 1 1 1
X -0.9587 -0.0639 -0.2773
Y 0.0991 0.8386 -0.5356
Z 0.2668 -0.5409 -0.7976

PART 42
OFFSET 9.3132 -8.7462 -5.2271
SCALE 1 1 1
X -0.4189 -0.8966 0.1436
Y 0.5539 -0.3776 -0.7420
Z 0.7195 -0.2312 0.6548

PART 43
OFFSET 8.6716 -7.8835 -4.8445
SCALE 1 1 1
X 0.3081 -0.8683 0.3887
Y 0.3473 -0.2777 -0.8957
Z 0.8857 0.4110 0.2160

PART 44
OFFSET 7.9227 -6.0049 -5.6060
SCALE 1 1 1
X -0.3843 -0.2826 0.8789
Y 0.4521 -0.8876 -0.0877
Z 0.8049 0.3637 0.4688

PART 45
OFFSET 8.4798 -5.6424 -7.0826
SCALE 1 1 1
X -0.4842 0.6483 0.5875
Y -0.0234 -0.6809 0.7320
Z 0.8746 0.3407 0.3449

PART 46
OFFSET 8.9639 -6.3475 -7.7462
SCALE 1 1 1
X -0.9241 0.1194 0.3630
Y -0.3778 -0.4294 -0.8203
Z 0.0580 -0.8952 0.4419

PART 47
OFFSET 10.1153 -8.3451 -6.2755
SCALE 1 1 1
X -0.6645 -0.5209 0.5358
Y 0.7008 -0.1855 0.6888
Z -0.2595 0.8332 0.4883

PART 48
OFFSET 11.4846 -7.0305 -7.4928
SCALE 1 1 1
X 0.5238 -0.4928 0.6948
Y 0.8343 0.4612 -0.3019
Z -0.1717 0.7379 0.6528

PART 49
OFFSET 10.7430 -6.3328 -8.4764
SCALE 1 1 1
X 0.9188 0.3652 -0.1496
Y -0.3583 0.6130 -0.7042
Z -0.1654 0.7006 0.6941

PART 50
OFFSET 9.9283 -6.6566 -8.3438
SCALE 1 1 1
X 0.3011 0.6735 -0.6751
Y -0.9330 0.0617 -0.3547
Z -0.1972 0.7366 0.6469

PART 51
OFFSET 9.6422 -7.2965 -7.7024
SCALE 1 1 1
X 0.3839 -0.6604 0.6454
Y -0.9230 -0.2938 0.2484
Z 0.0255 -0.6911 -0.7223

PART 52
OFFSET 9.9398 -7.9292 -5.7225
SCALE 1 1 1
X -0.5931 -0.7299 0.3398
Y 0.6789 -0.2265 0.6984
Z -0.4328 0.6449 0.6299

PART 53
OFFSET 11.5584 -6.1356 -6.6826
SCALE 1 1 1
X 0.3830 -0.4122 0.8267
Y 0.8689 0.4646 -0.1709
Z -0.3136 0.7838 0.5360

PART 54
OFFSET 10.9063 -5.4339 -8.0901
SCALE 1 1 1
X 0.8727 0.4638 -0.1526
Y -0.3766 0.4407 -0.8148
Z -0.3106 0.7686 0.5592

PART 55
OFFSET 9.6968 -6.0766 -7.8786
SCALE 1 1 1
X 0.4604 0.6403 -0.6149
Y -0.8296 0.0638 -0.5548
Z -0.3159 0.7655 0.5605

PART 56
OFFSET 9.1974 -6.7710 -7.2117
SCALE 1 1 1
X 0.0811 -0.5234 0.8482
Y -0.9292 -0.3476 -0.1257
Z 0.3606 -0.7780 -0.5145

PART 57
OFFSET 7.4872 -12.2825 -3.6509
SCALE 1 1 1
X -0.3012 -0.8349 0.4607
Y -0.7880 -0.0542 -0.6133
Z 0.5370 -0.5477 -0.6416

PART 58
OFFSET 10.7949 -5.0536 -4.9838
SCALE 1 1 1
X -0.1682 -0.8920 0.4196
Y 0.7960 0.1282 0.5916
Z -0.5814 0.4335 0.6885

PART 59
OFFSET 11.0911 -3.4831 -5.7225
SCALE 1 1 1
X -0.2290 -0.8990 0.3733
Y 0.7481 0.0828 0.6584
Z -0.6228 0.4300 0.6536

PART 60
OFFSET 11.3316 -2.3641 -6.1367
SCALE 1 1 1
X -0.2907 -0.9282 0.2324
Y 0.7271 -0.0564 0.6842
Z -0.6220 0.3679 0.6912

PART 61
OFFSET 11.6599 -1.3157 -6.3992
SCALE 1 1 1
X -0.7367 0.4565 -0.4989
Y 0.5752 0.8109 -0.1074
Z 0.3555 -0.3661 -0.8600

PART 62
OFFSET 11.2221 -5.5174 -5.8909
SCALE 1 1 1
X 0.3764 -0.4063 0.8326
Y 0.7787 0.6257 -0.0467
Z -0.5020 0.6659 0.5519

PART 63
OFFSET 10.4868 -4.7237 -7.5174
SCALE 1 1 1
X 0.7902 0.6109 -0.0491
Y -0.3504 0.3845 -0.8541
Z -0.5029 0.6921 0.5178

PART 64
OFFSET 9.3326 -5.6161 -7.4458
SCALE 1 1 1
X 0.3794 0.7044 -0.5998
Y -0.7503 -0.1451 -0.6450
Z -0.5414 0.6948 0.4735

PART 65
OFFSET 8.9062 -6.4189 -6.7701
SCALE 1 1 1
X 0.2229 -0.4919 0.8416
Y -0.8565 -0.5111 -0.0719
Z 0.4655 -0.7049 -0.5352

PART 66
OFFSET 0.0000 0.0000 0.0000
SCALE 1 1 1
X 1.0000 0.0000 0.0000
Y 0.0000 1.0000 0.0000
Z 0.0000 0.0000 1.0000

PART 67
OFFSET 0.0000 0.0000 0.0000
SCALE 1 1 1
X 1.0000 0.0000 0.0000
Y 0.0000 1.0000 0.0000
Z 0.0000 0.0000 1.0000

PART 68
OFFSET 1.5404 0.0000 4.1357
SCALE 1 1 1
X 1.0000 0.0000 0.0000
Y 0.0000 1.0000 0.0000
Z 0.0000 0.0000 1.0000

PART 69
OFFSET -4.6318 0.0000 -1.3770
SCALE 1 1 1
X 1.0000 0.0000 0.0000
Y 0.0000 1.0000 0.0000
Z 0.0000 0.0000 1.0000

PART 70
OFFSET 9.3785 -4.8024 -5.8262
SCALE 1 1 1
X 0.3634 0.9059 -0.2176
Y -0.7666 0.1580 -0.6224
Z -0.5294 0.3930 0.7518

PART 71
OFFSET 10.3873 0.0965 -4.7156
SCALE 1 1 1
X 0.3243 0.0960 0.9411
Y 0.3634 0.9059 -0.2176
Z -0.8734 0.4125 0.2589

PART 72
OFFSET 18.1109 21.2888 -9.9835
SCALE 1 1 1
X 0.3634 0.9059 -0.2176
Y -0.7666 0.1580 -0.6224
Z -0.5294 0.3930 0.7518

PART 73
OFFSET 10.2646 -0.4091 -5.7888
SCALE 1 1 1
X 0.3634 0.9059 -0.2176
Y -0.7666 0.1580 -0.6224
Z -0.5294 0.3930 0.7518

PART 74
OFFSET 7.3900 -4.8371 -3.3858
SCALE 1 1 1
X 0.3634 0.9059 -0.2176
Y -0.7666 0.1580 -0.6224
Z -0.5294 0.3930 0.7518

PART 75
OFFSET 8.2741 -1.8365 -3.7130
SCALE 1 1 1
X 0.3634 0.9059 -0.2176
Y -0.7666 0.1580 -0.6224
Z -0.5294 0.3930 0.7518

PART 76
OFFSET 8.2741 -1.8365 -3.7130
SCALE 1 1 1
X 0.3634 0.9059 -0.2176
Y -0.7666 0.1580 -0.6224
Z -0.5294 0.3930 0.7518

PART 77
OFFSET 8.2741 -1.8365 -3.7130
SCALE 1 1 1
X 0.3634 0.9059 -0.2176
Y -0.7666 0.1580 -0.6224
Z -0.5294 0.3930 0.7518


FRAME 423
PART 0
OFFSET 0.0000 0.0000 0.0000
SCALE 1 1 1
X 1.0000 0.0000 0.0000
Y 0.0000 1.0000 0.0000
Z 0.0000 0.0000 1.0000

PART 1
OFFSET -7.6807 -2.7496 1.5396
SCALE 1 1 1
X 1.0000 0.0000 0.0000
Y 0.0000 1.0000 0.0000
Z 0.0000 0.0000 1.0000

PART 2
OFFSET -3.2446 8.2277 -2.4025
SCALE 1 1 1
X 0.4094 -0.1127 -0.9054
Y -0.0474 -0.9936 0.1023
Z -0.9111 0.0010 -0.4121

PART 3
OFFSET 1.7065 6.8649 -13.3521
SCALE 1 1 1
X 0.7176 -0.4944 0.4905
Y -0.4794 0.1601 0.8629
Z -0.5052 -0.8543 -0.1221

PART 4
OFFSET 7.8102 2.6595 -9.1806
SCALE 1 1 1
X 0.7176 -0.4944 0.4905
Y 0.5499 0.8344 0.0366
Z -0.4274 0.2434 0.8707

PART 5
OFFSET 10.0672 3.4509 -8.8377
SCALE 1 1 1
X 0.7219 -0.4930 0.4856
Y 0.5100 0.8533 0.1083
Z -0.4678 0.1695 0.8674

PART 6
OFFSET 8.7709 1.3331 -9.8558
SCALE 1 1 1
X 0.7219 -0.4930 0.4856
Y 0.5100 0.8533 0.1083
Z -0.4678 0.1695 0.8674

PART 7
OFFSET 9.2898 3.2128 -6.8747
SCALE 1 1 1
X 0.7219 -0.4930 0.4856
Y 0.5100 0.8533 0.1083
Z -0.4678 0.1695 0.8674

PART 8
OFFSET 8.3507 1.8421 -7.0856
SCALE 1 1 1
X 0.7219 -0.4930 0.4856
Y 0.5100 0.8533 0.1083
Z -0.4678 0.1695 0.8674

PART 9
OFFSET 7.3567 0.6466 -7.6135
SCALE 1 1 1
X 0.7219 -0.4930 0.4856
Y 0.5100 0.8533 0.1083
Z -0.4678 0.1695 0.8674

PART 10
OFFSET 10.0102 1.1438 -7.6770
SCALE 1 1 1
X 0.5125 0.8582 0.0296
Y -0.8576 0.5133 -0.0331
Z -0.0436 -0.0085 0.9990

PART 11
OFFSET 9.3952 2.0216 -7.2854
SCALE 1 1 1
X 0.2132 0.9714 0.1049
Y -0.8256 0.2366 -0.5123
Z -0.5224 0.0226 0.8524

PART 12
OFFSET 9.7439 4.1426 -7.0627
SCALE 1 1 1
X 0.5279 0.8448 0.0873
Y -0.8019 0.5297 -0.2764
Z -0.2798 0.0759 0.9571

PART 13
OFFSET 10.6126 5.4833 -6.7981
SCALE 1 1 1
X 0.2054 0.9746 0.0893
Y -0.8952 0.2240 -0.3852
Z -0.3954 -0.0008 0.9185

PART 14
OFFSET 10.8014 6.5410 -6.6660
SCALE 1 1 1
X 0.2212 0.7661 -0.6034
Y 0.4496 -0.6292 -0.6340
Z -0.8654 -0.1311 -0.4836

PART 15
OFFSET 11.3533 1.3187 -7.4146
SCALE 1 1 1
X 0.7731 0.4238 0.4718
Y -0.4240 -0.2078 0.8815
Z 0.4716 -0.8816 0.0190

PART 16
OFFSET 12.9698 2.3739 -6.2492
SCALE 1 1 1
X -0.3917 0.2370 0.8890
Y -0.8901 -0.3422 -0.3010
Z 0.2329 -0.9093 0.3450

PART 17
OFFSET 12.4152 2.7094 -4.9905
SCALE 1 1 1
X -0.8910 -0.0330 0.4529
Y -0.3889 -0.4596 -0.7985
Z 0.2345 -0.8875 0.3966

PART 18
OFFSET 11.6253 2.6802 -4.5890
SCALE 1 1 1
X -0.9698 -0.1613 0.1828
Y -0.1129 -0.3677 -0.9231
Z 0.2161 -0.9159 0.3384

PART 19
OFFSET 10.7039 2.5270 -4.4153
SCALE 1 1 1
X 0.7814 0.4866 0.3907
Y 0.5662 -0.2895 -0.7718
Z -0.2624 0.8243 -0.5017

PART 20
OFFSET 10.9022 1.8497 -7.5696
SCALE 1 1 1
X 0.7049 0.6419 0.3019
Y -0.2102 -0.2175 0.9532
Z 0.6775 -0.7353 -0.0184

PART 21
OFFSET 12.8368 3.4113 -6.8099
SCALE 1 1 1
X 0.0546 0.1325 0.9897
Y -0.9671 -0.2398 0.0855
Z 0.2486 -0.9617 0.1150

PART 22
OFFSET 12.9298 3.6369 -5.1250
SCALE 1 1 1
X -0.9097 -0.1915 0.3686
Y -0.3254 -0.2230 -0.9189
Z 0.2581 -0.9558 0.1406

PART 23
OFFSET 11.6691 3.3715 -4.6141
SCALE 1 1 1
X -0.9638 -0.2666 -0.0005
Y 0.0374 -0.1335 -0.9903
Z 0.2640 -0.9545 0.1387

PART 24
OFFSET 10.6238 3.0823 -4.6146
SCALE 1 1 1
X 0.7813 0.2478 0.5729
Y 0.5717 0.0846 -0.8161
Z -0.2506 0.9651 -0.0756

PART 25
OFFSET 10.2050 4.5997 -7.1027
SCALE 1 1 1
X 0.6359 0.7058 0.3121
Y 0.1571 0.2775 -0.9478
Z -0.7556 0.6517 0.0656

PART 26
OFFSET 11.3765 4.8780 -7.9578
SCALE 1 1 1
X 0.8776 0.4534 0.1561
Y -0.1652 -0.0196 0.9861
Z 0.4501 -0.8911 0.0577

PART 27
OFFSET 12.9215 5.6762 -7.6829
SCALE 1 1 1
X 0.2582 0.1356 0.9565
Y -0.8526 -0.4337 0.2916
Z 0.4544 -0.8908 0.0036

PART 28
OFFSET 13.2078 5.8952 -6.5203
SCALE 1 1 1
X -0.5676 -0.2221 0.7928
Y -0.6869 -0.4031 -0.6047
Z 0.4539 -0.8878 0.0763

PART 29
OFFSET 12.5667 5.6443 -5.6248
SCALE 1 1 1
X 0.9325 0.1865 0.3092
Y 0.2701 0.2080 -0.9401
Z -0.2396 0.9602 0.1436

PART 30
OFFSET 12.2444 4.2282 -7.7458
SCALE 1 1 1
X 0.5082 0.3704 0.7775
Y -0.7261 -0.3013 0.6181
Z 0.4632 -0.8787 0.1159

PART 31
OFFSET 13.2371 4.9517 -6.2269
SCALE 1 1 1
X -0.6862 -0.2562 0.6808
Y -0.5865 -0.3587 -0.7262
Z 0.4303 -0.8976 0.0958

PART 32
OFFSET 12.2348 4.5775 -5.2325
SCALE 1 1 1
X -0.8483 -0.3732 0.3755
Y -0.3262 -0.1901 -0.9260
Z 0.4170 -0.9080 0.0395

PART 33
OFFSET 11.2772 4.1485 -4.8062
SCALE 1 1 1
X 0.8322 0.4657 0.3009
Y 0.3267 0.0268 -0.9448
Z -0.4480 0.8845 -0.1298

PART 34
OFFSET 11.7954 3.1810 -6.0565
SCALE 1 1 1
X 0.6197 -0.7846 0.0204
Y 0.0436 0.0085 -0.9990
Z 0.7836 0.6200 0.0394

PART 35
OFFSET 9.4098 -5.3548 -5.5311
SCALE 1 1 1
X 0.3562 0.9115 -0.2056
Y -0.7692 0.1612 -0.6184
Z -0.5305 0.3784 0.7585

PART 36
OFFSET -13.3341 -6.7471 -6.3406
SCALE 1 1 1
X -0.9591 0.2370 0.1546
Y -0.2377 -0.9712 0.0141
Z 0.1535 -0.0232 0.9879

PART 37
OFFSET -1.7343 -9.6129 -8.2103
SCALE 1 1 1
X -0.9601 -0.0264 -0.2785
Y 0.2497 -0.5302 -0.8103
Z -0.1263 -0.8474 0.5157

PART 38
OFFSET 6.4315 -9.3880 -5.8415
SCALE 1 1 1
X -0.9601 -0.0264 -0.2785
Y 0.1905 -0.7908 -0.5817
Z -0.2049 -0.6115 0.7643

PART 39
OFFSET 7.7853 -7.8539 -5.4887
SCALE 1 1 1
X -0.9612 -0.0209 -0.2751
Y 0.1254 0.8550 -0.5032
Z 0.2457 -0.5181 -0.8192

PART 40
OFFSET 7.8517 -7.7420 -4.3523
SCALE 1 1 1
X -0.9612 -0.0209 -0.2751
Y 0.1254 0.8550 -0.5032
Z 0.2457 -0.5181 -0.8192

PART 41
OFFSET 7.8829 -9.3780 -3.9477
SCALE 1 1 1
X -0.9612 -0.0209 -0.2751
Y 0.1254 0.8550 -0.5032
Z 0.2457 -0.5181 -0.8192

PART 42
OFFSET 9.3747 -9.3070 -4.9877
SCALE 1 1 1
X -0.4120 -0.9016 0.1319
Y 0.5549 -0.3630 -0.7485
Z 0.7227 -0.2352 0.6499

PART 43
OFFSET 8.7278 -8.4545 -4.5915
SCALE 1 1 1
X 0.3154 -0.8714 0.3757
Y 0.3472 -0.2625 -0.9003
Z 0.8832 0.4144 0.2198

PART 44
OFFSET 7.9634 -6.5709 -5.3246
SCALE 1 1 1
X -0.3801 -0.2978 0.8757
Y 0.4584 -0.8830 -0.1013
Z 0.8034 0.3629 0.4721

PART 45
OFFSET 8.5144 -6.1835 -6.7972
SCALE 1 1 1
X -0.4876 0.6364 0.5977
Y -0.0167 -0.6913 0.7224
Z 0.8729 0.3422 0.3477

PART 46
OFFSET 9.0020 -6.8756 -7.4718
SCALE 1 1 1
X -0.9241 0.1075 0.3668
Y -0.3765 -0.4206 -0.8254
Z 0.0655 -0.9009 0.4291

PART 47
OFFSET 10.1715 -8.8852 -6.0321
SCALE 1 1 1
X -0.6594 -0.5333 0.5299
Y 0.7038 -0.1900 0.6845
Z -0.2644 0.8243 0.5006

PART 48
OFFSET 11.5282 -7.5436 -7.2337
SCALE 1 1 1
X 0.5290 -0.4987 0.6866
Y 0.8302 0.4715 -0.2972
Z -0.1755 0.7273 0.6635

PART 49
OFFSET 10.7792 -6.8376 -8.2057
SCALE 1 1 1
X 0.9158 0.3740 -0.1465
Y -0.3644 0.6203 -0.6946
Z -0.1689 0.6895 0.7043

PART 50
OFFSET 9.9673 -7.1692 -8.0758
SCALE 1 1 1
X 0.2946 0.6851 -0.6662
Y -0.9342 0.0598 -0.3516
Z -0.2011 0.7259 0.6577

PART 51
OFFSET 9.6874 -7.8201 -7.4429
SCALE 1 1 1
X 0.3902 -0.6666 0.6352
Y -0.9203 -0.3040 0.2463
Z 0.0289 -0.6806 -0.7321

PART 52
OFFSET 9.9942 -8.4785 -5.4729
SCALE 1 1 1
X -0.5869 -0.7390 0.3308
Y 0.6822 -0.2314 0.6936
Z -0.4360 0.6328 0.6399

PART 53
OFFSET 11.5974 -6.6597 -6.4111
SCALE 1 1 1
X 0.3879 -0.4210 0.8199
Y 0.8651 0.4733 -0.1663
