// Export filename: `C:/Program Files/Activision/Call of Duty 4 - Modern Warfare/xanim_export/generic_combat/run_death_roll.XANIM_EXPORT`
// Source filename: `C:/Program Files/Activision/Call of Duty 4 - Modern Warfare/bin/maya/animation_src/character/run_death_roll.mb`
// Export time: Mon Jan 07 15:29:26 2008

ANIMATION
VERSION 3

NUMPARTS 119
PART 0 "TAG_ORIGIN"
PART 1 "J_MainRoot"
PART 2 "J_SpineLower"
PART 3 "J_SpineUpper"
PART 4 "J_Spine4"
PART 5 "J_Neck"
PART 6 "J_Head"
PART 7 "TAG_EYE"
PART 8 "J_Head_END"
PART 9 "J_Helmet"
PART 10 "J_Jaw"
PART 11 "J_Chin_SkinRoll"
PART 12 "J_Lip_Bot_LE"
PART 13 "J_Lip_Bot_RI"
PART 14 "J_Mouth_LE"
PART 15 "J_Lip_Top_LE"
PART 16 "J_Lip_Top_RI"
PART 17 "J_Cheek_LE"
PART 18 "J_Cheek_RI"
PART 19 "J_Levator_RI"
PART 20 "J_Levator_LE"
PART 21 "J_Mouth_RI"
PART 22 "J_Brow_LE"
PART 23 "J_Brow_RI"
PART 24 "J_Eye_Lid_Top_LE"
PART 25 "J_Eye_Lid_Bot_LE"
PART 26 "J_Eye_Lid_Bot_RI"
PART 27 "J_Eye_Lid_Top_RI"
PART 28 "J_EyeBall_RI"
PART 29 "A_Ponytail"
PART 30 "J_EyeBall_LE"
PART 31 "J_NVG"
PART 32 "J_NVG_END"
PART 33 "J_GasMask_LE"
PART 34 "J_GasMask_RI"
PART 35 "J_GasMask_Front"
PART 36 "J_ShoulderRaise_RI"
PART 37 "J_ShoulderRaise_LE"
PART 38 "TAG_WEAPON_CHEST"
PART 39 "J_Clavicle_LE"
PART 40 "J_Shoulder_LE"
PART 41 "J_Elbow_LE"
PART 42 "J_WristTwist_LE"
PART 43 "J_Wrist_LE"
PART 44 "J_Thumb_LE_1"
PART 45 "J_Thumb_LE_2"
PART 46 "J_Thumb_LE_3"
PART 47 "J_Index_LE_1"
PART 48 "J_Index_LE_2"
PART 49 "J_Index_LE_3"
PART 50 "J_Mid_LE_1"
PART 51 "J_Mid_LE_2"
PART 52 "J_Mid_LE_3"
PART 53 "J_Ring_LE_1"
PART 54 "J_Ring_LE_2"
PART 55 "J_Ring_LE_3"
PART 56 "J_Pinky_LE_1"
PART 57 "J_Pinky_LE_2"
PART 58 "J_Pinky_LE_3"
PART 59 "TAG_WEAPON_LEFT"
PART 60 "J_ShoulderTwist_LE"
PART 61 "TAG_REFLECTOR_ARM_LE"
PART 62 "J_Elbow_Bulge_LE"
PART 63 "joint1"
PART 64 "joint2"
PART 65 "J_Clavicle_RI"
PART 66 "J_Shoulder_RI"
PART 67 "J_Elbow_RI"
PART 68 "J_WristTwist_RI"
PART 69 "J_Wrist_RI"
PART 70 "J_Thumb_RI_1"
PART 71 "J_Thumb_RI_2"
PART 72 "J_Thumb_RI_3"
PART 73 "J_Index_RI_1"
PART 74 "J_Index_RI_2"
PART 75 "J_Index_RI_3"
PART 76 "J_Mid_RI_1"
PART 77 "J_Mid_RI_2"
PART 78 "J_Mid_RI_3"
PART 79 "J_Ring_RI_1"
PART 80 "J_Ring_RI_2"
PART 81 "J_Ring_RI_3"
PART 82 "TAG_WEAPON_RIGHT"
PART 83 "J_Pinky_RI_1"
PART 84 "J_Pinky_RI_2"
PART 85 "J_Pinky_RI_3"
PART 86 "J_Gun"
PART 87 "J_ShoulderTwist_RI"
PART 88 "TAG_REFLECTOR_ARM_RI"
PART 89 "J_Elbow_Bulge_RI"
PART 90 "J_Collar"
PART 91 "J_Collar_Front"
PART 92 "TAG_INHAND"
PART 93 "TAG_BIPOD"
PART 94 "J_Hip_LE"
PART 95 "J_Knee_LE"
PART 96 "J_Ankle_LE"
PART 97 "J_Ball_LE"
PART 98 "J_Knee_Bulge_LE"
PART 99 "J_KneeBuldgeLow_LE"
PART 100 "J_KneeBuldgeUp_LE"
PART 101 "J_HipTwist_LE"
PART 102 "J_Shorts_LE"
PART 103 "J_Shorts_Lift_LE"
PART 104 "J_Hip_RI"
PART 105 "J_Knee_RI"
PART 106 "J_Ankle_RI"
PART 107 "J_Ball_RI"
PART 108 "J_Knee_Bulge_RI"
PART 109 "J_KneeBuldgeUp_RI"
PART 110 "J_KneeBuldgeLow_RI"
PART 111 "J_HipTwist_RI"
PART 112 "J_Shorts_RI"
PART 113 "J_Shorts_Lift_RI"
PART 114 "J_CoatFront_LE"
PART 115 "J_CoatFront_RI"
PART 116 "J_CoatRear_RI"
PART 117 "J_CoatRear_LE"
PART 118 "TAG_SYNC"

FRAMERATE 30
NUMFRAMES 79

FRAME 23
PART 0
OFFSET -0.2067 -167.8705 -0.0001
SCALE 1 1 1
X -0.0000 -1.0000 -0.0000
Y 1.0000 -0.0000 0.0000
Z -0.0000 -0.0000 1.0000

PART 1
OFFSET 0.2522 -164.1199 30.6824
SCALE 1 1 1
X -0.0345 0.3846 0.9224
Y -0.2957 -0.8856 0.3582
Z 0.9547 -0.2604 0.1443

PART 2
OFFSET 0.0139 -162.2961 35.5505
SCALE 1 1 1
X -0.0718 -0.1678 0.9832
Y -0.2755 -0.9441 -0.1812
Z 0.9586 -0.2839 0.0216

PART 3
OFFSET -0.4086 -163.3351 40.6483
SCALE 1 1 1
X -0.1207 -0.2731 0.9544
Y -0.3094 -0.9032 -0.2976
Z 0.9433 -0.3312 0.0245

PART 4
OFFSET -0.8979 -164.4383 44.5741
SCALE 1 1 1
X -0.1289 -0.2971 0.9461
Y -0.3060 -0.8956 -0.3229
Z 0.9433 -0.3312 0.0245

PART 5
OFFSET -2.0739 -167.1756 52.8546
SCALE 1 1 1
X -0.2053 -0.5235 0.8269
Y 0.0083 -0.8458 -0.5334
Z 0.9787 -0.1027 0.1780

PART 6
OFFSET -2.4851 -169.3469 55.0104
SCALE 1 1 1
X -0.1145 -0.6501 0.7512
Y 0.0526 -0.7590 -0.6489
Z 0.9920 -0.0348 0.1211

PART 7
OFFSET -2.7232 -174.2159 55.5618
SCALE 1 1 1
X -0.0172 -0.9895 -0.1437
Y 0.9920 -0.0348 0.1211
Z -0.1248 -0.1405 0.9822

PART 8
OFFSET -3.2309 -173.2680 59.9892
SCALE 1 1 1
X -0.1145 -0.6501 0.7512
Y 0.0526 -0.7590 -0.6489
Z 0.9920 -0.0348 0.1211

PART 9
OFFSET -3.4970 -173.3800 62.1375
SCALE 1 1 1
X 0.0212 -0.9014 -0.4324
Y 0.9920 -0.0348 0.1211
Z -0.1242 -0.4315 0.8935

PART 10
OFFSET -2.4910 -170.4801 54.7326
SCALE 1 1 1
X 0.9920 -0.0348 0.1211
Y -0.0266 0.8818 0.4709
Z -0.1232 -0.4704 0.8738

PART 11
OFFSET -2.1394 -172.3529 51.3145
SCALE 1 1 1
X 0.9920 -0.0348 0.1211
Y -0.0266 0.8818 0.4709
Z -0.1232 -0.4704 0.8738

PART 12
OFFSET -1.8474 -173.7590 52.3891
SCALE 1 1 1
X 0.9920 -0.0348 0.1211
Y -0.0266 0.8818 0.4709
Z -0.1232 -0.4704 0.8738

PART 13
OFFSET -2.7773 -173.7263 52.2755
SCALE 1 1 1
X 0.9920 -0.0348 0.1211
Y 0.0266 -0.8818 -0.4709
Z 0.1232 0.4704 -0.8738

PART 14
OFFSET -1.3014 -173.4420 52.6781
SCALE 1 1 1
X 0.9920 -0.0348 0.1211
Y -0.0266 0.8818 0.4709
Z -0.1232 -0.4704 0.8738

PART 15
OFFSET -1.8852 -173.9588 52.5460
SCALE 1 1 1
X 0.9920 -0.0348 0.1211
Y -0.0266 0.8818 0.4709
Z -0.1232 -0.4704 0.8738

PART 16
OFFSET -2.7922 -173.9269 52.4351
SCALE 1 1 1
X 0.9920 -0.0348 0.1211
Y 0.0266 -0.8818 -0.4709
Z 0.1232 0.4704 -0.8738

PART 17
OFFSET -1.0799 -174.1304 54.5081
SCALE 1 1 1
X 0.9920 -0.0348 0.1211
Y -0.0266 0.8818 0.4709
Z -0.1232 -0.4704 0.8738

PART 18
OFFSET -4.0553 -174.0261 54.1448
SCALE 1 1 1
X 0.9920 -0.0348 0.1211
Y 0.0266 -0.8818 -0.4709
Z 0.1232 0.4704 -0.8738

PART 19
OFFSET -2.9765 -174.5249 53.8824
SCALE 1 1 1
X 0.9920 -0.0348 0.1211
Y 0.0266 -0.8818 -0.4709
Z 0.1232 0.4704 -0.8738

PART 20
OFFSET -2.0176 -174.5584 53.9994
SCALE 1 1 1
X 0.9920 -0.0348 0.1211
Y -0.0266 0.8818 0.4709
Z -0.1232 -0.4704 0.8738

PART 21
OFFSET -3.3535 -173.3700 52.4274
SCALE 1 1 1
X 0.9920 -0.0348 0.1211
Y 0.0266 -0.8818 -0.4709
Z 0.1232 0.4704 -0.8738

PART 22
OFFSET -1.3949 -175.4299 55.7119
SCALE 1 1 1
X 0.9920 -0.0348 0.1211
Y -0.0266 0.8818 0.4709
Z -0.1232 -0.4704 0.8738

PART 23
OFFSET -4.1291 -175.3341 55.3782
SCALE 1 1 1
X 0.9920 -0.0348 0.1211
Y 0.0266 -0.8818 -0.4709
Z 0.1232 0.4704 -0.8738

PART 24
OFFSET -1.4193 -173.9221 55.8856
SCALE 1 1 1
X 0.9823 0.0028 0.1875
Y -0.0913 0.8807 0.4648
Z -0.1638 -0.4737 0.8653

PART 25
OFFSET -1.4080 -173.8792 55.8152
SCALE 1 1 1
X 0.9823 0.0028 0.1875
Y -0.0913 0.8807 0.4648
Z -0.1638 -0.4737 0.8653

PART 26
OFFSET -4.0342 -173.7872 55.4948
SCALE 1 1 1
X 0.9959 -0.0722 0.0540
Y -0.0375 -0.8762 -0.4805
Z 0.0820 0.4766 -0.8753

PART 27
OFFSET -4.0432 -173.8301 55.5654
SCALE 1 1 1
X 0.9959 -0.0722 0.0540
Y -0.0375 -0.8762 -0.4805
Z 0.0820 0.4766 -0.8753

PART 28
OFFSET -3.9350 -173.8158 55.5239
SCALE 1 1 1
X 0.9759 -0.2173 0.0205
Y -0.1803 -0.8553 -0.4858
Z 0.1232 0.4704 -0.8738

PART 29
OFFSET -3.0648 -166.8720 60.4696
SCALE 1 1 1
X 0.1133 0.6576 -0.7448
Y -0.0537 0.7526 0.6563
Z 0.9921 -0.0343 0.1206

PART 30
OFFSET -1.5131 -173.9010 55.8200
SCALE 1 1 1
X 0.9648 0.1493 0.2164
Y -0.2322 0.8697 0.4355
Z -0.1232 -0.4704 0.8738

PART 31
OFFSET -2.9429 -177.3086 56.4697
SCALE 1 1 1
X 0.0526 -0.7590 -0.6489
Y 0.1145 0.6501 -0.7512
Z 0.9920 -0.0348 0.1211

PART 32
OFFSET -3.2134 -177.5361 58.6199
SCALE 1 1 1
X 0.1145 0.6501 -0.7512
Y -0.0526 0.7590 0.6489
Z 0.9920 -0.0348 0.1211

PART 33
OFFSET 0.1594 -169.9232 54.6707
SCALE 1 1 1
X 0.9920 -0.0348 0.1211
Y 0.0266 -0.8818 -0.4709
Z 0.1232 0.4704 -0.8738

PART 34
OFFSET -5.0039 -169.7422 54.0404
SCALE 1 1 1
X 0.9920 -0.0348 0.1211
Y -0.0266 0.8818 0.4709
Z -0.1232 -0.4704 0.8738

PART 35
OFFSET -2.7320 -174.5947 55.5257
SCALE 1 1 1
X 0.9920 -0.0348 0.1211
Y -0.0266 0.8818 0.4709
Z -0.1232 -0.4704 0.8738

PART 36
OFFSET -5.5954 -165.1461 51.5698
SCALE 1 1 1
X -0.9549 0.2942 0.0397
Y 0.2924 0.9094 0.2956
Z 0.0509 0.2939 -0.9545

PART 37
OFFSET 1.9497 -167.9240 52.1234
SCALE 1 1 1
X -0.9263 0.3663 -0.0886
Y -0.3265 -0.8975 -0.2965
Z -0.1881 -0.2457 0.9509

PART 38
OFFSET -7.7156 -192.3284 44.3745
SCALE 1 1 1
X 0.0188 -0.9975 -0.0679
Y 0.8279 0.0536 -0.5584
Z 0.5606 -0.0457 0.8268

PART 39
OFFSET -0.1652 -166.1142 49.0533
SCALE 1 1 1
X 0.8398 -0.4634 0.2827
Y 0.4612 0.8838 0.0785
Z -0.2863 0.0645 0.9560

PART 40
OFFSET 5.1997 -169.0744 50.8596
SCALE 1 1 1
X 0.1309 -0.7190 -0.6826
Y 0.9128 0.3561 -0.2001
Z 0.3869 -0.5968 0.7029

PART 41
OFFSET 7.1738 -177.4781 42.8921
SCALE 1 1 1
X -0.5789 -0.7495 -0.3212
Y 0.7179 -0.2818 -0.6365
Z 0.3866 -0.5991 0.7012

PART 42
OFFSET 2.9479 -182.9485 40.5478
SCALE 1 1 1
X -0.5789 -0.7495 -0.3212
Y 0.7809 -0.3962 -0.4830
Z 0.2347 -0.5304 0.8146

PART 43
OFFSET 1.1746 -184.9864 39.5286
SCALE 1 1 1
X 0.0212 -0.6788 -0.7340
Y -0.2338 0.7105 -0.6637
Z 0.9721 0.1857 -0.1437

PART 44
OFFSET 0.4367 -185.7415 39.1207
SCALE 1 1 1
X -0.7632 0.1193 -0.6351
Y 0.5124 -0.4872 -0.7072
Z -0.3938 -0.8651 0.3106

PART 45
OFFSET -1.3994 -185.4544 37.5927
SCALE 1 1 1
X -0.5156 -0.0719 -0.8538
Y 0.7610 -0.4964 -0.4178
Z -0.3938 -0.8651 0.3106

PART 46
OFFSET -2.0154 -185.5403 36.5728
SCALE 1 1 1
X -0.1849 -0.2565 -0.9487
Y 0.9004 -0.4310 -0.0590
Z -0.3938 -0.8651 0.3106

PART 47
OFFSET -0.2634 -187.7846 37.3959
SCALE 1 1 1
X -0.2320 -0.4605 -0.8568
Y -0.0237 0.8833 -0.4682
Z 0.9724 -0.0883 -0.2159

PART 48
OFFSET -0.6231 -188.4986 36.0673
SCALE 1 1 1
X -0.1785 0.3140 -0.9325
Y 0.1501 0.9453 0.2896
Z 0.9724 -0.0883 -0.2159

PART 49
OFFSET -0.7966 -188.1934 35.1610
SCALE 1 1 1
X -0.0967 0.6896 -0.7177
Y 0.2123 0.7188 0.6621
Z 0.9724 -0.0883 -0.2159

PART 50
OFFSET 0.7748 -187.7829 37.2410
SCALE 1 1 1
X -0.2099 -0.1182 -0.9706
Y -0.1560 0.9840 -0.0861
Z 0.9652 0.1333 -0.2250

PART 51
OFFSET 0.3854 -188.0021 35.4401
SCALE 1 1 1
X -0.2263 0.8572 -0.4627
Y 0.1311 0.4975 0.8575
Z 0.9652 0.1333 -0.2250

PART 52
OFFSET 0.1361 -187.0579 34.9305
SCALE 1 1 1
X -0.1573 0.9833 -0.0919
Y 0.2090 0.1241 0.9700
Z 0.9652 0.1333 -0.2250

PART 53
OFFSET 1.7951 -187.4619 37.0842
SCALE 1 1 1
X -0.2267 -0.0118 -0.9739
Y -0.2137 0.9762 0.0380
Z 0.9502 0.2168 -0.2238

PART 54
OFFSET 1.4137 -187.4817 35.4459
SCALE 1 1 1
X -0.3010 0.8239 -0.4802
Y 0.0803 0.5236 0.8482
Z 0.9502 0.2168 -0.2238

PART 55
OFFSET 1.1299 -186.7048 34.9932
SCALE 1 1 1
X -0.2556 0.9530 -0.1623
Y 0.1781 0.2115 0.9610
Z 0.9502 0.2168 -0.2238

PART 56
OFFSET 2.6562 -187.0439 36.9321
SCALE 1 1 1
X -0.2473 0.0763 -0.9659
Y -0.1347 0.9845 0.1123
Z 0.9595 0.1579 -0.2332

PART 57
OFFSET 2.3598 -186.9524 35.7742
SCALE 1 1 1
X -0.2572 0.8287 -0.4971
Y 0.1148 0.5369 0.8358
Z 0.9595 0.1579 -0.2332

PART 58
OFFSET 2.1822 -186.3801 35.4310
SCALE 1 1 1
X -0.1612 0.9869 0.0050
Y 0.2309 0.0327 0.9724
Z 0.9595 0.1579 -0.2332

PART 59
OFFSET -7.7156 -192.3284 44.3745
SCALE 1 1 1
X -0.8056 -0.0561 -0.5898
Y -0.4575 -0.5736 0.6795
Z -0.3764 0.8172 0.4364

PART 60
OFFSET 5.2603 -169.4071 50.5438
SCALE 1 1 1
X 0.1309 -0.7190 -0.6826
Y 0.8803 0.4010 -0.2536
Z 0.4561 -0.5676 0.6854

PART 61
OFFSET 6.0312 -171.3396 51.5700
SCALE 1 1 1
X 0.2878 -0.3647 0.8855
Y 0.7944 0.6074 -0.0080
Z -0.5349 0.7057 0.4645

PART 62
OFFSET 7.3770 -177.5160 42.7480
SCALE 1 1 1
X -0.5309 -0.7675 -0.3594
Y 0.7540 -0.2341 -0.6138
Z 0.3869 -0.5968 0.7029

PART 63
OFFSET 2.6115 -166.3206 44.7124
SCALE 1 1 1
X 0.9433 -0.3312 0.0245
Y 0.3118 0.9086 0.2780
Z -0.1143 -0.2546 0.9603

PART 64
OFFSET -4.8156 -163.7130 44.5191
SCALE 1 1 1
X 0.9433 -0.3312 0.0245
Y -0.3118 -0.9086 -0.2780
Z 0.1143 0.2546 -0.9603

PART 65
OFFSET -2.7287 -165.2306 49.0114
SCALE 1 1 1
X 0.9442 -0.2911 -0.1541
Y -0.3039 -0.9503 -0.0671
Z -0.1269 0.1102 -0.9858

PART 66
OFFSET -8.7603 -163.3712 49.9960
SCALE 1 1 1
X 0.3081 0.5446 0.7801
Y 0.2323 -0.8382 0.4934
Z 0.9225 0.0291 -0.3848

PART 67
OFFSET -12.6367 -169.4310 40.7090
SCALE 1 1 1
X -0.1468 0.9619 -0.2308
Y 0.3552 0.2690 0.8952
Z 0.9232 0.0495 -0.3812

PART 68
OFFSET -11.5648 -176.4520 42.3932
SCALE 1 1 1
X -0.1468 0.9619 -0.2308
Y 0.5073 0.2735 0.8172
Z 0.8492 0.0030 -0.5281

PART 69
OFFSET -10.9585 -179.2010 43.0347
SCALE 1 1 1
X 0.0000 0.8857 0.4643
Y -0.8751 -0.2247 0.4286
Z 0.4839 -0.4064 0.7751

PART 70
OFFSET -10.6535 -180.2518 43.3241
SCALE 1 1 1
X -0.9033 0.4284 -0.0223
Y 0.2434 0.5545 0.7958
Z 0.3533 0.7134 -0.6051

PART 71
OFFSET -8.4802 -181.2825 43.3774
SCALE 1 1 1
X -0.7464 0.6049 0.2775
Y 0.5640 0.3536 0.7462
Z 0.3533 0.7134 -0.6052

PART 72
OFFSET -7.5886 -182.0051 43.0459
SCALE 1 1 1
X -0.4735 0.6942 0.5421
Y 0.8069 0.0950 0.5831
Z 0.3533 0.7134 -0.6052

PART 73
OFFSET -10.3859 -182.9504 42.7898
SCALE 1 1 1
X -0.3498 0.8394 0.4160
Y -0.7253 -0.5237 0.4469
Z 0.5930 -0.1454 0.7920

PART 74
OFFSET -9.8436 -184.2519 42.1447
SCALE 1 1 1
X -0.7643 0.2080 0.6104
Y -0.2535 -0.9673 0.0122
Z 0.5930 -0.1454 0.7920

PART 75
OFFSET -9.1007 -184.4540 41.5515
SCALE 1 1 1
X -0.7991 -0.2277 0.5564
Y 0.0994 -0.9628 -0.2512
Z 0.5930 -0.1454 0.7920

PART 76
OFFSET -11.0065 -182.6813 41.9871
SCALE 1 1 1
X -0.5751 0.5964 0.5601
Y -0.6728 -0.7342 0.0910
Z 0.4655 -0.3244 0.8234

PART 77
OFFSET -9.9394 -183.7878 40.9477
SCALE 1 1 1
X -0.8453 -0.4388 0.3050
Y 0.2623 -0.8380 -0.4785
Z 0.4655 -0.3244 0.8234

PART 78
OFFSET -9.0083 -183.3046 40.6118
SCALE 1 1 1
X -0.6762 -0.7307 0.0944
Y 0.5710 -0.6007 -0.5595
Z 0.4655 -0.3244 0.8234

PART 79
OFFSET -11.4443 -182.1521 41.1525
SCALE 1 1 1
X -0.6447 0.5143 0.5655
Y -0.6441 -0.7639 -0.0397
Z 0.4116 -0.3899 0.8238

PART 80
OFFSET -10.3596 -183.0172 40.2008
SCALE 1 1 1
X -0.8870 -0.3790 0.2638
Y 0.2093 -0.8393 -0.5018
Z 0.4116 -0.3899 0.8238

PART 81
OFFSET -9.5233 -182.6598 39.9522
SCALE 1 1 1
X -0.7625 -0.6423 0.0770
Y 0.4991 -0.6599 -0.5617
Z 0.4116 -0.3899 0.8238

PART 82
OFFSET -7.7157 -192.3283 44.3743
SCALE 1 1 1
X -0.0961 0.9658 0.2407
Y -0.9561 -0.0223 -0.2921
Z -0.2768 -0.2582 0.9256

PART 83
OFFSET -11.7253 -181.5910 40.4137
SCALE 1 1 1
X -0.7014 0.4438 0.5578
Y -0.5572 -0.8293 -0.0409
Z 0.4444 -0.3395 0.8290

PART 84
OFFSET -10.8846 -182.1230 39.7452
SCALE 1 1 1
X -0.8686 -0.3897 0.3061
Y 0.2192 -0.8561 -0.4681
Z 0.4444 -0.3395 0.8290

PART 85
OFFSET -10.2847 -181.8539 39.5337
SCALE 1 1 1
X -0.6312 -0.7753 0.0209
Y 0.6357 -0.5325 -0.5589
Z 0.4444 -0.3395 0.8290

PART 86
OFFSET -7.7157 -192.3283 44.3743
SCALE 1 1 1
X 0.6035 -0.2139 -0.7682
Y -0.1837 0.9002 -0.3949
Z 0.7759 0.3794 0.5039

PART 87
OFFSET -8.8886 -163.5980 49.6712
SCALE 1 1 1
X 0.3081 0.5446 0.7801
Y 0.1961 -0.8387 0.5081
Z 0.9309 -0.0036 -0.3652

PART 88
OFFSET -11.0652 -164.3197 50.0221
SCALE 1 1 1
X -0.8132 0.1129 0.5710
Y 0.0240 -0.9737 0.2266
Z 0.5816 0.1980 0.7891

PART 89
OFFSET -12.9032 -169.6511 40.0534
SCALE 1 1 1
X 0.0649 0.9712 0.2292
Y 0.3804 -0.2364 0.8941
Z 0.9225 0.0291 -0.3848

PART 90
OFFSET -1.1183 -164.3370 54.4295
SCALE 1 1 1
X 0.9433 -0.3312 0.0245
Y 0.3124 0.9100 0.2724
Z -0.1125 -0.2493 0.9619

PART 91
OFFSET -3.1525 -170.3879 50.9601
SCALE 1 1 1
X -0.9433 0.3312 -0.0245
Y -0.3060 -0.8956 -0.3229
Z -0.1289 -0.2971 0.9461

PART 92
OFFSET -8.6127 -185.9313 43.6587
SCALE 1 1 1
X 0.5328 0.5187 0.6686
Y 0.4961 -0.8316 0.2497
Z 0.6856 0.1986 -0.7004

PART 93
OFFSET -9.0712 -197.8971 41.8301
SCALE 1 1 1
X 0.0196 -0.9976 -0.0667
Y 0.8279 0.0536 -0.5584
Z 0.5606 -0.0443 0.8269

PART 94
OFFSET 4.8982 -165.3871 31.3845
SCALE 1 1 1
X -0.0415 -0.3975 -0.9167
Y -0.0275 -0.9166 0.3988
Z -0.9988 0.0417 0.0271

PART 95
OFFSET 4.1722 -172.3489 15.3314
SCALE 1 1 1
X 0.0171 0.7990 -0.6011
Y -0.0467 -0.5999 -0.7987
Z -0.9988 0.0417 0.0271

PART 96
OFFSET 4.4313 -160.2315 6.2156
SCALE 1 1 1
X -0.0117 0.2663 -0.9638
Y 0.1857 -0.9465 -0.2637
Z -0.9825 -0.1821 -0.0384

PART 97
OFFSET 5.4772 -164.2682 0.4240
SCALE 1 1 1
X 0.1843 -0.9809 -0.0628
Y -0.0257 -0.0687 0.9973
Z -0.9825 -0.1822 -0.0379

PART 98
OFFSET 4.1237 -173.1176 14.7263
SCALE 1 1 1
X -0.0002 -0.3655 0.9308
Y -0.0479 -0.9297 -0.3651
Z 0.9989 -0.0447 -0.0173

PART 99
OFFSET 4.0980 -174.0457 15.2087
SCALE 1 1 1
X -0.0024 0.5034 -0.8641
Y -0.0497 -0.8630 -0.5027
Z -0.9988 0.0417 0.0271

PART 100
OFFSET 4.1387 -174.3071 17.1128
SCALE 1 1 1
X -0.0368 -0.2545 -0.9664
Y -0.0334 -0.9662 0.2558
Z -0.9988 0.0417 0.0271

PART 101
OFFSET 4.7676 -166.6392 28.4974
SCALE 1 1 1
X -0.0415 -0.3975 -0.9167
Y -0.3006 -0.8700 0.3909
Z -0.9529 0.2917 -0.0834

PART 102
OFFSET 4.4949 -168.7921 21.7279
SCALE 1 1 1
X 0.0108 0.3508 0.9364
Y 0.2436 0.9073 -0.3427
Z -0.9698 0.2318 -0.0757

PART 103
OFFSET 4.3985 -167.6365 16.2610
SCALE 1 1 1
X 0.0236 0.3981 0.9170
Y 0.0178 0.9170 -0.3986
Z -0.9996 0.0257 0.0146

PART 104
OFFSET -4.3938 -162.8527 29.9802
SCALE 1 1 1
X 0.2990 0.6812 0.6683
Y -0.0176 0.7041 -0.7098
Z -0.9541 0.2005 0.2225

PART 105
OFFSET -9.6295 -174.7818 18.2765
SCALE 1 1 1
X -0.1182 -0.9348 0.3349
Y 0.2751 0.2932 0.9156
Z -0.9541 0.2004 0.2225

PART 106
OFFSET -7.8362 -160.6049 13.1974
SCALE 1 1 1
X -0.1431 -0.6742 0.7246
Y 0.0522 0.7260 0.6857
Z -0.9883 0.1359 -0.0687

PART 107
OFFSET -7.5516 -161.5889 6.1347
SCALE 1 1 1
X 0.0709 0.8101 0.5819
Y 0.1341 0.5704 -0.8104
Z -0.9884 0.1355 -0.0683

PART 108
OFFSET -9.7476 -175.0199 17.9327
SCALE 1 1 1
X -0.1191 0.4602 -0.8798
Y 0.2773 0.8662 0.4156
Z 0.9534 -0.1945 -0.2308

PART 109
OFFSET -9.4465 -176.3730 20.4942
SCALE 1 1 1
X -0.3043 -0.5648 -0.7671
Y -0.0096 -0.8034 0.5954
Z -0.9525 0.1886 0.2390

PART 110
OFFSET -10.0528 -177.2784 18.7098
SCALE 1 1 1
X -0.1117 0.5137 -0.8506
Y -0.2832 -0.8370 -0.4683
Z -0.9525 0.1886 0.2390

PART 111
OFFSET -5.3355 -164.9981 27.8753
SCALE 1 1 1
X 0.2990 0.6812 0.6683
Y 0.2786 0.6075 -0.7438
Z -0.9127 0.4085 -0.0081

PART 112
OFFSET -6.9067 -169.1024 22.1789
SCALE 1 1 1
X 0.2296 0.6432 0.7305
Y 0.2707 0.6787 -0.6827
Z -0.9349 0.3545 -0.0183

PART 113
OFFSET -7.1501 -166.0964 21.2588
SCALE 1 1 1
X 0.2990 0.6812 0.6683
Y -0.0176 0.7041 -0.7098
Z -0.9541 0.2005 0.2225

PART 114
OFFSET 3.2474 -169.0581 35.2222
SCALE 1 1 1
X 0.0630 -0.3038 -0.9507
Y -0.2950 -0.9157 0.2731
Z -0.9534 0.2632 -0.1473

PART 115
OFFSET -5.2410 -166.3242 34.0736
SCALE 1 1 1
X 0.0848 0.4445 0.8917
Y 0.1378 0.8811 -0.4524
Z -0.9868 0.1613 0.0135

PART 116
OFFSET -2.7894 -158.4137 32.1278
SCALE 1 1 1
X 0.0169 0.4028 0.9151
Y 0.2992 0.8713 -0.3891
Z -0.9540 0.2804 -0.1058

PART 117
OFFSET 5.7847 -160.7523 33.4237
SCALE 1 1 1
X 0.0543 -0.3254 -0.9440
Y -0.2902 -0.9097 0.2969
Z -0.9554 0.2579 -0.1438

PART 118
OFFSET -0.2067 -167.8683 -0.0001
SCALE 1 1 1
X 0.0000 1.0000 -0.0000
Y -1.0000 0.0000 0.0000
Z 0.0000 0.0000 1.0000


FRAME 24
PART 0
OFFSET -0.5566 -169.8853 -0.0001
SCALE 1 1 1
X -0.0000 -1.0000 -0.0000
Y 1.0000 -0.0000 0.0000
Z -0.0000 -0.0000 1.0000

PART 1
OFFSET 0.7745 -167.6220 31.3129
SCALE 1 1 1
X -0.0543 0.4556 0.8885
Y -0.2264 -0.8723 0.4334
Z 0.9725 -0.1777 0.1505

PART 2
OFFSET 0.4471 -165.4266 36.0197
SCALE 1 1 1
X -0.1142 -0.0633 0.9914
Y -0.2007 -0.9759 -0.0854
Z 0.9730 -0.2088 0.0988

PART 3
OFFSET -0.1835 -165.9260 41.1772
SCALE 1 1 1
X -0.1789 -0.1496 0.9724
Y -0.2466 -0.9500 -0.1915
Z 0.9525 -0.2740 0.1331

PART 4
OFFSET -0.9133 -166.5210 45.1749
SCALE 1 1 1
X -0.1854 -0.1749 0.9670
Y -0.2417 -0.9457 -0.2174
Z 0.9525 -0.2740 0.1331

PART 5
OFFSET -2.5780 -168.1897 53.6535
SCALE 1 1 1
X -0.2428 -0.4189 0.8750
Y 0.0856 -0.9077 -0.4109
Z 0.9663 -0.0249 0.2562

PART 6
OFFSET -3.4652 -169.9062 56.0613
SCALE 1 1 1
X -0.3140 -0.5651 0.7630
Y 0.1276 -0.8214 -0.5559
Z 0.9408 -0.0772 0.3300

PART 7
OFFSET -4.1734 -174.6759 56.9647
SCALE 1 1 1
X -0.0611 -0.9964 -0.0589
Y 0.9408 -0.0772 0.3300
Z -0.3334 -0.0352 0.9421

PART 8
OFFSET -5.5047 -173.2669 61.0878
SCALE 1 1 1
X -0.3140 -0.5651 0.7630
Y 0.1276 -0.8214 -0.5559
Z 0.9408 -0.0772 0.3300

PART 9
OFFSET -6.2126 -173.1504 63.1333
SCALE 1 1 1
X 0.0420 -0.9397 -0.3395
Y 0.9408 -0.0772 0.3300
Z -0.3363 -0.3332 0.8808

PART 10
OFFSET -3.4985 -171.0594 55.8866
SCALE 1 1 1
X 0.9408 -0.0772 0.3300
Y -0.0566 0.9243 0.3776
Z -0.3342 -0.3739 0.8652

PART 11
OFFSET -2.5952 -173.2785 52.7925
SCALE 1 1 1
X 0.9408 -0.0772 0.3300
Y -0.0566 0.9243 0.3776
Z -0.3342 -0.3739 0.8652

PART 12
OFFSET -2.6350 -174.5850 54.0208
SCALE 1 1 1
X 0.9408 -0.0772 0.3300
Y -0.0566 0.9243 0.3776
Z -0.3342 -0.3739 0.8652

PART 13
OFFSET -3.5169 -174.5126 53.7113
SCALE 1 1 1
X 0.9408 -0.0772 0.3300
Y 0.0566 -0.9243 -0.3776
Z 0.3342 0.3739 -0.8652

PART 14
OFFSET -2.1377 -174.2714 54.3901
SCALE 1 1 1
X 0.9408 -0.0772 0.3300
Y -0.0566 0.9243 0.3776
Z -0.3342 -0.3739 0.8652

PART 15
OFFSET -2.7189 -174.7658 54.1826
SCALE 1 1 1
X 0.9408 -0.0772 0.3300
Y -0.0566 0.9243 0.3776
Z -0.3342 -0.3739 0.8652

PART 16
OFFSET -3.5790 -174.6952 53.8807
SCALE 1 1 1
X 0.9408 -0.0772 0.3300
Y 0.0566 -0.9243 -0.3776
Z 0.3342 0.3739 -0.8652

PART 17
OFFSET -2.3475 -174.7860 56.2778
SCALE 1 1 1
X 0.9408 -0.0772 0.3300
Y -0.0566 0.9243 0.3776
Z -0.3342 -0.3739 0.8652

PART 18
OFFSET -5.1693 -174.5545 55.2878
SCALE 1 1 1
X 0.9408 -0.0772 0.3300
Y 0.0566 -0.9243 -0.3776
Z 0.3342 0.3739 -0.8652

PART 19
OFFSET -4.0998 -175.1355 55.3024
SCALE 1 1 1
X 0.9408 -0.0772 0.3300
Y 0.0566 -0.9243 -0.3776
Z 0.3342 0.3739 -0.8652

PART 20
OFFSET -3.1904 -175.2101 55.6213
SCALE 1 1 1
X 0.9408 -0.0772 0.3300
Y -0.0566 0.9243 0.3776
Z -0.3342 -0.3739 0.8652

PART 21
OFFSET -4.0838 -174.1117 53.7073
SCALE 1 1 1
X 0.9408 -0.0772 0.3300
Y 0.0566 -0.9243 -0.3776
Z 0.3342 0.3739 -0.8652

PART 22
OFFSET -2.9982 -175.9404 57.4948
SCALE 1 1 1
X 0.9408 -0.0772 0.3300
Y -0.0566 0.9243 0.3776
Z -0.3342 -0.3739 0.8652

PART 23
OFFSET -5.5913 -175.7277 56.5852
SCALE 1 1 1
X 0.9408 -0.0772 0.3300
Y 0.0566 -0.9243 -0.3776
Z 0.3342 0.3739 -0.8652

PART 24
OFFSET -2.9452 -174.4237 57.5297
SCALE 1 1 1
X 0.9205 -0.0327 0.3894
Y -0.1186 0.9261 0.3581
Z -0.3724 -0.3758 0.8486

PART 25
OFFSET -2.9166 -174.3887 57.4599
SCALE 1 1 1
X 0.9205 -0.0327 0.3894
Y -0.1186 0.9261 0.3581
Z -0.3724 -0.3758 0.8486

PART 26
OFFSET -5.4072 -174.1844 56.5864
SCALE 1 1 1
X 0.9556 -0.1212 0.2687
Y -0.0035 -0.9161 -0.4009
Z 0.2947 0.3821 -0.8759

PART 27
OFFSET -5.4337 -174.2196 56.6570
SCALE 1 1 1
X 0.9556 -0.1212 0.2687
Y -0.0035 -0.9161 -0.4009
Z 0.2947 0.3821 -0.8759

PART 28
OFFSET -5.3185 -174.2154 56.6381
SCALE 1 1 1
X 0.9320 -0.2677 0.2443
Y -0.1402 -0.8880 -0.4379
Z 0.3342 0.3739 -0.8652

PART 29
OFFSET -4.9641 -166.8737 61.0435
SCALE 1 1 1
X 0.3181 0.5337 -0.7836
Y -0.1157 0.8422 0.5267
Z 0.9410 -0.0769 0.3296

PART 30
OFFSET -3.0218 -174.4041 57.4442
SCALE 1 1 1
X 0.9085 0.1167 0.4013
Y -0.2510 0.9201 0.3007
Z -0.3342 -0.3739 0.8652

PART 31
OFFSET -4.8043 -177.6465 58.0671
SCALE 1 1 1
X 0.1276 -0.8214 -0.5559
Y 0.3140 0.5651 -0.7630
Z 0.9408 -0.0772 0.3300

PART 32
OFFSET -5.5254 -177.6443 60.1233
SCALE 1 1 1
X 0.3140 0.5651 -0.7630
Y -0.1276 0.8214 0.5559
Z 0.9408 -0.0772 0.3300

PART 33
OFFSET -0.8577 -170.6582 56.3374
SCALE 1 1 1
X 0.9408 -0.0772 0.3300
Y 0.0566 -0.9243 -0.3776
Z 0.3342 0.3739 -0.8652

PART 34
OFFSET -5.7543 -170.2565 54.6197
SCALE 1 1 1
X 0.9408 -0.0772 0.3300
Y -0.0566 0.9243 0.3776
Z -0.3342 -0.3739 0.8652

PART 35
OFFSET -4.2029 -175.0554 56.9601
SCALE 1 1 1
X 0.9408 -0.0772 0.3300
Y -0.0566 0.9243 0.3776
Z -0.3342 -0.3739 0.8652

PART 36
OFFSET -6.0376 -166.5004 51.6464
SCALE 1 1 1
X -0.9672 0.2454 -0.0653
Y 0.2296 0.9550 0.1876
Z 0.1084 0.1665 -0.9801

PART 37
OFFSET 1.5071 -168.8227 53.3594
SCALE 1 1 1
X -0.9323 0.3012 -0.2001
Y -0.2640 -0.9451 -0.1924
Z -0.2470 -0.1266 0.9607

PART 38
OFFSET -9.6537 -195.7168 42.3065
SCALE 1 1 1
X -0.0384 -0.9974 -0.0618
Y 0.7240 0.0149 -0.6897
Z 0.6888 -0.0712 0.7215

PART 39
OFFSET -0.4414 -167.5437 49.8803
SCALE 1 1 1
X 0.8522 -0.2877 0.4369
Y 0.2970 0.9536 0.0486
Z -0.4306 0.0883 0.8982

PART 40
OFFSET 5.0028 -169.3819 52.6712
SCALE 1 1 1
X 0.3222 -0.6405 -0.6971
Y 0.9349 0.3311 0.1279
Z 0.1489 -0.6929 0.7055

PART 41
OFFSET 9.1887 -176.8912 44.6657
SCALE 1 1 1
X -0.4891 -0.6693 -0.5593
Y 0.8594 -0.2604 -0.4400
Z 0.1488 -0.6958 0.7026

PART 42
OFFSET 5.6185 -181.7768 40.5836
SCALE 1 1 1
X -0.4891 -0.6693 -0.5593
Y 0.8519 -0.5041 -0.1418
Z -0.1870 -0.5458 0.8168

PART 43
OFFSET 4.1396 -183.5675 38.8683
SCALE 1 1 1
X 0.2460 -0.5125 -0.8227
Y 0.1605 0.8586 -0.4869
Z 0.9559 -0.0123 0.2934

PART 44
OFFSET 3.5568 -184.0458 38.0241
SCALE 1 1 1
X -0.4001 0.4065 -0.8214
Y 0.6990 -0.4443 -0.5603
Z -0.5927 -0.7984 -0.1064

PART 45
OFFSET 2.5943 -183.0679 36.0478
SCALE 1 1 1
X -0.1091 0.2104 -0.9715
Y 0.7980 -0.5642 -0.2118
Z -0.5927 -0.7984 -0.1064

PART 46
OFFSET 2.4640 -182.8165 34.8873
SCALE 1 1 1
X 0.2048 -0.0217 -0.9786
Y 0.7789 -0.6018 0.1764
Z -0.5927 -0.7984 -0.1064

PART 47
OFFSET 3.4066 -185.5108 35.6851
SCALE 1 1 1
X 0.0982 -0.2237 -0.9697
Y 0.2874 0.9393 -0.1876
Z 0.9528 -0.2603 0.1565

PART 48
OFFSET 3.5588 -185.8577 34.1815
SCALE 1 1 1
X 0.2748 0.5189 -0.8095
Y 0.1295 0.8142 0.5659
Z 0.9528 -0.2603 0.1565

PART 49
OFFSET 3.8259 -185.3533 33.3948
SCALE 1 1 1
X 0.3037 0.8184 -0.4879
Y -0.0011 0.5124 0.8588
Z 0.9528 -0.2603 0.1565

PART 50
OFFSET 4.4036 -185.7114 35.9448
SCALE 1 1 1
X 0.2089 0.1203 -0.9705
Y 0.0191 0.9917 0.1270
Z 0.9777 -0.0451 0.2049

PART 51
OFFSET 4.7913 -185.4883 34.1440
SCALE 1 1 1
X 0.1002 0.9585 -0.2669
Y -0.1844 0.2815 0.9417
Z 0.9777 -0.0451 0.2049

PART 52
OFFSET 4.9017 -184.4324 33.8500
SCALE 1 1 1
X 0.0204 0.9924 0.1212
Y -0.2088 -0.1143 0.9713
Z 0.9777 -0.0451 0.2049

PART 53
OFFSET 5.4252 -185.6027 36.2811
SCALE 1 1 1
X 0.2085 0.2263 -0.9515
Y -0.0863 0.9733 0.2126
Z 0.9742 0.0377 0.2225

PART 54
OFFSET 5.7760 -185.2219 34.6805
SCALE 1 1 1
X 0.0364 0.9468 -0.3198
Y -0.2227 0.3197 0.9210
Z 0.9742 0.0377 0.2225

PART 55
OFFSET 5.8103 -184.3292 34.3790
SCALE 1 1 1
X -0.0417 0.9990 0.0132
Y -0.2218 -0.0222 0.9748
Z 0.9742 0.0377 0.2225

PART 56
OFFSET 6.3141 -185.3665 36.5868
SCALE 1 1 1
X 0.1977 0.3136 -0.9288
Y -0.0459 0.9494 0.3108
Z 0.9792 -0.0188 0.2020

PART 57
OFFSET 6.5510 -184.9906 35.4734
SCALE 1 1 1
X 0.0835 0.9448 -0.3168
Y -0.1849 0.3271 0.9267
Z 0.9792 -0.0188 0.2020

PART 58
OFFSET 6.6087 -184.3381 35.2547
SCALE 1 1 1
X -0.0238 0.9782 0.2065
Y -0.2015 -0.2070 0.9574
Z 0.9792 -0.0188 0.2020

PART 59
OFFSET -9.6537 -195.7168 42.3065
SCALE 1 1 1
X -0.5729 0.4370 -0.6934
Y -0.4790 -0.8650 -0.1495
Z -0.6651 0.2465 0.7049

PART 60
OFFSET 5.1519 -169.6782 52.3487
SCALE 1 1 1
X 0.3222 -0.6405 -0.6971
Y 0.8711 0.4889 -0.0466
Z 0.3707 -0.5922 0.7154

PART 61
OFFSET 5.8933 -171.6330 53.3542
SCALE 1 1 1
X 0.1499 -0.4222 0.8940
Y 0.7221 0.6644 0.1927
Z -0.6754 0.6167 0.4044

PART 62
OFFSET 9.4372 -176.9453 44.5601
SCALE 1 1 1
X -0.4068 -0.6932 -0.5950
Y 0.9013 -0.1984 -0.3851
Z 0.1489 -0.6929 0.7055

PART 63
OFFSET 2.6554 -168.1778 45.8054
SCALE 1 1 1
X 0.9525 -0.2740 0.1331
Y 0.2502 0.9529 0.1716
Z -0.1738 -0.1302 0.9761

PART 64
OFFSET -4.8442 -166.0199 44.7573
SCALE 1 1 1
X 0.9525 -0.2740 0.1331
Y -0.2502 -0.9529 -0.1716
Z 0.1738 0.1302 -0.9761

PART 65
OFFSET -3.0310 -166.8118 49.5452
SCALE 1 1 1
X 0.9613 -0.2746 0.0220
Y -0.2746 -0.9616 -0.0033
Z 0.0220 -0.0029 -0.9998

PART 66
OFFSET -9.1720 -165.0578 49.4048
SCALE 1 1 1
X 0.2340 0.6162 0.7520
Y 0.1423 -0.7868 0.6005
Z 0.9618 -0.0335 -0.2718

PART 67
OFFSET -12.1488 -171.9685 40.3839
SCALE 1 1 1
X -0.0235 0.9862 -0.1638
Y 0.2683 0.1641 0.9493
Z 0.9630 -0.0216 -0.2685

PART 68
OFFSET -11.9771 -179.1672 41.5793
SCALE 1 1 1
X -0.0235 0.9862 -0.1638
Y 0.5568 0.1490 0.8172
Z 0.8303 -0.0720 -0.5526

PART 69
OFFSET -11.7235 -182.0043 42.0508
SCALE 1 1 1
X 0.0905 0.8704 0.4839
Y -0.8620 -0.1750 0.4758
Z 0.4988 -0.4602 0.7344

PART 70
OFFSET -11.4773 -183.0813 42.2965
SCALE 1 1 1
X -0.8703 0.4906 0.0429
Y 0.3289 0.5142 0.7921
Z 0.3666 0.7035 -0.6088

PART 71
OFFSET -9.3833 -184.2617 42.1931
SCALE 1 1 1
X -0.6838 0.6475 0.3365
Y 0.6309 0.2929 0.7184
Z 0.3666 0.7035 -0.6088

PART 72
OFFSET -8.5665 -185.0352 41.7911
SCALE 1 1 1
X -0.3900 0.7103 0.5860
Y 0.8447 0.0226 0.5348
Z 0.3666 0.7035 -0.6088

PART 73
OFFSET -11.4342 -185.7764 41.6843
SCALE 1 1 1
X -0.2640 0.8499 0.4560
Y -0.7329 -0.4841 0.4780
Z 0.6270 -0.2080 0.7507

PART 74
OFFSET -11.0249 -187.0941 40.9772
SCALE 1 1 1
X -0.7101 0.2437 0.6606
Y -0.3204 -0.9473 0.0051
Z 0.6270 -0.2080 0.7507

PART 75
OFFSET -10.3347 -187.3311 40.3352
SCALE 1 1 1
X -0.7789 -0.1868 0.5987
Y 0.0157 -0.9601 -0.2792
Z 0.6270 -0.2080 0.7507

PART 76
OFFSET -12.0806 -185.4428 40.9274
SCALE 1 1 1
X -0.4971 0.6193 0.6078
Y -0.7166 -0.6879 0.1148
Z 0.4892 -0.3785 0.7857

PART 77
OFFSET -11.1582 -186.5918 39.7993
SCALE 1 1 1
X -0.8547 -0.3872 0.3457
Y 0.1733 -0.8407 -0.5129
Z 0.4892 -0.3785 0.7857

PART 78
OFFSET -10.2167 -186.1654 39.4186
SCALE 1 1 1
X -0.7196 -0.6842 0.1185
Y 0.4928 -0.6234 -0.6071
Z 0.4892 -0.3785 0.7857

PART 79
OFFSET -12.5283 -184.8616 40.1336
SCALE 1 1 1
X -0.5719 0.5421 0.6156
Y -0.6980 -0.7159 -0.0180
Z 0.4310 -0.4400 0.7878

PART 80
OFFSET -11.5661 -185.7735 39.0977
SCALE 1 1 1
X -0.8945 -0.3235 0.3086
Y 0.1191 -0.8377 -0.5330
Z 0.4310 -0.4400 0.7878

PART 81
OFFSET -10.7227 -185.4685 38.8068
SCALE 1 1 1
X -0.8003 -0.5897 0.1085
Y 0.4168 -0.6773 -0.6063
Z 0.4310 -0.4400 0.7878

PART 82
OFFSET -9.6537 -195.7167 42.3063
SCALE 1 1 1
X -0.0172 0.9532 0.3020
Y -0.9391 0.0883 -0.3321
Z -0.3432 -0.2893 0.8936

PART 83
OFFSET -12.8121 -184.2623 39.4266
SCALE 1 1 1
X -0.6338 0.4760 0.6097
Y -0.6162 -0.7872 -0.0261
Z 0.4675 -0.3922 0.7922

PART 84
OFFSET -12.0523 -184.8329 38.6958
SCALE 1 1 1
X -0.8744 -0.3367 0.3493
Y 0.1297 -0.8560 -0.5004
Z 0.4675 -0.3922 0.7922

PART 85
OFFSET -11.4484 -184.6004 38.4544
SCALE 1 1 1
X -0.6823 -0.7299 0.0413
Y 0.5620 -0.5599 -0.6089
Z 0.4675 -0.3922 0.7922

PART 86
OFFSET -9.6537 -195.7167 42.3063
SCALE 1 1 1
X 0.5695 -0.2269 -0.7901
Y -0.2277 0.8800 -0.4168
Z 0.7899 0.4172 0.4495

PART 87
OFFSET -9.2694 -165.3144 49.0917
SCALE 1 1 1
X 0.2340 0.6162 0.7520
Y 0.1273 -0.7862 0.6047
Z 0.9639 -0.0457 -0.2625

PART 88
OFFSET -11.4829 -165.9833 49.2782
SCALE 1 1 1
X -0.8665 0.1738 0.4680
Y -0.0166 -0.9469 0.3210
Z 0.4990 0.2704 0.8234

PART 89
OFFSET -12.2867 -172.0984 39.9120
SCALE 1 1 1
X 0.0727 0.9881 0.1353
Y 0.2641 -0.1499 0.9528
Z 0.9618 -0.0335 -0.2718

PART 90
OFFSET -1.8665 -165.1171 54.8891
SCALE 1 1 1
X 0.9525 -0.2740 0.1331
Y 0.2509 0.9534 0.1673
Z -0.1727 -0.1260 0.9769

PART 91
OFFSET -3.3661 -171.6738 52.1194
SCALE 1 1 1
X -0.9525 0.2740 -0.1331
Y -0.2417 -0.9457 -0.2174
Z -0.1854 -0.1749 0.9670

PART 92
OFFSET -10.3655 -189.2854 41.6984
SCALE 1 1 1
X 0.3181 0.6172 0.7197
Y 0.3237 -0.7842 0.5294
Z 0.8911 0.0646 -0.4492

PART 93
OFFSET -11.6697 -201.2180 40.0715
SCALE 1 1 1
X -0.0374 -0.9974 -0.0608
Y 0.7240 0.0149 -0.6897
Z 0.6888 -0.0698 0.7215

PART 94
OFFSET 5.5073 -168.4866 32.0454
SCALE 1 1 1
X -0.0417 -0.2717 -0.9615
Y 0.0205 -0.9624 0.2710
Z -0.9989 -0.0084 0.0457

PART 95
OFFSET 4.7763 -173.2445 15.2072
SCALE 1 1 1
X -0.0327 0.8256 -0.5634
Y -0.0330 -0.5643 -0.8249
Z -0.9989 -0.0084 0.0457

PART 96
OFFSET 4.2799 -160.7245 6.6633
SCALE 1 1 1
X -0.0274 0.3415 -0.9395
Y 0.2079 -0.9173 -0.3395
Z -0.9778 -0.2047 -0.0458

PART 97
OFFSET 5.3780 -164.2597 0.5619
SCALE 1 1 1
X 0.2083 -0.9741 -0.0878
Y -0.0254 -0.0951 0.9951
Z -0.9777 -0.2051 -0.0445

PART 98
OFFSET 4.7515 -174.0332 14.5193
SCALE 1 1 1
X 0.0348 -0.4295 0.9024
Y -0.0110 -0.9030 -0.4294
Z 0.9993 0.0050 -0.0361

PART 99
OFFSET 4.7704 -174.8112 14.7892
SCALE 1 1 1
X -0.0424 0.5687 -0.8215
Y -0.0191 -0.8225 -0.5684
Z -0.9989 -0.0084 0.0457

PART 100
OFFSET 4.8656 -175.4339 16.7553
SCALE 1 1 1
X -0.0443 -0.1243 -0.9913
Y 0.0140 -0.9922 0.1237
Z -0.9989 -0.0084 0.0457

PART 101
OFFSET 5.3759 -169.3423 29.0171
SCALE 1 1 1
X -0.0417 -0.2717 -0.9615
Y -0.2195 -0.9363 0.2741
Z -0.9747 0.2225 -0.0205

PART 102
OFFSET 5.0960 -171.9495 22.4102
SCALE 1 1 1
X 0.0239 0.2714 0.9622
Y 0.1669 0.9479 -0.2715
Z -0.9857 0.1671 -0.0227

PART 103
OFFSET 4.8136 -168.6953 16.7645
SCALE 1 1 1
X 0.0239 0.2714 0.9622
Y -0.0302 0.9622 -0.2707
Z -0.9993 -0.0226 0.0312

PART 104
OFFSET -3.9584 -166.7574 30.5804
SCALE 1 1 1
X 0.3200 0.8009 0.5061
Y -0.0363 0.5441 -0.8382
Z -0.9467 0.2499 0.2032

PART 105
OFFSET -9.5624 -180.7840 21.7178
SCALE 1 1 1
X -0.0344 -0.7059 0.7075
Y 0.3202 0.6628 0.6769
Z -0.9467 0.2498 0.2032

PART 106
OFFSET -9.0406 -170.0791 10.9879
SCALE 1 1 1
X -0.0799 -0.3043 0.9492
Y 0.2676 0.9108 0.3145
Z -0.9602 0.2791 0.0086

PART 107
OFFSET -10.2320 -173.7397 4.9787
SCALE 1 1 1
X 0.2780 0.9525 0.1244
Y 0.0268 0.1218 -0.9922
Z -0.9602 0.2792 0.0083

PART 108
OFFSET -9.7519 -181.3171 21.4338
SCALE 1 1 1
X -0.1868 0.1253 -0.9744
Y 0.2684 0.9606 0.0720
Z 0.9450 -0.2480 -0.2131

PART 109
OFFSET -9.2659 -181.6747 24.1943
SCALE 1 1 1
X -0.3321 -0.7051 -0.6265
Y 0.0030 -0.6650 0.7469
Z -0.9432 0.2462 0.2229

PART 110
OFFSET -9.8410 -182.7450 22.8308
SCALE 1 1 1
X -0.1682 0.2247 -0.9598
Y -0.2864 -0.9428 -0.1705
Z -0.9432 0.2462 0.2229

PART 111
OFFSET -4.9663 -169.2800 28.9865
SCALE 1 1 1
X 0.3200 0.8009 0.5061
Y 0.2187 0.4573 -0.8620
Z -0.9218 0.3865 -0.0288

PART 112
OFFSET -6.7128 -174.4496 24.2973
SCALE 1 1 1
X 0.2551 0.7748 0.5784
Y 0.2166 0.5372 -0.8152
Z -0.9423 0.3332 -0.0308

PART 113
OFFSET -7.8392 -173.8573 21.4210
SCALE 1 1 1
X 0.3200 0.8009 0.5061
Y -0.0363 0.5441 -0.8382
Z -0.9467 0.2499 0.2032

PART 114
OFFSET 4.1631 -171.9620 36.1878
SCALE 1 1 1
X 0.0761 -0.3685 -0.9265
Y -0.2175 -0.9129 0.3453
Z -0.9731 0.1752 -0.1496

PART 115
OFFSET -4.4797 -169.7160 35.0133
SCALE 1 1 1
X 0.1220 0.5843 0.8023
Y -0.0055 0.8088 -0.5881
Z -0.9925 0.0673 0.1019

PART 116
OFFSET -2.6655 -162.0523 32.3358
SCALE 1 1 1
X 0.0185 0.4863 0.8736
Y 0.2314 0.8479 -0.4769
Z -0.9727 0.2110 -0.0969

PART 117
OFFSET 6.0574 -163.6888 33.7143
SCALE 1 1 1
X 0.0865 -0.3240 -0.9421
Y -0.2136 -0.9297 0.3001
Z -0.9731 0.1752 -0.1496

PART 118
OFFSET -0.5566 -169.8830 -0.0001
SCALE 1 1 1
X 0.0000 1.0000 -0.0000
Y -1.0000 0.0000 0.0000
Z 0.0000 0.0000 1.0000


FRAME 25
PART 0
OFFSET -1.2622 -172.1455 -0.0001
SCALE 1 1 1
X -0.0000 -1.0000 -0.0000
Y 1.0000 -0.0000 0.0000
Z -0.0000 -0.0000 1.0000

PART 1
OFFSET 0.8572 -171.2014 31.8921
SCALE 1 1 1
X -0.0965 0.4876 0.8677
Y -0.1046 -0.8719 0.4784
Z 0.9898 -0.0446 0.1352

PART 2
OFFSET 0.3343 -168.8393 36.4995
SCALE 1 1 1
X -0.1415 0.0613 0.9880
Y -0.0854 -0.9951 0.0495
Z 0.9862 -0.0774 0.1460

PART 3
OFFSET -0.4186 -168.6922 41.6627
SCALE 1 1 1
X -0.2079 0.0015 0.9781
Y -0.1470 -0.9887 -0.0297
Z 0.9670 -0.1500 0.2058

PART 4
OFFSET -1.2696 -168.6660 45.6805
SCALE 1 1 1
X -0.2118 -0.0249 0.9770
Y -0.1414 -0.9884 -0.0558
Z 0.9670 -0.1500 0.2058

PART 5
OFFSET -3.1525 -169.0207 54.2695
SCALE 1 1 1
X -0.2417 -0.2856 0.9274
Y 0.2512 -0.9415 -0.2245
Z 0.9373 0.1787 0.2993

PART 6
OFFSET -4.5111 -169.9368 56.8861
SCALE 1 1 1
X -0.5352 -0.3769 0.7560
Y 0.2273 -0.9262 -0.3009
Z 0.8136 0.0108 0.5814

PART 7
OFFSET -5.6856 -174.3763 58.6120
SCALE 1 1 1
X -0.0959 -0.9837 0.1524
Y 0.8136 0.0108 0.5813
Z -0.5735 0.1797 0.7993

PART 8
OFFSET -7.9898 -172.0676 61.7930
SCALE 1 1 1
X -0.5352 -0.3769 0.7560
Y 0.2273 -0.9262 -0.3009
Z 0.8136 0.0108 0.5814

PART 9
OFFSET -9.2094 -171.4895 63.4891
SCALE 1 1 1
X 0.0810 -0.9922 -0.0950
Y 0.8136 0.0108 0.5813
Z -0.5758 -0.1244 0.8081

PART 10
OFFSET -4.5576 -171.0994 56.9728
SCALE 1 1 1
X 0.8136 0.0108 0.5814
Y -0.1060 0.9858 0.1302
Z -0.5717 -0.1676 0.8032

PART 11
OFFSET -2.9822 -173.9633 54.8210
SCALE 1 1 1
X 0.8136 0.0108 0.5814
Y -0.1060 0.9858 0.1302
Z -0.5717 -0.1676 0.8032

PART 12
OFFSET -3.4167 -174.9514 56.2535
SCALE 1 1 1
X 0.8136 0.0108 0.5814
Y -0.1060 0.9858 0.1302
Z -0.5717 -0.1676 0.8032

PART 13
OFFSET -4.1793 -174.9615 55.7085
SCALE 1 1 1
X 0.8136 0.0108 0.5814
Y 0.1060 -0.9858 -0.1302
Z 0.5717 0.1676 -0.8032

PART 14
OFFSET -3.0197 -174.5560 56.6635
SCALE 1 1 1
X 0.8136 0.0108 0.5814
Y -0.1060 0.9858 0.1302
Z -0.5717 -0.1676 0.8032

PART 15
OFFSET -3.5501 -175.0909 56.4229
SCALE 1 1 1
X 0.8136 0.0108 0.5814
Y -0.1060 0.9858 0.1302
Z -0.5717 -0.1676 0.8032

PART 16
OFFSET -4.2938 -175.1007 55.8912
SCALE 1 1 1
X 0.8136 0.0108 0.5814
Y 0.1060 -0.9858 -0.1302
Z 0.5717 0.1676 -0.8032

PART 17
OFFSET -3.7513 -174.6232 58.4890
SCALE 1 1 1
X 0.8136 0.0108 0.5814
Y -0.1060 0.9858 0.1302
Z -0.5717 -0.1676 0.8032

PART 18
OFFSET -6.1914 -174.6554 56.7453
SCALE 1 1 1
X 0.8136 0.0108 0.5814
Y 0.1060 -0.9858 -0.1302
Z 0.5717 0.1676 -0.8032

PART 19
OFFSET -5.1968 -175.2064 57.1795
SCALE 1 1 1
X 0.8136 0.0108 0.5814
Y 0.1060 -0.9858 -0.1302
Z 0.5717 0.1676 -0.8032

PART 20
OFFSET -4.4103 -175.1959 57.7414
SCALE 1 1 1
X 0.8136 0.0108 0.5814
Y -0.1060 0.9858 0.1302
Z -0.5717 -0.1676 0.8032

PART 21
OFFSET -4.7026 -174.5782 55.4608
SCALE 1 1 1
X 0.8136 0.0108 0.5814
Y 0.1060 -0.9858 -0.1302
Z 0.5717 0.1676 -0.8032

PART 22
OFFSET -4.7626 -175.4722 59.7111
SCALE 1 1 1
X 0.8136 0.0108 0.5814
Y -0.1060 0.9858 0.1302
Z -0.5717 -0.1676 0.8032

PART 23
OFFSET -7.0051 -175.5018 58.1088
SCALE 1 1 1
X 0.8136 0.0108 0.5814
Y 0.1060 -0.9858 -0.1302
Z 0.5717 0.1676 -0.8032

PART 24
OFFSET -4.6406 -173.9879 59.4171
SCALE 1 1 1
X 0.7806 0.0675 0.6214
Y -0.1604 0.9825 0.0947
Z -0.6042 -0.1736 0.7777

PART 25
OFFSET -4.5927 -173.9696 59.3517
SCALE 1 1 1
X 0.7806 0.0675 0.6214
Y -0.1604 0.9825 0.0947
Z -0.6042 -0.1736 0.7777

PART 26
OFFSET -6.7465 -173.9981 57.8128
SCALE 1 1 1
X 0.8418 -0.0461 0.5378
Y 0.0548 -0.9839 -0.1701
Z 0.5370 0.1727 -0.8257

PART 27
OFFSET -6.7926 -174.0163 57.8796
SCALE 1 1 1
X 0.8418 -0.0461 0.5378
Y 0.0548 -0.9839 -0.1701
Z 0.5370 0.1727 -0.8257

PART 28
OFFSET -6.6765 -174.0154 57.8923
SCALE 1 1 1
X 0.8179 -0.1944 0.5416
Y -0.0654 -0.9665 -0.2482
Z 0.5717 0.1676 -0.8032

PART 29
OFFSET -7.1192 -165.8519 60.4605
SCALE 1 1 1
X 0.5285 0.4020 -0.7477
Y -0.2417 0.9156 0.3214
Z 0.8138 0.0109 0.5811

PART 30
OFFSET -4.6905 -173.9893 59.3120
SCALE 1 1 1
X 0.7738 0.2155 0.5957
Y -0.2729 0.9620 0.0065
Z -0.5717 -0.1676 0.8032

PART 31
OFFSET -6.7436 -177.0186 60.1405
SCALE 1 1 1
X 0.2273 -0.9262 -0.3009
Y 0.5352 0.3769 -0.7560
Z 0.8136 0.0108 0.5814

PART 32
OFFSET -7.9849 -176.5493 61.8690
SCALE 1 1 1
X 0.5352 0.3769 -0.7560
Y -0.2273 0.9262 0.3009
Z 0.8136 0.0108 0.5814

PART 33
OFFSET -2.1146 -170.5779 58.0206
SCALE 1 1 1
X 0.8136 0.0108 0.5814
Y 0.1060 -0.9858 -0.1302
Z 0.5717 0.1676 -0.8032

PART 34
OFFSET -6.3491 -170.6338 54.9948
SCALE 1 1 1
X 0.8136 0.0108 0.5814
Y -0.1060 0.9858 0.1302
Z -0.5717 -0.1676 0.8032

PART 35
OFFSET -5.7329 -174.7469 58.6850
SCALE 1 1 1
X 0.8136 0.0108 0.5814
Y -0.1060 0.9858 0.1302
